  2.882863440079936E-005
  5.928510763948614E-006
  4.621994489217625E-006
  2.970255465673848E-006
  1.646458970956994E-006
  1.200000017881393E-006
  1.200000017881393E-006
  1.200000017881393E-006
  1.200000017881393E-006
  1.200000017881393E-006
  1.200000017881393E-006
  1.200000017881393E-006
  1.200000017881393E-006
  1.200000017881393E-006
  1.200000017881393E-006
  1.200000017881393E-006
  1.200000017881393E-006
  1.200000017881393E-006
  1.200000017881393E-006
  1.200000017881393E-006
  1.200000017881393E-006
  1.200000017881393E-006
  1.200000017881393E-006
  1.200000017881393E-006
  1.200000017881393E-006
  1.200000017881393E-006
  1.200000017881393E-006
  1.200000017881393E-006
  1.200000017881393E-006
  1.200000017881393E-006
  1.200000017881393E-006
  1.200000017881393E-006
  1.200000017881393E-006
  1.200000017881393E-006
  1.200000017881393E-006
  1.200000017881393E-006
  1.200000017881393E-006
  1.200000017881393E-006
  1.200000017881393E-006
  1.200000017881393E-006
  1.200000017881393E-006
  1.200000017881393E-006
  1.200000017881393E-006
  1.200000017881393E-006
  1.200000017881393E-006
  1.200000017881393E-006
  1.200000017881393E-006
  1.200000017881393E-006
  1.200000017881393E-006
  1.200000017881393E-006
  1.200000017881393E-006
  1.200000017881393E-006
  1.200000017881393E-006
  1.200000017881393E-006
  1.200000017881393E-006
  1.200000017881393E-006
  1.200000017881393E-006
  1.200000017881393E-006
  1.200000017881393E-006
  1.200000017881393E-006
  1.200000017881393E-006
  1.200000017881393E-006
  1.200000017881393E-006
  1.200000017881393E-006
  1.200000017881393E-006
  1.200000017881393E-006
  1.200000017881393E-006
  1.200000017881393E-006
  1.200000017881393E-006
  1.200000017881393E-006
  1.200000017881393E-006
  1.200000017881393E-006
  1.200000017881393E-006
  1.200000017881393E-006
  1.200000017881393E-006
  1.200000017881393E-006
  1.200000017881393E-006
  1.200000017881393E-006
  1.200000017881393E-006
  1.200000017881393E-006
  1.200000017881393E-006
  1.200000017881393E-006
  1.200000017881393E-006
  1.200000017881393E-006
  1.200000017881393E-006
  1.200000017881393E-006
  1.200000017881393E-006
  1.200000017881393E-006
  1.200000017881393E-006
  1.200000017881393E-006
  1.200000017881393E-006
  1.200000017881393E-006
  1.200000017881393E-006
  1.200000017881393E-006
  1.200000017881393E-006
  1.200000017881393E-006
  1.200000017881393E-006
  1.200000017881393E-006
  1.200000017881393E-006
  1.200000017881393E-006
  1.200000017881393E-006
  1.200000017881393E-006
  1.200000017881393E-006
  1.200000017881393E-006
  1.200000017881393E-006
  1.200000017881393E-006
  1.200000017881393E-006
  1.200000017881393E-006
  1.200000017881393E-006
  1.200000017881393E-006
  1.200000017881393E-006
  1.200000017881393E-006
  1.200000017881393E-006
  1.200000017881393E-006
  1.200000017881393E-006
  1.200000017881393E-006
  1.200000017881393E-006
  1.200000017881393E-006
  1.200000017881393E-006
  1.200000017881393E-006
  1.200000017881393E-006
  1.200000017881393E-006
  1.200000017881393E-006
  1.200000017881393E-006
  1.200000017881393E-006
  1.200000017881393E-006
  1.200000017881393E-006
  1.200000017881393E-006
  1.200000017881393E-006
  1.200000017881393E-006
  1.200000017881393E-006
  1.200000017881393E-006
  1.200000017881393E-006
  1.200000017881393E-006
  1.200000017881393E-006
  1.200000017881393E-006
  1.200000017881393E-006
  1.200000017881393E-006
  1.200000017881393E-006
  1.200000017881393E-006
  1.200000017881393E-006
  1.200000017881393E-006
  1.200000017881393E-006
  1.200000017881393E-006
  1.200000017881393E-006
  1.200000017881393E-006
  1.200000017881393E-006
  1.200000017881393E-006
  1.200000017881393E-006
  1.200000017881393E-006
  1.200000017881393E-006
  1.200000017881393E-006
  1.200000017881393E-006
  1.200000017881393E-006
  1.200000017881393E-006
  1.200000017881393E-006
  1.200000017881393E-006
  1.200000017881393E-006
  1.200000017881393E-006
  1.200000017881393E-006
  1.200000017881393E-006
  1.200000017881393E-006
  1.200000017881393E-006
  1.200000017881393E-006
  1.200000017881393E-006
  1.200000017881393E-006
  1.200000017881393E-006
  1.200000017881393E-006
  1.200000017881393E-006
  1.200000017881393E-006
  1.200000017881393E-006
  1.200000017881393E-006
  1.200000017881393E-006
  1.200000017881393E-006
  1.200000017881393E-006
  1.200000017881393E-006
  1.200000017881393E-006
  1.200000017881393E-006
  1.200000017881393E-006
  1.200000017881393E-006
  1.200000017881393E-006
  1.200000017881393E-006
  1.200000017881393E-006
  1.200000017881393E-006
  1.200000017881393E-006
  1.200000017881393E-006
  1.200000017881393E-006
  1.200000017881393E-006
  1.200000017881393E-006
  1.200000017881393E-006
  1.200000017881393E-006
  1.200000017881393E-006
  1.200000017881393E-006
  1.200000017881393E-006
  1.200000017881393E-006
  1.200000017881393E-006
  1.200000017881393E-006
  1.200000017881393E-006
  1.200000017881393E-006
  1.200000017881393E-006
  1.200000017881393E-006
  1.200000017881393E-006
  1.200000017881393E-006
  1.200000017881393E-006
  1.200000017881393E-006
  1.200000017881393E-006
  1.200000017881393E-006
  1.200000017881393E-006
  1.200000017881393E-006
  1.200000017881393E-006
  1.200000017881393E-006
  1.200000017881393E-006
  1.200000017881393E-006
  1.200000017881393E-006
  1.200000017881393E-006
  1.200000017881393E-006
  1.200000017881393E-006
  1.200000017881393E-006
  1.200000017881393E-006
  1.200000017881393E-006
  1.200000017881393E-006
  1.200000017881393E-006
  1.200000017881393E-006
  1.200000017881393E-006
  1.200000017881393E-006
  1.200000017881393E-006
  1.200000017881393E-006
  1.200000017881393E-006
  1.200000017881393E-006
  1.200000017881393E-006
  1.200000017881393E-006
  1.200000017881393E-006
  1.200000017881393E-006
  1.200000017881393E-006
  1.200000017881393E-006
  1.200000017881393E-006
  1.200000017881393E-006
  1.200000017881393E-006
  1.200000017881393E-006
  1.200000017881393E-006
  1.200000017881393E-006
  1.200000017881393E-006
  1.200000017881393E-006
  1.200000017881393E-006
  1.200000017881393E-006
  1.200000017881393E-006
  1.200000017881393E-006
  1.200000017881393E-006
  1.200000017881393E-006
  1.200000017881393E-006
  1.200000017881393E-006
  1.200000017881393E-006
  1.200000017881393E-006
  1.200000017881393E-006
  1.200000017881393E-006
  1.200000017881393E-006
  1.200000017881393E-006
  1.200000017881393E-006
  1.200000017881393E-006
  1.200000017881393E-006
  1.200000017881393E-006
  1.200000017881393E-006
  1.200000017881393E-006
  1.200000017881393E-006
  1.200000017881393E-006
  1.200000017881393E-006
  1.200000017881393E-006
  1.200000017881393E-006
  1.200000017881393E-006
  1.200000017881393E-006
  1.200000017881393E-006
  1.200000017881393E-006
  1.200000017881393E-006
  1.200000017881393E-006
  1.200000017881393E-006
  1.200000017881393E-006
  1.200000017881393E-006
  1.200000017881393E-006
  1.200000017881393E-006
  1.200000017881393E-006
  1.200000017881393E-006
  1.200000017881393E-006
  1.200000017881393E-006
  1.200000017881393E-006
  1.200000017881393E-006
  1.200000017881393E-006
  1.200000017881393E-006
  1.200000017881393E-006
  1.200000017881393E-006
  1.200000017881393E-006
  1.200000017881393E-006
  1.200000017881393E-006
  1.200000017881393E-006
  1.200000017881393E-006
  1.200000017881393E-006
  1.200000017881393E-006
  1.200000017881393E-006
  1.200000017881393E-006
  1.200000017881393E-006
  1.200000017881393E-006
  1.200000017881393E-006
  1.200000017881393E-006
  1.200000017881393E-006
  1.200000017881393E-006
  1.200000017881393E-006
  1.200000017881393E-006
  1.200000017881393E-006
  1.200000017881393E-006
  1.200000017881393E-006
  1.200000017881393E-006
  1.200000017881393E-006
  1.200000017881393E-006
  1.200000017881393E-006
  1.200000017881393E-006
  1.200000017881393E-006
  1.200000017881393E-006
  1.200000017881393E-006
  1.200000017881393E-006
  1.200000017881393E-006
  1.200000017881393E-006
  1.200000017881393E-006
  1.200000017881393E-006
  1.200000017881393E-006
  1.200000017881393E-006
  1.200000017881393E-006
  1.200000017881393E-006
  1.200000017881393E-006
  1.200000017881393E-006
  1.200000017881393E-006
  1.200000017881393E-006
  1.200000017881393E-006
  1.200000017881393E-006
  1.200000017881393E-006
  1.200000017881393E-006
  1.200000017881393E-006
  1.200000017881393E-006
  1.200000017881393E-006
  1.200000017881393E-006
  1.200000017881393E-006
  1.200000017881393E-006
  1.200000017881393E-006
  1.200000017881393E-006
  1.200000017881393E-006
  1.200000017881393E-006
  1.200000017881393E-006
  1.200000017881393E-006
  1.200000017881393E-006
  1.200000017881393E-006
  1.200000017881393E-006
  1.200000017881393E-006
  1.200000017881393E-006
  1.200000017881393E-006
  1.200000017881393E-006
  1.200000017881393E-006
  1.200000017881393E-006
  1.200000017881393E-006
  1.200000017881393E-006
  1.200000017881393E-006
  1.200000017881393E-006
  1.200000017881393E-006
  1.200000017881393E-006
  1.200000017881393E-006
  1.200000017881393E-006
  1.200000017881393E-006
  1.200000017881393E-006
  1.200000017881393E-006
  1.200000017881393E-006
  1.200000017881393E-006
  1.200000017881393E-006
  1.200000017881393E-006
  1.200000017881393E-006
  1.200000017881393E-006
  1.200000017881393E-006
  1.200000017881393E-006
  1.200000017881393E-006
  1.200000017881393E-006
  1.200000017881393E-006
  1.200000017881393E-006
  1.200000017881393E-006
  1.200000017881393E-006
  1.200000017881393E-006
  1.200000017881393E-006
  1.200000017881393E-006
  1.200000017881393E-006
  1.200000017881393E-006
  1.200000017881393E-006
  1.200000017881393E-006
  1.200000017881393E-006
  1.200000017881393E-006
  1.200000017881393E-006
  1.200000017881393E-006
  1.200000017881393E-006
  1.200000017881393E-006
  1.200000017881393E-006
  1.200000017881393E-006
  1.200000017881393E-006
  1.200000017881393E-006
  1.200000017881393E-006
  1.200000017881393E-006
  1.200000017881393E-006
  1.200000017881393E-006
  1.200000017881393E-006
  1.200000017881393E-006
  1.200000017881393E-006
  1.200000017881393E-006
  1.200000017881393E-006
  1.200000017881393E-006
  1.200000017881393E-006
  1.200000017881393E-006
  1.200000017881393E-006
  1.200000017881393E-006
  1.200000017881393E-006
  1.200000017881393E-006
  1.200000017881393E-006
  1.200000017881393E-006
  1.200000017881393E-006
  1.200000017881393E-006
  1.200000017881393E-006
  1.200000017881393E-006
  1.200000017881393E-006
  1.200000017881393E-006
  1.200000017881393E-006
  1.200000017881393E-006
  1.200000017881393E-006
  1.200000017881393E-006
  1.200000017881393E-006
  1.200000017881393E-006
  1.200000017881393E-006
  1.200000017881393E-006
  1.200000017881393E-006
  1.200000017881393E-006
  1.200000017881393E-006
  1.200000017881393E-006
  1.200000017881393E-006
  1.200000017881393E-006
  1.200000017881393E-006
  1.200000017881393E-006
  1.200000017881393E-006
  1.200000017881393E-006
  1.200000017881393E-006
  1.200000017881393E-006
  1.200000017881393E-006
  1.200000017881393E-006
  1.200000017881393E-006
  1.200000017881393E-006
  1.200000017881393E-006
  1.200000017881393E-006
  1.200000017881393E-006
  1.200000017881393E-006
  1.200000017881393E-006
  1.200000017881393E-006
  1.200000017881393E-006
  1.200000017881393E-006
  1.200000017881393E-006
  1.200000017881393E-006
  1.200000017881393E-006
  1.200000017881393E-006
  1.200000017881393E-006
  1.200000017881393E-006
  1.200000017881393E-006
  1.200000017881393E-006
  1.200000017881393E-006
  1.200000017881393E-006
  1.200000017881393E-006
  1.200000017881393E-006
  1.200000017881393E-006
  1.200000017881393E-006
  1.200000017881393E-006
  1.200000017881393E-006
  1.200000017881393E-006
  1.200000017881393E-006
  1.200000017881393E-006
  1.200000017881393E-006
  1.200000017881393E-006
  1.200000017881393E-006
  1.200000017881393E-006
  1.200000017881393E-006
  1.200000017881393E-006
  1.200000017881393E-006
  1.200000017881393E-006
  1.200000017881393E-006
  1.200000017881393E-006
  1.200000017881393E-006
  1.200000017881393E-006
  1.200000017881393E-006
  1.200000017881393E-006
  1.200000017881393E-006
  1.200000017881393E-006
  1.200000017881393E-006
  1.200000017881393E-006
  1.200000017881393E-006
  1.200000017881393E-006
  1.200000017881393E-006
  1.200000017881393E-006
  1.200000017881393E-006
  1.200000017881393E-006
  1.200000017881393E-006
  1.200000017881393E-006
  1.200000017881393E-006
  1.200000017881393E-006
  1.200000017881393E-006
  1.200000017881393E-006
  1.200000017881393E-006
  1.200000017881393E-006
  1.200000017881393E-006
  1.200000017881393E-006
  1.200000017881393E-006
  1.200000017881393E-006
  1.200000017881393E-006
  1.200000017881393E-006
  1.200000017881393E-006
  1.200000017881393E-006
  1.200000017881393E-006
  1.200000017881393E-006
  1.200000017881393E-006
  1.200000017881393E-006
  1.200000017881393E-006
  1.200000017881393E-006
  1.200000017881393E-006
  1.200000017881393E-006
  1.200000017881393E-006
  1.200000017881393E-006
  1.200000017881393E-006
  1.200000017881393E-006
  1.200000017881393E-006
  1.200000017881393E-006
  1.200000017881393E-006
  1.200000017881393E-006
  1.200000017881393E-006
  1.200000017881393E-006
  1.200000017881393E-006
  1.200000017881393E-006
  1.200000017881393E-006
  1.200000017881393E-006
  1.200000017881393E-006
  1.200000017881393E-006
  1.200000017881393E-006
  1.200000017881393E-006
  1.200000017881393E-006
  1.200000017881393E-006
  1.200000017881393E-006
  1.200000017881393E-006
  1.200000017881393E-006
  1.200000017881393E-006
  1.200000017881393E-006
  1.200000017881393E-006
  1.200000017881393E-006
  1.200000017881393E-006
  1.200000017881393E-006
  1.200000017881393E-006
  1.200000017881393E-006
  1.200000017881393E-006
  1.200000017881393E-006
  1.200000017881393E-006
  1.200000017881393E-006
  1.200000017881393E-006
  1.200000017881393E-006
  1.200000017881393E-006
  1.200000017881393E-006
  1.200000017881393E-006
  1.200000017881393E-006
  1.200000017881393E-006
  1.200000017881393E-006
  1.200000017881393E-006
  1.200000017881393E-006
  1.200000017881393E-006
  1.200000017881393E-006
  1.200000017881393E-006
  1.200000017881393E-006
  1.200000017881393E-006
  1.200000017881393E-006
  1.200000017881393E-006
  1.200000017881393E-006
  1.200000017881393E-006
  1.200000017881393E-006
  1.200000017881393E-006
  1.200000017881393E-006
  1.200000017881393E-006
  1.200000017881393E-006
  1.200000017881393E-006
  1.200000017881393E-006
  1.200000017881393E-006
  1.200000017881393E-006
  1.200000017881393E-006
  1.200000017881393E-006
  1.200000017881393E-006
  1.200000017881393E-006
  3.446689227972841E-008
  1.775714589682783E-007
  3.208903668479627E-007
  4.644225529406036E-007
  6.081669075071532E-007
  7.521212990200283E-007
  8.962840129243385E-007
  1.040652840805015E-006
  1.185225189290405E-006
  1.329999000298420E-006
  1.474971710722258E-006
  1.620141094607766E-006
  1.765504888743247E-006
  1.911060401338728E-006
  2.056805098677193E-006
  2.202736212522655E-006
  2.348851581651234E-006
  2.495148807099646E-006
  2.641624984335406E-006
  2.788277862133035E-006
  2.935104207825898E-006
  3.082102072146926E-006
  3.229268471019786E-006
  3.376601034700485E-006
  3.524096579610160E-006
  3.671752866475258E-006
  3.819567016817674E-006
  3.967536468174979E-006
  4.115658553388298E-006
  4.263930099941678E-006
  4.412348168186761E-006
  4.560910119117472E-006
  4.709613475284819E-006
  4.858455419082373E-006
  5.007432525195973E-006
  5.156542494242753E-006
  5.305782432095026E-006
  5.455148862002634E-006
  5.604639537844013E-006
  5.754251096034875E-006
  5.903980810130031E-006
  6.053825748933559E-006
  6.203782468917926E-006
  6.353848573954222E-006
  6.504020601399134E-006
  6.654295813126145E-006
  6.804671009136412E-006
  6.955143021028514E-006
  7.105709034504485E-006
  7.256365833114760E-006
  7.407110299507226E-006
  7.557939318766832E-006
  7.708849665731676E-006
  7.859838227174390E-006
  8.010901840145750E-006
  8.162037232360045E-006
  8.313241355335508E-006
  8.464511211788017E-006
  8.615843080008514E-006
  8.767234295499637E-006
  8.918680936483052E-006
  9.070180476592956E-006
  9.221729043977286E-006
  9.373323621204236E-006
  9.524960978158194E-006
  9.676637386979129E-006
  9.828350094441121E-006
  9.980095481356843E-006
  1.013187014024592E-005
  1.028367116804696E-005
  1.043549440202140E-005
  1.058733701466185E-005
  1.073919581130847E-005
  1.089106663218073E-005
  1.104294679554106E-005
  1.119483273407702E-005
  1.134672098386007E-005
  1.149860779622385E-005
  1.165049011803603E-005
  1.180236460203761E-005
  1.195422712859281E-005
  1.210607495651258E-005
  1.225790441049006E-005
  1.240971197350678E-005
  1.256149414112166E-005
  1.271324737478201E-005
  1.286496804770005E-005
  1.301665288623962E-005
  1.316829878074389E-005
  1.331990125580497E-005
  1.347145740562556E-005
  1.362296359738431E-005
  1.377441637869144E-005
  1.392581220742905E-005
  1.407714777853990E-005
  1.422841904788668E-005
  1.437962282167439E-005
  1.453075538693708E-005
  1.468181345513315E-005
  1.483279300813822E-005
  1.498369111061044E-005
  1.513450355297570E-005
  1.528522761793637E-005
  1.543585889174993E-005
  1.558639460837743E-005
  1.573683060013413E-005
  1.588716385609589E-005
  1.603739029339098E-005
  1.618750670287856E-005
  1.633750962933647E-005
  1.648739522907497E-005
  1.663716006053783E-005
  1.678680079802807E-005
  1.693631375222311E-005
  1.708569530275270E-005
  1.723494193594416E-005
  1.738405045652868E-005
  1.753301697143958E-005
  1.768183824222472E-005
  1.783051071272954E-005
  1.797903083751554E-005
  1.812739478457224E-005
  1.827559968926773E-005
  1.842364224865889E-005
  1.857151815335076E-005
  1.871922416302309E-005
  1.886675688876830E-005
  1.901411373568669E-005
  1.916129009204756E-005
  1.930828285117739E-005
  1.945508840982589E-005
  1.960170410148994E-005
  1.974812677538921E-005
  1.989435174338345E-005
  2.004037620785531E-005
  2.018619672071276E-005
  2.033180993436733E-005
  2.047721271992372E-005
  2.062240221985068E-005
  2.076737482643811E-005
  2.091212689838591E-005
  2.105665511512248E-005
  2.120095603928668E-005
  2.134502659994526E-005
  2.148886370378497E-005
  2.163246425888155E-005
  2.177582458900910E-005
  2.191894175895530E-005
  2.206181296358305E-005
  2.220443546810162E-005
  2.234680510276803E-005
  2.248891890896803E-005
  2.263077379684374E-005
  2.277236643547584E-005
  2.291369450304536E-005
  2.305475437283068E-005
  2.319554310534298E-005
  2.333605766525683E-005
  2.347629514175297E-005
  2.361625240163908E-005
  2.375592672089441E-005
  2.389531489808156E-005
  2.403441400557472E-005
  2.417322088807734E-005
  2.431173300314681E-005
  2.444994817458423E-005
  2.458786255808262E-005
  2.472547418577175E-005
  2.486277972633211E-005
  2.499977641276097E-005
  2.513646140478850E-005
  2.527283215343138E-005
  2.540888638042915E-005
  2.554462080901222E-005
  2.568003261649584E-005
  2.581511917571146E-005
  2.594987868347433E-005
  2.608430794034464E-005
  2.621840467318088E-005
  2.635216646526061E-005
  2.648559072670178E-005
  2.661867409810381E-005
  2.675141498987451E-005
  2.688381099481010E-005
  2.701585926668972E-005
  2.714755834689970E-005
  2.727890508641301E-005
  2.740989675132991E-005
  2.754053194529492E-005
  2.767080789268462E-005
  2.780072304845465E-005
  2.793027444065682E-005
  2.805946005828067E-005
  2.818827753487085E-005
  2.831672520733542E-005
  2.844480137567653E-005
  2.857250271737308E-005
  2.869982762406759E-005
  2.882677462466179E-005
  2.895334138642747E-005
  2.907952575775203E-005
  2.920532627513110E-005
  2.933074029593067E-005
  2.945576704900504E-005
  2.958040366475519E-005
  2.970464838764092E-005
  2.982850024657619E-005
  2.995195711612704E-005
  3.007501669957552E-005
  3.019767765967051E-005
  3.031993899524420E-005
  3.044179788401881E-005
  3.056325347341514E-005
  3.068430419110925E-005
  3.080494856145331E-005
  3.092518428226002E-005
  3.104501114480779E-005
  3.116442642734296E-005
  3.128342882706712E-005
  3.140201798159821E-005
  3.152019181836180E-005
  3.163794889839273E-005
  3.175528822061938E-005
  3.187220835773769E-005
  3.198870768977094E-005
  3.210478595076693E-005
  3.222044123646086E-005
  3.233567250182384E-005
  3.245047877974312E-005
  3.256485827183000E-005
  3.267881076119610E-005
  3.279233537290536E-005
  3.290542989292282E-005
  3.301809476654691E-005
  3.313032843905965E-005
  3.324212950711192E-005
  3.335349825929334E-005
  3.346443207835658E-005
  3.357493161263004E-005
  3.368499574280962E-005
  3.379462309205695E-005
  3.390381404906780E-005
  3.401256675613261E-005
  3.412088123030339E-005
  3.422875700236913E-005
  3.433619244905012E-005
  3.444318816602057E-005
  3.454974253425377E-005
  3.465585582698350E-005
  3.476152738754501E-005
  3.486675603429284E-005
  3.497154269349883E-005
  3.507588508636219E-005
  3.517978448471940E-005
  3.528323971561686E-005
  3.538625055322714E-005
  3.548881709262409E-005
  3.559093817209476E-005
  3.569261475730442E-005
  3.579384518711218E-005
  3.589463054869276E-005
  3.599496977497846E-005
  3.609486331839127E-005
  3.619431099003638E-005
  3.629331194036053E-005
  3.639186727484080E-005
  3.648997578065352E-005
  3.658763886415138E-005
  3.668485500978609E-005
  3.678162558771261E-005
  3.687794969967371E-005
  3.697382802198960E-005
  3.706926046871860E-005
  3.716424686990166E-005
  3.725878796138486E-005
  3.735288344545387E-005
  3.744653407631360E-005
  3.753973939310524E-005
  3.763250061946540E-005
  3.772481673266634E-005
  3.781668925030399E-005
  3.790811782666198E-005
  3.799910340587814E-005
  3.808964606904995E-005
  3.817974577087510E-005
  3.826940354030588E-005
  3.835861954009781E-005
  3.844739473057599E-005
  3.853572888240690E-005
  3.862362296511890E-005
  3.871107697515927E-005
  3.879809274240203E-005
  3.888466938316811E-005
  3.897080828621841E-005
  3.905650959146250E-005
  3.914177516251540E-005
  3.922660406925913E-005
  3.931099793348714E-005
  3.939495725320213E-005
  3.947848331617597E-005
  3.956157513107365E-005
  3.964423530581498E-005
  3.972646416597742E-005
  3.980826176298958E-005
  3.988962986227853E-005
  3.997056924796587E-005
  4.005107973764789E-005
  4.013116304662854E-005
  4.021082072716315E-005
  4.029005174688840E-005
  4.036885911621043E-005
  4.044724256786536E-005
  4.052520301699006E-005
  4.060274220074775E-005
  4.067986071845976E-005
  4.075655905239823E-005
  4.083283994777181E-005
  4.090870174858599E-005
  4.098414823169375E-005
  4.105917842317702E-005
  4.113379453315379E-005
  4.120799779540461E-005
  4.128178829741371E-005
  4.135516888487458E-005
  4.142813837115656E-005
  4.150070028173616E-005
  4.157285368030613E-005
  4.164460161167015E-005
  4.171594380939460E-005
  4.178688250788324E-005
  4.185741833255309E-005
  4.192755287411943E-005
  4.199728690884287E-005
  4.206662229533054E-005
  4.213555978338104E-005
  4.220410130256556E-005
  4.227224733656619E-005
  4.234000023876778E-005
  4.240735997297619E-005
  4.247432970633297E-005
  4.254090845795019E-005
  4.260710053809524E-005
  4.267290334368014E-005
  4.273832219105771E-005
  4.280335587370410E-005
  4.286800689591283E-005
  4.293227703321388E-005
  4.299616590537129E-005
  4.305967799810232E-005
  4.312281059786654E-005
  4.318556874903360E-005
  4.324795287646729E-005
  4.330996281853362E-005
  4.337160265093386E-005
  4.343287161415470E-005
  4.349377205882314E-005
  4.355430674877407E-005
  4.361447430342148E-005
  4.367427822597252E-005
  4.373372122673951E-005
  4.379280079951571E-005
  4.385152166287044E-005
  4.390988564567395E-005
  4.396789221355851E-005
  4.402554302140209E-005
  4.408284194074023E-005
  4.413979027338715E-005
  4.419638456770335E-005
  4.425263186055107E-005
  4.430853283165839E-005
  4.436408889353379E-005
  4.441929725198610E-005
  4.447416491978967E-005
  4.452869283844989E-005
  4.458288248959881E-005
  4.463673145079313E-005
  4.469024333552950E-005
  4.474342243875045E-005
  4.479626957928963E-005
  4.484878660000852E-005
  4.490097329412031E-005
  4.495282642671816E-005
  4.500435438762332E-005
  4.505555916372338E-005
  4.510644156675411E-005
  4.515700325604404E-005
  4.520724558705777E-005
  4.525716999257127E-005
  4.530677864004715E-005
  4.535607207243089E-005
  4.540504777677271E-005
  4.545370472190521E-005
  4.550205202570019E-005
  4.555009327199787E-005
  4.559782748828252E-005
  4.564525809151630E-005
  4.569238598490653E-005
  4.573921282068551E-005
  4.578573854944244E-005
  4.583196604717201E-005
  4.587789696040383E-005
  4.592353220731316E-005
  4.596887392300143E-005
  4.601392309675287E-005
  4.605867968026748E-005
  4.610314952449647E-005
  4.614733101517364E-005
  4.619122810342764E-005
  4.623483678696738E-005
  4.627816465176693E-005
  4.632121949249099E-005
  4.636397828014826E-005
  4.640637155210681E-005
  4.647073327549796E-005
  4.649042442184351E-005
  4.653229364455355E-005
  4.657366488637266E-005
  4.661478870946976E-005
  4.665562376478041E-005
  4.669620835405088E-005
  4.673651968847719E-005
  4.677656682795113E-005
  4.681634978185793E-005
  4.685587685587637E-005
  4.689514308246980E-005
  4.693415031300446E-005
  4.697290232021648E-005
  4.701139839125345E-005
  4.704964258206506E-005
  4.708763452876353E-005
  4.712537618238068E-005
  4.716286930926088E-005
  4.720011479925578E-005
  4.723711503612929E-005
  4.727387094881916E-005
  4.731038414624917E-005
  4.734665616282143E-005
  4.738268845848893E-005
  4.741848241727818E-005
  4.745404004007305E-005
  4.748936209358093E-005
  4.752445034140986E-005
  4.755930655790547E-005
  4.759393176643899E-005
  4.762832762401043E-005
  4.766249590973333E-005
  4.769643743992938E-005
  4.773015404699424E-005
  4.776364740314339E-005
  4.779691827623759E-005
  4.782996865992764E-005
  4.786280024603119E-005
  4.789541343326984E-005
  4.792781050879360E-005
  4.795999289958144E-005
  4.799196134559987E-005
  4.802371776570489E-005
  4.805526368159632E-005
  4.808659996924479E-005
  4.811772845804922E-005
  4.814865063617593E-005
  4.817936722614580E-005
  4.820988020121228E-005
  4.824019090558321E-005
  4.827030037510522E-005
  4.830021002401807E-005
  4.832992153163265E-005
  4.835943581841943E-005
  4.838875425999370E-005
  4.841787857361456E-005
  4.844680988741840E-005
  4.847554915422996E-005
  4.850409817995501E-005
  4.853245837531600E-005
  4.856063018369823E-005
  4.858861560200845E-005
  4.861641602349682E-005
  4.864403224092105E-005
  4.867146556553509E-005
  4.869871774582701E-005
  4.872578979910037E-005
  4.875268240448644E-005
  4.877939758073443E-005
  4.880593656186518E-005
  4.883229978976569E-005
  4.885848901849535E-005
  4.888450574135430E-005
  4.891035085844780E-005
  4.893602507302733E-005
  4.896153032536163E-005
  4.898686764818766E-005
  4.901203796060475E-005
  4.903704240699992E-005
  4.906188254602795E-005
  4.908655940703561E-005
  4.911107375482803E-005
  4.913542704874971E-005
  4.915962043377456E-005
  4.918365523545559E-005
  4.920753196897536E-005
  4.923125206270865E-005
  4.925481690075067E-005
  4.927822764964252E-005
  4.930148458575539E-005
  4.932458946260986E-005
  4.934754348415666E-005
  4.937034769802298E-005
  4.939300222321890E-005
  4.941550889445320E-005
  4.943786875992866E-005
  4.946008293613379E-005
  4.948215233463086E-005
  4.950407901594525E-005
  4.952586419047775E-005
  4.954750832863907E-005
  4.956901183331521E-005
  4.959037560648410E-005
  4.961160046154536E-005
  4.963268741697165E-005
  4.965363735868442E-005
  4.967445053877367E-005
  4.969512861263070E-005
  4.971567266870452E-005
  4.973608363086821E-005
  4.975636179298959E-005
  4.977650843550476E-005
  4.979652493163941E-005
  4.981641202066978E-005
  4.983617054211002E-005
  4.985580064210543E-005
  4.987530418274878E-005
  4.989468189071291E-005
  4.991393481010020E-005
  4.993306357192883E-005
  4.995206834352446E-005
  4.997095085194500E-005
  4.998971195095072E-005
  5.000835237227826E-005
  5.002687296733264E-005
  5.004527378256849E-005
  5.006355638024045E-005
  5.008172179195422E-005
  5.009977051498622E-005
  5.011770352618733E-005
  5.013552084606474E-005
  5.015322371298433E-005
  5.017081325885048E-005
  5.018829005282222E-005
  5.020565500432196E-005
  5.022290853569544E-005
  5.024005112803579E-005
  5.025708374985860E-005
  5.027400784022808E-005
  5.029082346044365E-005
  5.030753209596132E-005
  5.032413307426405E-005
  5.034062729916266E-005
  5.035701629825428E-005
  5.037330115487798E-005
  5.038948214291782E-005
  5.040555989885870E-005
  5.042153496994680E-005
  5.043740721151068E-005
  5.045317523305355E-005
  5.046884386740622E-005
  5.048441349518782E-005
  5.049988348304876E-005
  5.051525241308032E-005
  5.053052529652702E-005
  5.054569805230683E-005
  5.056077275478908E-005
  5.057575106080403E-005
  5.059063278007311E-005
  5.060542047511788E-005
  5.062011133208694E-005
  5.063470723573052E-005
  5.064920856896665E-005
  5.066361675199615E-005
  5.067793138905265E-005
  5.069215451729399E-005
  5.070628366325063E-005
  5.072032160950733E-005
  5.073426894708836E-005
  5.074812580695930E-005
  5.076189169033150E-005
  5.077556854070604E-005
  5.078915663433761E-005
  5.080265640545631E-005
  5.081606842666036E-005
  5.082939318488950E-005
  5.084263119410133E-005
  5.085578276450758E-005
  5.086884785210451E-005
  5.088182588550356E-005
  5.089471872644686E-005
  5.090752722116890E-005
  5.092025113363190E-005
  5.093289118346073E-005
  5.094544784330360E-005
  5.095792128215920E-005
  5.097031206421054E-005
  5.098262054817675E-005
  5.099484719508724E-005
  5.100699201757503E-005
  5.101905576638707E-005
  5.103103847551921E-005
  5.104294066603113E-005
  5.105476251734994E-005
  5.106650359311423E-005
  5.107816545050549E-005
  5.108974823819952E-005
  5.110125224542748E-005
  5.111267694800920E-005
  5.112402307619557E-005
  5.113529159206034E-005
  5.114648276768741E-005
  5.115759599665282E-005
  5.116863203618543E-005
  5.117959129599928E-005
  5.119047374634477E-005
  5.120128000794135E-005
  5.121200990253716E-005
  5.122266384653390E-005
  5.123324225133939E-005
  5.124374525165386E-005
  5.125417301021249E-005
  5.126452585866085E-005
  5.127480379256910E-005
  5.128500740087315E-005
  5.129513638574552E-005
  5.130519137748964E-005
  5.131516726231313E-005
  5.132506834822444E-005
  5.133489634774087E-005
  5.134465233218183E-005
  5.135433576391045E-005
  5.136394602407431E-005
  5.137348503038684E-005
  5.138295076217359E-005
  5.139234629846858E-005
  5.140166654467588E-005
  5.141091519457188E-005
  5.142009139992874E-005
  5.142919590787725E-005
  5.143822753530789E-005
  5.144718592400415E-005
  5.145607160614569E-005
  5.146488496512808E-005
  5.147362587102660E-005
  5.148229417107796E-005
  5.149088968814084E-005
  5.149941221944216E-005
  5.150786153619641E-005
  5.151623738401403E-005
  5.152453948073565E-005
  5.153276751788865E-005
  5.154092116023956E-005
  5.154900004544358E-005
  5.155700378490520E-005
  5.156493196412456E-005
  5.157278414373574E-005
  5.158055986005192E-005
  5.158825862519521E-005
  5.159587993044621E-005
  5.160342324467395E-005
  5.161088801770951E-005
  5.161827368078664E-005
  5.162557964841272E-005
  5.163280531911124E-005
  5.163995007818392E-005
  5.164701329834894E-005
  5.165399434184455E-005
  5.166089256181756E-005
  5.166770730453510E-005
  5.167443791049615E-005
  5.168108371645730E-005
  5.168764405698367E-005
  5.169411826656192E-005
  5.170050568097264E-005
  5.170680563894287E-005
  5.171301748443572E-005
  5.171914056731577E-005
  5.172517424602857E-005
  5.173111788882758E-005
  5.173697087532316E-005
  5.174273259835158E-005
  5.174840246527074E-005
  5.175397989981074E-005
  5.175946434323036E-005
  5.176485525639306E-005
  5.177015212027817E-005
  5.177535443880509E-005
  5.178046173894547E-005
  5.178547357267290E-005
  5.179038951839005E-005
  5.179520918187767E-005
  5.179993219808817E-005
  5.180455823175881E-005
  5.180908697927025E-005
  5.181351816943202E-005
  5.181785156501055E-005
  5.182208696340825E-005
  5.182622419875660E-005
  5.183026314184892E-005
  5.183420370257437E-005
  5.183804583014081E-005
  5.184178951493555E-005
  5.184543478968184E-005
  5.184898173046315E-005
  5.185243045829174E-005
  5.185578114101736E-005
  5.185903399408613E-005
  5.186218928305216E-005
  5.186524732493751E-005
  5.186820849065835E-005
  5.187107320696114E-005
  5.187384195928349E-005
  5.187651529440689E-005
  5.187909382360832E-005
  5.188157822642864E-005
  5.188396925441613E-005
  5.188626773565718E-005
  5.188847457993784E-005
  5.189059078409996E-005
  5.189261743877922E-005
  5.189455573463214E-005
  5.189640697109233E-005
  5.189817256404628E-005
  5.189985405584044E-005
  5.190145312550011E-005
  5.190297159983203E-005
  5.190441146566840E-005
  5.190577488300530E-005
  5.190706419850639E-005
  5.190828196019620E-005
  5.190943093198695E-005
  5.191051410953626E-005
  5.191153473447423E-005
  5.191249630988037E-005
  5.191340262037091E-005
  5.191425885719823E-005
  5.191506898454294E-005
  5.191583654180027E-005
  5.191656641869212E-005
  5.191726402914743E-005
  5.191793502408088E-005
  5.191858603877102E-005
  5.191922263306898E-005
  5.191985430545106E-005
  5.192048754530235E-005
  5.192112582894704E-005
  5.192177561017829E-005
  5.192244358818345E-005
  5.192313610873147E-005
  5.192385929752125E-005
  5.192461902991891E-005
  5.192542067589363E-005
  5.192626870358692E-005
  5.192716681014171E-005
  5.192811817988326E-005
  5.192912476065798E-005
  5.193018751087719E-005
  5.193130581155724E-005
  5.193247788700489E-005
  5.193370128396068E-005
  5.193497186774440E-005
  5.193628546660401E-005
  5.193763637344615E-005
  5.193901914825348E-005
  5.194042620739531E-005
  5.194185209614704E-005
  5.194329005694803E-005
  5.194473458745151E-005
  5.194618040872934E-005
  5.194762302030120E-005
  5.194905794506740E-005
  5.195048219799292E-005
  5.195189266809158E-005
  5.195328713863226E-005
  5.195466348892776E-005
  5.195602051176488E-005
  5.195735668508695E-005
  5.195867233453248E-005
  5.195996589208173E-005
  5.196123706114981E-005
  5.196248549800174E-005
  5.196371124603793E-005
  5.196491406928808E-005
  5.196609455440192E-005
  5.196725196953034E-005
  5.196838665484814E-005
  5.196949850103114E-005
  5.197058795457494E-005
  5.197165485946125E-005
  5.197269941189598E-005
  5.197372230482797E-005
  5.197472275104151E-005
  5.197570177073772E-005
  5.197665863394058E-005
  5.197759470019840E-005
  5.197850885412024E-005
  5.197940231414548E-005
  5.198027479859668E-005
  5.198112618963192E-005
  5.198195713646721E-005
  5.198276789263588E-005
  5.198355870608082E-005
  5.198432930454763E-005
  5.198507992458786E-005
  5.198581395523311E-005
  5.198653057744607E-005
  5.198722865299011E-005
  5.198790767800977E-005
  5.198856773211013E-005
  5.198920789724474E-005
  5.198982989877022E-005
  5.199043252883806E-005
  5.199101689693166E-005
  5.199158265164707E-005
  5.199213005224392E-005
  5.199265911670784E-005
  5.199317028750562E-005
  5.199366344827121E-005
  5.199413928702083E-005
  5.199459766356861E-005
  5.199503866544059E-005
  5.199546236202968E-005
  5.199586975219153E-005
  5.199626032880861E-005
  5.199663457068312E-005
  5.199699210397953E-005
  5.199733365398717E-005
  5.199765911303104E-005
  5.199796896231870E-005
  5.199826328803788E-005
  5.199854203083875E-005
  5.199880545750373E-005
  5.199905385287709E-005
  5.199928717956645E-005
  5.199950555819396E-005
  5.199970942106778E-005
  5.199989887863648E-005
  5.200007416781279E-005
  5.200023517560360E-005
  5.200038199833284E-005
  5.200051510984890E-005
  5.200063457795984E-005
  5.200074044734137E-005
  5.200083282710230E-005
  5.200091194114008E-005
  5.200097793381454E-005
  5.200103084896000E-005
  5.200107097441033E-005
  5.200109834348003E-005
  5.200111314316933E-005
  5.200111548046451E-005
  5.200110548843700E-005
  5.200108332797595E-005
  5.200104906184204E-005
  5.200100284770609E-005
  5.200094479910763E-005
  5.200087501341234E-005
  5.200079370309628E-005
  5.200070087764304E-005
  5.200059667471177E-005
  5.200048119645077E-005
  5.200035490036121E-005
  5.200021719990914E-005
  5.200006872554369E-005
  5.199990929224252E-005
  5.199973939198280E-005
  5.199955869211160E-005
  5.199936739575483E-005
  5.199916596350131E-005
  5.199895430487813E-005
  5.199873224172585E-005
  5.199849993854884E-005
  5.199825776307839E-005
  5.199800558056972E-005
  5.199774327941782E-005
  5.199747117883606E-005
  5.199718981733811E-005
  5.199689877647202E-005
  5.199659772969779E-005
  5.199628771044104E-005
  5.199596783305486E-005
  5.199563870045665E-005
  5.199530028305655E-005
  5.199495279239224E-005
  5.199459643448869E-005
  5.199423072111990E-005
  5.199385551616162E-005
  5.199347217267843E-005
  5.199307916160920E-005
  5.199267793936379E-005
  5.199226749325720E-005
  5.199184892609942E-005
  5.199142123716606E-005
  5.199098423791553E-005
  5.199053887034537E-005
  5.199008590025464E-005
  5.198962410795589E-005
  5.198915357833574E-005
  5.198867483439254E-005
  5.198818679914103E-005
  5.198769067982579E-005
  5.198718651597475E-005
  5.198667349228290E-005
  5.198615259873578E-005
  5.198562289439391E-005
  5.198508477750104E-005
  5.198453929219447E-005
  5.198398595206077E-005
  5.198342309399646E-005
  5.198285362452255E-005
  5.198227510530360E-005
  5.198168725955049E-005
  5.198109218734126E-005
  5.198048773743822E-005
  5.197987623682214E-005
  5.197925706963881E-005
  5.197862987653916E-005
  5.197799236144922E-005
  5.197734707406424E-005
  5.197669462365005E-005
  5.197602888159868E-005
  5.197535321110574E-005
  5.197466826654835E-005
  5.197397496550846E-005
  5.197327106882976E-005
  5.197256001728624E-005
  5.197184042234192E-005
  5.197111036605030E-005
  5.197037279767707E-005
  5.196962699423353E-005
  5.196887097268311E-005
  5.196810705633397E-005
  5.196733239961907E-005
  5.196655171413619E-005
  5.196576133217097E-005
  5.196495937576283E-005
  5.196414918605604E-005
  5.196333041081820E-005
  5.196250280426191E-005
  5.196166661987449E-005
  5.196081887977747E-005
  5.195996104909123E-005
  5.195909372613604E-005
  5.195821820796666E-005
  5.195733367193607E-005
  5.195643899364068E-005
  5.195553139232486E-005
  5.195461612466502E-005
  5.195369208357472E-005
  5.195275596578767E-005
  5.195181096579138E-005
  5.195085462449273E-005
  5.194988785049927E-005
  5.194891271682877E-005
  5.194792445525749E-005
  5.194692548893005E-005
  5.194591481137180E-005
  5.194489501520171E-005
  5.194386217862359E-005
  5.194282048664509E-005
  5.194176503060574E-005
  5.194069883224924E-005
  5.193962133247473E-005
  5.193853378764912E-005
  5.193743407657557E-005
  5.193631858690965E-005
  5.193519551593283E-005
  5.193405686457442E-005
  5.193290699583628E-005
  5.193174509448697E-005
  5.193056922666702E-005
  5.192937930546492E-005
  5.192818036287655E-005
  5.192696632979062E-005
  5.192573804336252E-005
  5.192449933901138E-005
  5.192324358401985E-005
  5.192197236697397E-005
  5.192069255526522E-005
  5.191939210309206E-005
  5.191808014419792E-005
  5.191675488664440E-005
  5.191541579128098E-005
  5.191405834269621E-005
  5.191268710207354E-005
  5.191130089750603E-005
  5.190990012498164E-005
  5.190848118924884E-005
  5.190704622145433E-005
  5.190559595251638E-005
  5.190413305255972E-005
  5.190264623795959E-005
  5.190114871821265E-005
  5.189962699696178E-005
  5.189809643645618E-005
  5.189654272497607E-005
  5.189497207895847E-005
  5.189338561459722E-005
  5.189177437143100E-005
  5.189015173839816E-005
  5.188850598152727E-005
  5.188684261534182E-005
  5.188516568148670E-005
  5.188346265408752E-005
  5.188173460831923E-005
  5.187999577946772E-005
  5.187822818189252E-005
  5.187644563554924E-005
  5.187463942466100E-005
  5.187281455124657E-005
  5.187096941436368E-005
  5.186909936481586E-005
  5.186720115975877E-005
  5.186529301505167E-005
  5.186335209973059E-005
  5.186138991038498E-005
  5.185940581890693E-005
  5.185739858974025E-005
  5.185536168708481E-005
  5.185331317748723E-005
  5.185122567415108E-005
  5.184912009419748E-005
  5.184698761406039E-005
  5.184482707892241E-005
  5.184264779918973E-005
  5.184043172973479E-005
  5.183840932559985E-005
  5.183642834086668E-005
  5.183441288075368E-005
  5.183237491531063E-005
  5.183031179623098E-005
  5.182823538245673E-005
  5.182611408121666E-005
  5.182397345694297E-005
  5.182179377003983E-005
  5.181960271341142E-005
  5.181737272690607E-005
  5.181511430587840E-005
  5.181283220858798E-005
  5.181051306758781E-005
  5.180816379632302E-005
  5.180579442053573E-005
  5.180337699849322E-005
  5.180093767274991E-005
  5.179846052234477E-005
  5.179595870355873E-005
  5.179342352120392E-005
  5.179084594427775E-005
  5.178824146767061E-005
  5.178560287116184E-005
  5.178291773768158E-005
  5.178019743774051E-005
  5.177745667609991E-005
  5.177466835246573E-005
  5.177183845422103E-005
  5.176897925769070E-005
  5.176608610541457E-005
  5.176314039555433E-005
  5.176017297062047E-005
  5.175714997766426E-005
  5.175407760738771E-005
  5.175097852213711E-005
  5.174782967852644E-005
  5.174464573144234E-005
  5.174141960056671E-005
  5.173815616840480E-005
  5.173484318052436E-005
  5.173146880637817E-005
  5.172807258414741E-005
  5.172461319830312E-005
  5.172109486712443E-005
  5.171755789875127E-005
  5.171396916765600E-005
  5.171033699285783E-005
  5.170661584927789E-005
  5.170286943943532E-005
  5.169907117889218E-005
  5.169521264428647E-005
  5.169131835388801E-005
  5.168734993709427E-005
  5.168334676769491E-005
  5.167926848734385E-005
  5.167513596362754E-005
  5.167096874983507E-005
  5.166672681852505E-005
  5.166243505196679E-005
  5.165806496083928E-005
  5.165366214237517E-005
  5.164916449363467E-005
  5.164461363618751E-005
  5.164002194789695E-005
  5.163536379529932E-005
  5.163061873770719E-005
  5.162581586025558E-005
  5.162097087341902E-005
  5.161601417168064E-005
  5.161100468016699E-005
  5.160593638172795E-005
  5.160079373882294E-005
  5.159556254797444E-005
  5.159027836379666E-005
  5.158487644646679E-005
  5.157941800371397E-005
  5.157389854660335E-005
  5.156829904455522E-005
  5.156262290279365E-005
  5.155686377721435E-005
  5.155099579613504E-005
  5.154506236641033E-005
  5.153904285924814E-005
  5.153292858881756E-005
  5.152672931902247E-005
  5.152042440572857E-005
  5.151406226548498E-005
  5.150755505486463E-005
  5.150096270584830E-005
  5.149428590779083E-005
  5.148751266820914E-005
  5.148063489447613E-005
  5.147364706435774E-005
  5.146657129771664E-005
  5.145937015718889E-005
  5.145202878657945E-005
  5.144460766459504E-005
  5.143704424657926E-005
  5.142936400446996E-005
  5.142158446187733E-005
  5.141363296051139E-005
  5.140562050889353E-005
  5.139739029183932E-005
  5.138906108464550E-005
  5.138057939887126E-005
  5.137194176494892E-005
  5.136312756310040E-005
  5.135420937761192E-005
  5.134510164489625E-005
  5.133583089101908E-005
  5.132634429467039E-005
  5.131670285076534E-005
  5.130689919637409E-005
  5.129692255640314E-005
  5.128670832439664E-005
  5.127619308407437E-005
  5.126551601884899E-005
  5.125458649199900E-005
  5.124336968712320E-005
  5.123193790726162E-005
  5.122020394746246E-005
  5.120817367380070E-005
  5.119581160495418E-005
  5.118312627997830E-005
  5.117006201341801E-005
  5.115659698464161E-005
  5.114274361798317E-005
  5.112846936176569E-005
  5.111368570231792E-005
  5.109839391707575E-005
  5.108262640466270E-005
  5.106621426201475E-005
  5.104919290927267E-005
  5.103143871776290E-005
  5.101293915507348E-005
  5.099362172624749E-005
  5.097338599560369E-005
  5.095210461751942E-005
  5.092985520752582E-005
  5.090632624664547E-005
  5.088154206160886E-005
  5.085532118005126E-005
  5.082757891667271E-005
  5.079809582125628E-005
  5.076674594760303E-005
  5.073328465511241E-005
  5.069757514755074E-005
  5.065933197826915E-005
  5.061832333880336E-005
  5.057422723278902E-005
  5.052763828097430E-005
  5.048062597956433E-005
  5.043330149110868E-005
  5.038567280888276E-005
  5.033776120067274E-005
  5.028958400753277E-005
  5.024117384216338E-005
  5.019284558969581E-005
  5.014550249828598E-005
  5.009766430387702E-005
  5.004963706439683E-005
  5.000132508104278E-005
  4.995327846165877E-005
  4.990541093645161E-005
  4.985753980450699E-005
  4.980984824290922E-005
  4.976213781521965E-005
  4.971501500178320E-005
  4.966837958681516E-005
  4.962250728453285E-005
  4.957749415391665E-005
  4.953352622489371E-005
  4.949091165944896E-005
  4.944931948522795E-005
  4.941009546841439E-005
  4.937282140439222E-005
  4.933776111711292E-005
  4.930519137653385E-005
  4.927539846455516E-005
  4.924867175305229E-005
  4.922533286473875E-005
  4.920565466118514E-005
  4.918993045816232E-005
  4.917844376427101E-005
  4.917132928951256E-005
  4.916866461294622E-005
  4.917098706340271E-005
  4.917813960047813E-005
  4.919013916284345E-005
  4.920817713965601E-005
  4.923121579336879E-005
  4.925977182469843E-005
  4.929280957675897E-005
  4.933046380902427E-005
  4.937092433454389E-005
  4.941438629296548E-005
  4.946069779015975E-005
  4.950908299042083E-005
  4.955858854152052E-005
  4.960814825700497E-005
  4.965667887732151E-005
  4.970278400606113E-005
  4.974474298591113E-005
  4.978139562369918E-005
  4.981073345287375E-005
  4.983130447109776E-005
  4.984136527810393E-005
  4.983952410964263E-005
  4.982501539638095E-005
  4.980069191299634E-005
  4.977373797443468E-005
  4.974632191282915E-005
  4.971854833688673E-005
  4.969044667185050E-005
  4.966174236015832E-005
  4.963281199151475E-005
  4.960362421147962E-005
  4.957416205418567E-005
  4.954433103620559E-005
  4.951401405323462E-005
  4.948336049460006E-005
  4.945235234905414E-005
  4.942097886701854E-005
  4.938922979927288E-005
  4.935708820248694E-005
  4.932454670606074E-005
  4.929161727987762E-005
  4.925827357675828E-005
  4.922452510027107E-005
  4.919042209988468E-005
  4.915615519018220E-005
  4.912169248894506E-005
  4.908704319540098E-005
  4.905241105887616E-005
  4.901803582386067E-005
  4.898422352393518E-005
  4.895139500441835E-005
  4.892020188103790E-005
  4.889142253346388E-005
  4.886571754500714E-005
  4.884454986045876E-005
  4.882747964840782E-005
  4.881099628890662E-005
  4.879509604227500E-005
  4.877989135506897E-005
  4.876524878664366E-005
  4.875126227397329E-005
  4.873792256480183E-005
  4.872501680127053E-005
  4.871234402501977E-005
  4.870033915097079E-005
  4.868902234034174E-005
  4.867832082528949E-005
  4.866828882957889E-005
  4.865894202058070E-005
  4.865005021892239E-005
  4.864195254480800E-005
  4.863394392096454E-005
  4.862649111241293E-005
  4.861967866915643E-005
  4.861352219521005E-005
  4.860741727803923E-005
  4.860140782990906E-005
  4.859585345568051E-005
  4.859056151661696E-005
  4.858525836477793E-005
  4.858154584249276E-005
  4.857771204521436E-005
  4.857417601777471E-005
  4.857117722690767E-005
  4.856877036615633E-005
  4.856741784650593E-005
  4.856646724120860E-005
  4.856591216802415E-005
  4.856563953119176E-005
  4.856577510141188E-005
  4.856686934568894E-005
  4.856772474296257E-005
  4.856900402673383E-005
  4.857087703687687E-005
  4.857283540627897E-005
  4.857505121354705E-005
  4.857759557039010E-005
  4.858017573104007E-005
  4.858290447215660E-005
  4.851750404794092E-005
  4.843544345912761E-005
  4.835274916819573E-005
  4.826928994309027E-005
  4.818503174418789E-005
  4.809994439828077E-005
  4.801399681229617E-005
  4.792715570255277E-005
  4.783938680885133E-005
  4.775065234873460E-005
  4.766091413364182E-005
  4.757013162324601E-005
  4.747826157447343E-005
  4.738525846701612E-005
  4.729107460125393E-005
  4.719565911936607E-005
  4.709896072780671E-005
  4.700092415119564E-005
  4.690149203482142E-005
  4.680060348255153E-005
  4.669819560521934E-005
  4.659420287795954E-005
  4.648855588660649E-005
  4.638118313080996E-005
  4.627200733263947E-005
  4.616094950566094E-005
  4.604792840672993E-005
  4.593285678784999E-005
  4.581564398468879E-005
  4.569619491878702E-005
  4.557440378980522E-005
  4.545017747469455E-005
  4.532340435209568E-005
  4.519397297354358E-005
  4.506176671234717E-005
  4.492666162115592E-005
  4.478852713040166E-005
  4.464722870155380E-005
  4.450262497991223E-005
  4.435454650697213E-005
  4.420284191635720E-005
  4.404736293382512E-005
  4.388794360287955E-005
  4.372440208221688E-005
  4.355655356670457E-005
  4.338419810950140E-005
  4.320713134436517E-005
  4.302513977057633E-005
  4.283799681550707E-005
  4.264546619729248E-005
  4.244729790065053E-005
  4.224322708883810E-005
  4.203294977032266E-005
  4.181620949113438E-005
  4.159270240492953E-005
  4.136210967774607E-005
  4.112409547825925E-005
  4.087830772388237E-005
  4.062437502910460E-005
  4.036191353599906E-005
  4.009051137051670E-005
  3.980973157726453E-005
  3.951911606046396E-005
  3.921820129736393E-005
  3.890649571195890E-005
  3.858347415037637E-005
  3.824858063075412E-005
  3.790124885056826E-005
  3.754086230475490E-005
  3.716679835852545E-005
  3.677836355910460E-005
  3.637488313103999E-005
  3.595562985420691E-005
  3.551984550254068E-005
  3.506673153037019E-005
  3.459547243830788E-005
  3.410520219791096E-005
  3.359503333957156E-005
  3.306401684021401E-005
  3.251123210903611E-005
  3.193568300705936E-005
  3.133637840326640E-005
  3.071231091752121E-005
  3.006239809045991E-005
  2.938562505223785E-005
  2.868093370142007E-005
  2.794724083388994E-005
  2.718359666661945E-005
  2.638905139800654E-005
  2.556240636619140E-005
  2.470302354594307E-005
  2.381003333455302E-005
  2.288272692872553E-005
  2.192012802606569E-005
  2.092229275401283E-005
  1.988753119341466E-005
  1.881765957518813E-005
