  2.862167311818734E-005
  3.034775990872012E-006
  3.764459290792774E-006
  2.260797273663489E-006
  7.734640276940329E-007
  1.200000017881393E-006
  5.527297296796291E-007
  1.200000017881393E-006
  1.200000017881393E-006
  1.200000017881393E-006
  1.200000017881393E-006
  1.200000017881393E-006
  1.200000017881393E-006
  1.200000017881393E-006
  1.200000017881393E-006
  1.200000017881393E-006
  1.200000017881393E-006
  1.200000017881393E-006
  1.200000017881393E-006
  1.200000017881393E-006
  1.200000017881393E-006
  1.200000017881393E-006
  1.200000017881393E-006
  1.200000017881393E-006
  1.200000017881393E-006
  1.200000017881393E-006
  1.200000017881393E-006
  1.200000017881393E-006
  1.200000017881393E-006
  1.200000017881393E-006
  1.200000017881393E-006
  1.200000017881393E-006
  1.200000017881393E-006
  1.200000017881393E-006
  1.200000017881393E-006
  1.200000017881393E-006
  1.200000017881393E-006
  1.200000017881393E-006
  1.200000017881393E-006
  1.200000017881393E-006
  1.200000017881393E-006
  1.200000017881393E-006
  1.200000017881393E-006
  1.200000017881393E-006
  1.200000017881393E-006
  1.200000017881393E-006
  1.200000017881393E-006
  1.200000017881393E-006
  1.200000017881393E-006
  1.200000017881393E-006
  1.200000017881393E-006
  1.200000017881393E-006
  1.200000017881393E-006
  1.200000017881393E-006
  1.200000017881393E-006
  1.200000017881393E-006
  1.200000017881393E-006
  1.200000017881393E-006
  1.200000017881393E-006
  1.200000017881393E-006
  1.200000017881393E-006
  1.200000017881393E-006
  1.200000017881393E-006
  1.200000017881393E-006
  1.200000017881393E-006
  1.200000017881393E-006
  1.200000017881393E-006
  1.200000017881393E-006
  1.200000017881393E-006
  1.200000017881393E-006
  1.200000017881393E-006
  1.200000017881393E-006
  1.200000017881393E-006
  1.200000017881393E-006
  1.200000017881393E-006
  1.200000017881393E-006
  1.200000017881393E-006
  1.200000017881393E-006
  1.200000017881393E-006
  1.200000017881393E-006
  1.200000017881393E-006
  1.200000017881393E-006
  1.200000017881393E-006
  1.200000017881393E-006
  1.200000017881393E-006
  1.200000017881393E-006
  1.200000017881393E-006
  1.200000017881393E-006
  1.200000017881393E-006
  1.200000017881393E-006
  1.200000017881393E-006
  1.200000017881393E-006
  1.200000017881393E-006
  1.200000017881393E-006
  1.200000017881393E-006
  1.200000017881393E-006
  1.200000017881393E-006
  1.200000017881393E-006
  1.200000017881393E-006
  1.200000017881393E-006
  1.200000017881393E-006
  1.200000017881393E-006
  1.200000017881393E-006
  1.200000017881393E-006
  1.200000017881393E-006
  1.200000017881393E-006
  1.200000017881393E-006
  1.200000017881393E-006
  1.200000017881393E-006
  1.200000017881393E-006
  1.200000017881393E-006
  1.200000017881393E-006
  1.200000017881393E-006
  1.200000017881393E-006
  1.200000017881393E-006
  1.200000017881393E-006
  1.200000017881393E-006
  1.200000017881393E-006
  1.200000017881393E-006
  1.200000017881393E-006
  1.200000017881393E-006
  1.200000017881393E-006
  1.200000017881393E-006
  1.200000017881393E-006
  1.200000017881393E-006
  1.200000017881393E-006
  1.200000017881393E-006
  1.200000017881393E-006
  1.200000017881393E-006
  1.200000017881393E-006
  1.200000017881393E-006
  1.200000017881393E-006
  1.200000017881393E-006
  1.200000017881393E-006
  1.200000017881393E-006
  1.200000017881393E-006
  1.200000017881393E-006
  1.200000017881393E-006
  1.200000017881393E-006
  1.200000017881393E-006
  1.200000017881393E-006
  1.200000017881393E-006
  1.200000017881393E-006
  1.200000017881393E-006
  1.200000017881393E-006
  1.200000017881393E-006
  1.200000017881393E-006
  1.200000017881393E-006
  1.200000017881393E-006
  1.200000017881393E-006
  1.200000017881393E-006
  1.200000017881393E-006
  1.200000017881393E-006
  1.200000017881393E-006
  1.200000017881393E-006
  1.200000017881393E-006
  1.200000017881393E-006
  1.200000017881393E-006
  1.200000017881393E-006
  1.200000017881393E-006
  1.200000017881393E-006
  1.200000017881393E-006
  1.200000017881393E-006
  1.200000017881393E-006
  1.200000017881393E-006
  1.200000017881393E-006
  1.200000017881393E-006
  1.200000017881393E-006
  1.200000017881393E-006
  1.200000017881393E-006
  1.200000017881393E-006
  1.200000017881393E-006
  1.200000017881393E-006
  1.200000017881393E-006
  1.200000017881393E-006
  1.200000017881393E-006
  1.200000017881393E-006
  1.200000017881393E-006
  1.200000017881393E-006
  1.200000017881393E-006
  1.200000017881393E-006
  1.200000017881393E-006
  1.200000017881393E-006
  1.200000017881393E-006
  1.200000017881393E-006
  1.200000017881393E-006
  1.200000017881393E-006
  1.200000017881393E-006
  1.200000017881393E-006
  1.200000017881393E-006
  1.200000017881393E-006
  1.200000017881393E-006
  1.200000017881393E-006
  1.200000017881393E-006
  1.200000017881393E-006
  1.200000017881393E-006
  1.200000017881393E-006
  1.200000017881393E-006
  1.200000017881393E-006
  1.200000017881393E-006
  1.200000017881393E-006
  1.200000017881393E-006
  1.200000017881393E-006
  1.200000017881393E-006
  1.200000017881393E-006
  1.200000017881393E-006
  1.200000017881393E-006
  1.200000017881393E-006
  1.200000017881393E-006
  1.200000017881393E-006
  1.200000017881393E-006
  1.200000017881393E-006
  1.200000017881393E-006
  1.200000017881393E-006
  1.200000017881393E-006
  1.200000017881393E-006
  1.200000017881393E-006
  1.200000017881393E-006
  1.200000017881393E-006
  1.200000017881393E-006
  1.200000017881393E-006
  1.200000017881393E-006
  1.200000017881393E-006
  1.200000017881393E-006
  1.200000017881393E-006
  1.200000017881393E-006
  1.200000017881393E-006
  1.200000017881393E-006
  1.200000017881393E-006
  1.200000017881393E-006
  1.200000017881393E-006
  1.200000017881393E-006
  1.200000017881393E-006
  1.200000017881393E-006
  1.200000017881393E-006
  1.200000017881393E-006
  1.200000017881393E-006
  1.200000017881393E-006
  1.200000017881393E-006
  1.200000017881393E-006
  1.200000017881393E-006
  1.200000017881393E-006
  1.200000017881393E-006
  1.200000017881393E-006
  1.200000017881393E-006
  1.200000017881393E-006
  1.200000017881393E-006
  1.200000017881393E-006
  1.200000017881393E-006
  1.200000017881393E-006
  1.200000017881393E-006
  1.200000017881393E-006
  1.200000017881393E-006
  1.200000017881393E-006
  1.200000017881393E-006
  1.200000017881393E-006
  1.200000017881393E-006
  1.200000017881393E-006
  1.200000017881393E-006
  1.200000017881393E-006
  1.200000017881393E-006
  1.200000017881393E-006
  1.200000017881393E-006
  1.200000017881393E-006
  1.200000017881393E-006
  1.200000017881393E-006
  1.200000017881393E-006
  1.200000017881393E-006
  1.200000017881393E-006
  1.200000017881393E-006
  1.200000017881393E-006
  1.200000017881393E-006
  1.200000017881393E-006
  1.200000017881393E-006
  1.200000017881393E-006
  1.200000017881393E-006
  1.200000017881393E-006
  1.200000017881393E-006
  1.200000017881393E-006
  1.200000017881393E-006
  1.200000017881393E-006
  1.200000017881393E-006
  1.200000017881393E-006
  1.200000017881393E-006
  1.200000017881393E-006
  1.200000017881393E-006
  1.200000017881393E-006
  1.200000017881393E-006
  1.200000017881393E-006
  1.200000017881393E-006
  1.200000017881393E-006
  1.200000017881393E-006
  1.200000017881393E-006
  1.200000017881393E-006
  1.200000017881393E-006
  1.200000017881393E-006
  1.200000017881393E-006
  1.200000017881393E-006
  1.200000017881393E-006
  1.200000017881393E-006
  1.200000017881393E-006
  1.200000017881393E-006
  1.200000017881393E-006
  1.200000017881393E-006
  1.200000017881393E-006
  1.200000017881393E-006
  1.200000017881393E-006
  1.200000017881393E-006
  1.200000017881393E-006
  1.200000017881393E-006
  1.200000017881393E-006
  1.200000017881393E-006
  1.200000017881393E-006
  1.200000017881393E-006
  1.200000017881393E-006
  1.200000017881393E-006
  1.200000017881393E-006
  1.200000017881393E-006
  1.200000017881393E-006
  1.200000017881393E-006
  1.200000017881393E-006
  1.200000017881393E-006
  1.200000017881393E-006
  1.200000017881393E-006
  1.200000017881393E-006
  1.200000017881393E-006
  1.200000017881393E-006
  1.200000017881393E-006
  1.200000017881393E-006
  1.200000017881393E-006
  1.200000017881393E-006
  1.200000017881393E-006
  1.200000017881393E-006
  1.200000017881393E-006
  1.200000017881393E-006
  1.200000017881393E-006
  1.200000017881393E-006
  1.200000017881393E-006
  1.200000017881393E-006
  1.200000017881393E-006
  1.200000017881393E-006
  1.200000017881393E-006
  1.200000017881393E-006
  1.200000017881393E-006
  1.200000017881393E-006
  1.200000017881393E-006
  1.200000017881393E-006
  1.200000017881393E-006
  1.200000017881393E-006
  1.200000017881393E-006
  1.200000017881393E-006
  1.200000017881393E-006
  1.200000017881393E-006
  1.200000017881393E-006
  1.200000017881393E-006
  1.200000017881393E-006
  1.200000017881393E-006
  1.200000017881393E-006
  1.200000017881393E-006
  1.200000017881393E-006
  1.200000017881393E-006
  1.200000017881393E-006
  1.200000017881393E-006
  1.200000017881393E-006
  1.200000017881393E-006
  1.200000017881393E-006
  1.200000017881393E-006
  1.200000017881393E-006
  1.200000017881393E-006
  1.200000017881393E-006
  1.200000017881393E-006
  1.200000017881393E-006
  1.200000017881393E-006
  1.200000017881393E-006
  1.200000017881393E-006
  1.200000017881393E-006
  1.200000017881393E-006
  1.200000017881393E-006
  1.200000017881393E-006
  1.200000017881393E-006
  1.200000017881393E-006
  1.200000017881393E-006
  1.200000017881393E-006
  1.200000017881393E-006
  1.200000017881393E-006
  1.200000017881393E-006
  1.200000017881393E-006
  1.200000017881393E-006
  1.200000017881393E-006
  1.200000017881393E-006
  1.200000017881393E-006
  1.200000017881393E-006
  1.200000017881393E-006
  1.200000017881393E-006
  1.200000017881393E-006
  1.200000017881393E-006
  1.200000017881393E-006
  1.200000017881393E-006
  1.200000017881393E-006
  1.200000017881393E-006
  1.200000017881393E-006
  1.200000017881393E-006
  1.200000017881393E-006
  1.200000017881393E-006
  1.200000017881393E-006
  1.200000017881393E-006
  1.200000017881393E-006
  1.200000017881393E-006
  1.200000017881393E-006
  1.200000017881393E-006
  1.200000017881393E-006
  1.200000017881393E-006
  1.200000017881393E-006
  1.200000017881393E-006
  1.200000017881393E-006
  1.200000017881393E-006
  1.200000017881393E-006
  1.200000017881393E-006
  1.200000017881393E-006
  1.200000017881393E-006
  1.200000017881393E-006
  1.200000017881393E-006
  1.200000017881393E-006
  1.200000017881393E-006
  1.200000017881393E-006
  1.200000017881393E-006
  1.200000017881393E-006
  1.200000017881393E-006
  1.200000017881393E-006
  1.200000017881393E-006
  1.200000017881393E-006
  1.200000017881393E-006
  1.200000017881393E-006
  1.200000017881393E-006
  1.200000017881393E-006
  1.200000017881393E-006
  1.200000017881393E-006
  1.200000017881393E-006
  1.200000017881393E-006
  1.200000017881393E-006
  1.200000017881393E-006
  1.200000017881393E-006
  1.200000017881393E-006
  1.200000017881393E-006
  1.200000017881393E-006
  1.200000017881393E-006
  1.200000017881393E-006
  1.200000017881393E-006
  1.200000017881393E-006
  1.200000017881393E-006
  1.200000017881393E-006
  1.200000017881393E-006
  1.200000017881393E-006
  1.200000017881393E-006
  1.200000017881393E-006
  1.200000017881393E-006
  1.200000017881393E-006
  1.200000017881393E-006
  1.200000017881393E-006
  1.200000017881393E-006
  1.200000017881393E-006
  1.200000017881393E-006
  1.200000017881393E-006
  1.200000017881393E-006
  1.200000017881393E-006
  1.200000017881393E-006
  1.200000017881393E-006
  1.200000017881393E-006
  1.200000017881393E-006
  1.200000017881393E-006
  1.200000017881393E-006
  1.200000017881393E-006
  1.200000017881393E-006
  1.200000017881393E-006
  1.200000017881393E-006
  1.200000017881393E-006
  1.200000017881393E-006
  1.200000017881393E-006
  1.200000017881393E-006
  1.200000017881393E-006
  1.200000017881393E-006
  1.200000017881393E-006
  1.200000017881393E-006
  1.200000017881393E-006
  1.200000017881393E-006
  1.200000017881393E-006
  1.200000017881393E-006
  1.200000017881393E-006
  1.200000017881393E-006
  1.200000017881393E-006
  1.200000017881393E-006
  1.200000017881393E-006
  1.200000017881393E-006
  1.200000017881393E-006
  1.200000017881393E-006
  1.200000017881393E-006
  1.200000017881393E-006
  1.200000017881393E-006
  1.200000017881393E-006
  1.200000017881393E-006
  1.200000017881393E-006
  1.200000017881393E-006
  1.200000017881393E-006
  1.200000017881393E-006
  1.200000017881393E-006
  1.200000017881393E-006
  1.200000017881393E-006
  1.200000017881393E-006
  1.200000017881393E-006
  1.200000017881393E-006
  1.200000017881393E-006
  1.200000017881393E-006
  1.200000017881393E-006
  1.200000017881393E-006
  1.200000017881393E-006
  1.200000017881393E-006
  1.200000017881393E-006
  1.200000017881393E-006
  1.200000017881393E-006
  1.200000017881393E-006
  1.200000017881393E-006
  1.200000017881393E-006
  1.200000017881393E-006
  1.200000017881393E-006
  1.200000017881393E-006
  1.200000017881393E-006
  1.200000017881393E-006
  1.200000017881393E-006
  1.200000017881393E-006
  1.200000017881393E-006
  1.200000017881393E-006
  1.200000017881393E-006
  1.200000017881393E-006
  1.200000017881393E-006
  1.200000017881393E-006
  1.200000017881393E-006
  1.200000017881393E-006
  1.200000017881393E-006
  1.200000017881393E-006
  1.200000017881393E-006
  1.200000017881393E-006
  1.200000017881393E-006
  1.200000017881393E-006
  1.200000017881393E-006
  1.200000017881393E-006
  1.200000017881393E-006
  1.200000017881393E-006
  1.200000017881393E-006
  1.200000017881393E-006
  1.200000017881393E-006
  1.200000017881393E-006
  1.200000017881393E-006
  1.200000017881393E-006
  1.200000017881393E-006
  1.200000017881393E-006
  1.200000017881393E-006
  1.200000017881393E-006
  1.200000017881393E-006
  1.200000017881393E-006
  1.200000017881393E-006
  1.200000017881393E-006
  1.200000017881393E-006
  1.200000017881393E-006
  1.200000017881393E-006
  1.200000017881393E-006
  1.200000017881393E-006
  1.200000017881393E-006
  1.200000017881393E-006
  1.200000017881393E-006
  1.200000017881393E-006
  1.200000017881393E-006
  1.200000017881393E-006
  1.200000017881393E-006
  1.200000017881393E-006
  1.200000017881393E-006
  1.200000017881393E-006
  1.200000017881393E-006
  1.660173850412357E-007
  3.435881369453029E-007
  5.212733106101241E-007
  6.990690413236475E-007
  8.769686172786317E-007
  1.054964921960702E-006
  1.233050859768413E-006
  1.411219228656274E-006
  1.589462383731584E-006
  1.767773647637231E-006
  1.946145651796858E-006
  2.124571009821659E-006
  2.303043184933505E-006
  2.481554278366576E-006
  2.660096662245474E-006
  2.838664794232620E-006
  3.017250993389964E-006
  3.195848034249074E-006
  3.374448681277106E-006
  3.553045975386378E-006
  3.731633737479020E-006
  3.910203835328125E-006
  4.088748239303297E-006
  4.267265941634886E-006
  4.445742423078463E-006
  4.624174957881062E-006
  4.802556278993784E-006
  4.980878060988289E-006
  5.159135662799861E-006
  5.337321284219018E-006
  5.515428419273884E-006
  5.693449884938059E-006
  5.871379598192837E-006
  6.049211396992230E-006
  6.226938425079267E-006
  6.404553513034439E-006
  6.582050821419832E-006
  6.759423972458989E-006
  6.936666711799082E-006
  7.113771456701622E-006
  7.290733799421876E-006
  7.467546706960479E-006
  7.644202830454025E-006
  7.820697740151246E-006
  7.997024822065633E-006
  8.173177069983009E-006
  8.349149521893033E-006
  8.524935919851620E-006
  8.700529996281078E-006
  8.875927271861551E-006
  9.051119475233064E-006
  9.226103013001987E-006
  9.400871264153021E-006
  9.575418674841824E-006
  9.749739909665161E-006
  9.923828310998207E-006
  1.009768006033338E-005
  1.027128837452378E-005
  1.044464906180228E-005
  1.061775557342262E-005
  1.079060370694762E-005
  1.096318710000344E-005
  1.113550156480048E-005
  1.130754099217295E-005
  1.147930176075201E-005
  1.165077723809228E-005
  1.182196390215808E-005
  1.199285611432173E-005
  1.216344982636234E-005
  1.233373864322151E-005
  1.250371961251576E-005
  1.267338742192652E-005
  1.284273714330679E-005
  1.301176508080271E-005
  1.318046598206911E-005
  1.334883567679408E-005
  1.351687014618859E-005
  1.368456498081380E-005
  1.385191637841905E-005
  1.401891810863446E-005
  1.418556881595436E-005
  1.435186351649683E-005
  1.451779720089677E-005
  1.468336708505296E-005
  1.484856964241478E-005
  1.501339996044559E-005
  1.517785504391486E-005
  1.534193046308598E-005
  1.550562415104177E-005
  1.566893072826277E-005
  1.583184784617374E-005
  1.599437316413745E-005
  1.615649960901764E-005
  1.631822759909342E-005
  1.647955253588781E-005
  1.664047124285662E-005
  1.680098113304460E-005
  1.696107794165495E-005
  1.712075930744808E-005
  1.728002266181908E-005
  1.743886481998229E-005
  1.759728318636301E-005
  1.775527402918090E-005
  1.791283619604088E-005
  1.806996567854627E-005
  1.822666051064679E-005
  1.838291919981341E-005
  1.853873756089418E-005
  1.869411397992880E-005
  1.884904526750591E-005
  1.900352962315919E-005
  1.915756650317393E-005
  1.931115069640867E-005
  1.946428202029930E-005
  1.961695904621149E-005
  1.976917761224524E-005
  1.992093589054130E-005
  2.007223587210971E-005
  2.022307093877021E-005
  2.037344062552512E-005
  2.052334460957142E-005
  2.067278078586411E-005
  2.082174594833228E-005
  2.097023911752910E-005
  2.111825860961350E-005
  2.126580617886041E-005
  2.141287658827943E-005
  2.155946859450056E-005
  2.170558189997601E-005
  2.185121489762691E-005
  2.199636735344854E-005
  2.214103763103006E-005
  2.228522475816789E-005
  2.242892653648472E-005
  2.257214222095436E-005
  2.271487079867531E-005
  2.285711168462159E-005
  2.299886418506391E-005
  2.314012675345816E-005
  2.328089932517821E-005
  2.342118191064617E-005
  2.356097173995604E-005
  2.370026900824201E-005
  2.383907292150669E-005
  2.397738351285517E-005
  2.411520023114849E-005
  2.425252095062271E-005
  2.438934635127827E-005
  2.452567630946405E-005
  2.466151042446006E-005
  2.479684787426275E-005
  2.493168857083224E-005
  2.506603155472564E-005
  2.519987770239725E-005
  2.533322635058912E-005
  2.546607625504518E-005
  2.559842728156911E-005
  2.573028143191823E-005
  2.586163776126242E-005
  2.599249644271993E-005
  2.612285659184934E-005
  2.625271775816697E-005
  2.638208192471457E-005
  2.651094810255402E-005
  2.663931707357823E-005
  2.676718741524985E-005
  2.689456052987340E-005
  2.702143588962406E-005
  2.714781510341155E-005
  2.727369809738168E-005
  2.739908408363995E-005
  2.752397507780035E-005
  2.764836978097034E-005
  2.777226904028938E-005
  2.789567363367534E-005
  2.801858430270880E-005
  2.814100170090525E-005
  2.826292567076094E-005
  2.838435599868185E-005
  2.850529423477765E-005
  2.862574174009341E-005
  2.874569864893619E-005
  2.886516488064701E-005
  2.898414040760388E-005
  2.910262791740253E-005
  2.922062760648706E-005
  2.933813934825134E-005
  2.945516376564167E-005
  2.957170310146865E-005
  2.968775735038745E-005
  2.980332683007720E-005
  2.991841237072224E-005
  3.003301615327638E-005
  3.014713867078109E-005
  3.026077875085803E-005
  3.037393951915553E-005
  3.048662210454294E-005
  3.059882607393985E-005
  3.071055239193641E-005
  3.082180365775708E-005
  3.093258015761374E-005
  3.104288063207072E-005
  3.115270990714238E-005
  3.126206706927111E-005
  3.137095240500698E-005
  3.147936884405725E-005
  3.158731638391642E-005
  3.169479622603356E-005
  3.180180950281372E-005
  3.190835816399473E-005
  3.201444195037703E-005
  3.212006322752754E-005
  3.222522299085798E-005
  3.232992107128823E-005
  3.243416105710549E-005
  3.253794240044088E-005
  3.264126620585426E-005
  3.274413547628348E-005
  3.284654941290798E-005
  3.294851039159930E-005
  3.305001976240956E-005
  3.315107838185149E-005
  3.325168830656371E-005
  3.335184915526355E-005
  3.345156417519294E-005
  3.355083412199688E-005
  3.364965885631276E-005
  3.374804237731998E-005
  3.384598343265778E-005
  3.394348504454409E-005
  3.404054760040856E-005
  3.413717307122817E-005
  3.423336391050996E-005
  3.432911828381284E-005
  3.442444092350923E-005
  3.451933124005355E-005
  3.461379173318872E-005
  3.470782368086441E-005
  3.480142714019558E-005
  3.489460606760967E-005
  3.498735857557420E-005
  3.507968946928767E-005
  3.517159797658842E-005
  3.526308621387959E-005
  3.535415553130496E-005
  3.544480746760482E-005
  3.553504421432767E-005
  3.562486565169821E-005
  3.571427526071039E-005
  3.580327197550080E-005
  3.589185950677961E-005
  3.598003742338894E-005
  3.606780928684624E-005
  3.615517489580726E-005
  3.624213688228152E-005
  3.632869595177954E-005
  3.641485388407595E-005
  3.650061241973627E-005
  3.658597258197918E-005
  3.667093618466296E-005
  3.675550379358589E-005
  3.683967867725570E-005
  3.692346012757698E-005
  3.700685213473024E-005
  3.708985353411700E-005
  3.717246869557402E-005
  3.725469644268800E-005
  3.733654036317355E-005
  3.741800028748729E-005
  3.749907910354678E-005
  3.757977701126589E-005
  3.766009691720866E-005
  3.774003904643275E-005
  3.781960587436283E-005
  3.789879808645444E-005
  3.797761777602193E-005
  3.805606582429904E-005
  3.813414465964688E-005
  3.821185508072180E-005
  3.828919887611758E-005
  3.836617721537317E-005
  3.844279196623410E-005
  3.851904450461499E-005
  3.859493609500222E-005
  3.867046877431640E-005
  3.874564357787103E-005
  3.882046144937598E-005
  3.889492466575290E-005
  3.896903440493509E-005
  3.904279250352508E-005
  3.911620023086872E-005
  3.918925916400724E-005
  3.926197067168497E-005
  3.933433631926370E-005
  3.940635760850450E-005
  3.947803550184816E-005
  3.954937161787929E-005
  3.962036778348557E-005
  3.969102553774604E-005
  3.976134600451847E-005
  3.983133079741990E-005
  3.990098154146480E-005
  3.997029891495364E-005
  4.003928504202110E-005
  4.010794117108609E-005
  4.017626908262974E-005
  4.024426980479500E-005
  4.031194499918217E-005
  4.037929540490901E-005
  4.044632324628118E-005
  4.051303004102297E-005
  4.057941695278529E-005
  4.064548473112109E-005
  4.071123559931138E-005
  4.077667085316035E-005
  4.084179221022176E-005
  4.090660022897529E-005
  4.097109650785418E-005
  4.103528279442511E-005
  4.109916080023024E-005
  4.116273089951818E-005
  4.122599492165310E-005
  4.128895444510588E-005
  4.135161150743549E-005
  4.141396546604877E-005
  4.147601954858677E-005
  4.153777470539371E-005
  4.159923177424835E-005
  4.166039237438730E-005
  4.172125843309594E-005
  4.178183031375517E-005
  4.184210959279156E-005
  4.190209811379299E-005
  4.196179693309235E-005
  4.202120668285574E-005
  4.208033002036788E-005
  4.213916732329689E-005
  4.219771998131803E-005
  4.225599008224470E-005
  4.231397755995071E-005
  4.237168474240484E-005
  4.242911327022237E-005
  4.248626271798886E-005
  4.254313637682035E-005
  4.259973413749397E-005
  4.265605770855559E-005
  4.271210927528247E-005
  4.276788787298247E-005
  4.282339738562853E-005
  4.287863688335278E-005
  4.293360876197658E-005
  4.298831440328652E-005
  4.304275435745550E-005
  4.309693077801489E-005
  4.315084324842934E-005
  4.320449555477960E-005
  4.325788562882008E-005
  4.331101774776169E-005
  4.336389118582247E-005
  4.341650845986141E-005
  4.346886960646938E-005
  4.352097688948575E-005
  4.357283043246763E-005
  4.362443219365914E-005
  4.367578301185004E-005
  4.372688444160229E-005
  4.377773680144893E-005
  4.382834289895294E-005
  4.387870140965798E-005
  4.392881677211976E-005
  4.397868604682984E-005
  4.402831469718601E-005
  4.407770004900388E-005
  4.412684645285564E-005
  4.417575246912815E-005
  4.422442090252901E-005
  4.427285294363531E-005
  4.432104772480712E-005
  4.436900931682372E-005
  4.441673554218837E-005
  4.446423007390276E-005
  4.451149366003351E-005
  4.455852529913106E-005
  4.460532989166325E-005
  4.465190393472783E-005
  4.469825205829180E-005
  4.474437558590828E-005
  4.479027074859941E-005
  4.483594436085295E-005
  4.488139527268593E-005
  4.492662230136782E-005
  4.497163046970253E-005
  4.501641965841894E-005
  4.506098715191277E-005
  4.510533940378193E-005
  4.514947596648837E-005
  4.519339321763928E-005
  4.523709810266377E-005
  4.528059122377464E-005
  4.532386885010940E-005
  4.536693519714548E-005
  4.540979334053042E-005
  4.545244236997780E-005
  4.549487844590953E-005
  4.553710875012155E-005
  4.557913473183075E-005
  4.562095666069036E-005
  4.566256816857242E-005
  4.570397790188534E-005
  4.574518646591827E-005
  4.578619545807725E-005
  4.582700203085645E-005
  4.586760447593633E-005
  4.590801022123543E-005
  4.594821941761262E-005
  4.598823402132490E-005
  4.602805324119458E-005
  4.606767453808104E-005
  4.610709561798583E-005
  4.614632763271859E-005
  4.618537199335694E-005
  4.622422055631739E-005
  4.626284852483228E-005
  4.630929834862263E-005
  4.633957296687875E-005
  4.637774428301416E-005
  4.641564866609902E-005
  4.645337328243983E-005
  4.649089281904197E-005
  4.652823942657993E-005
  4.656540220666184E-005
  4.660238512767005E-005
  4.663918731498497E-005
  4.667581115123169E-005
  4.671225614548733E-005
  4.674852125890708E-005
  4.678460958567892E-005
  4.682052042217598E-005
  4.685625512683268E-005
  4.689181487720236E-005
  4.692719905263180E-005
  4.696240975391126E-005
  4.699744709755307E-005
  4.703231197707458E-005
  4.706700573630430E-005
  4.710152795249263E-005
  4.713588052347078E-005
  4.717006382289692E-005
  4.720407819857658E-005
  4.723792540776678E-005
  4.727160493677856E-005
  4.730511846055847E-005
  4.733846675402410E-005
  4.737164958493972E-005
  4.740466893001726E-005
  4.743752461474174E-005
  4.747021548782508E-005
  4.750273811959730E-005
  4.753510098529062E-005
  4.756730509585834E-005
  4.759935060451369E-005
  4.763123710564688E-005
  4.766296627279324E-005
  4.769453804048857E-005
  4.772595276931838E-005
  4.775721202308557E-005
  4.778831539016171E-005
  4.781926405569875E-005
  4.785005899763237E-005
  4.788069992682826E-005
  4.791118848497109E-005
  4.794152525733255E-005
  4.797170981892681E-005
  4.800174419227546E-005
  4.803162842573782E-005
  4.806136269544020E-005
  4.809094861107659E-005
  4.812038630394320E-005
  4.814967617319182E-005
  4.817881955269690E-005
  4.820781648877585E-005
  4.823666746545031E-005
  4.826537398191780E-005
  4.829393565219898E-005
  4.832235354962441E-005
  4.835062847403805E-005
  4.837876077130595E-005
  4.840675081667471E-005
  4.843459984631656E-005
  4.846230797011680E-005
  4.848987571531136E-005
  4.851730403129159E-005
  4.854459349110723E-005
  4.857174413510363E-005
  4.859875710751152E-005
  4.862563307831413E-005
  4.865237166043266E-005
  4.867897448294065E-005
  4.870544202097627E-005
  4.873177388183491E-005
  4.875797131289662E-005
  4.878403538782249E-005
  4.880996560732602E-005
  4.883576295576990E-005
  4.886142827886091E-005
  4.888696162426452E-005
  4.891236355593874E-005
  4.893763503840299E-005
  4.896277648733786E-005
  4.898778758949809E-005
  4.901266982191062E-005
  4.903742379789082E-005
  4.906204896423649E-005
  4.908654662113723E-005
  4.911091753855637E-005
  4.913516183265383E-005
  4.915927925195002E-005
  4.918327151033299E-005
  4.920713895442681E-005
  4.923088084152978E-005
  4.925449876249419E-005
  4.927799336277788E-005
  4.930136453139054E-005
  4.932461233298422E-005
  4.934773826477685E-005
  4.937074259792341E-005
  4.939362490050751E-005
  4.941638615888032E-005
  4.943902745037766E-005
  4.946154855427445E-005
  4.948394924622621E-005
  4.950623123193599E-005
  4.952839472761757E-005
  4.955043974416678E-005
  4.957236639214118E-005
  4.959417594428906E-005
  4.961586838285682E-005
  4.963744425677111E-005
  4.965890345687611E-005
  4.968024702686992E-005
  4.970147546756624E-005
  4.972258901516325E-005
  4.974358742049688E-005
  4.976447172456922E-005
  4.978524260000987E-005
  4.980590017573818E-005
  4.982644389134675E-005
  4.984687541281450E-005
  4.986719504862806E-005
  4.988740304000172E-005
  4.990749837289861E-005
  4.992748308165834E-005
  4.994735741749411E-005
  4.996712147779908E-005
  4.998677470336570E-005
  5.000631836597077E-005
  5.002575314933528E-005
  5.004507863867859E-005
  5.006429562035922E-005
  5.008340387810670E-005
  5.010240433926678E-005
  5.012129736624079E-005
  5.014008345458691E-005
  5.015876206577279E-005
  5.017733348276491E-005
  5.019579911049379E-005
  5.021415903184573E-005
  5.023241338349778E-005
  5.025056111763913E-005
  5.026860433171373E-005
  5.028654312607474E-005
  5.030437738956200E-005
  5.032210779568726E-005
  5.033973329118797E-005
  5.035725560307430E-005
  5.037467491451019E-005
  5.039199153099987E-005
  5.040920539877130E-005
  5.042631571403541E-005
  5.044332440668669E-005
  5.046023142036321E-005
  5.047703713934700E-005
  5.049374188987051E-005
  5.051034427645035E-005
  5.052684623751901E-005
  5.054324814552014E-005
  5.055954978200572E-005
  5.057575168170731E-005
  5.059185342149161E-005
  5.060785502068142E-005
  5.062375773630070E-005
  5.063956163316906E-005
  5.065526724019528E-005
  5.067087447669082E-005
  5.068638348935715E-005
  5.070179298577597E-005
  5.071710597013774E-005
  5.073232181847495E-005
  5.074744021877230E-005
  5.076246053079263E-005
  5.077738419366987E-005
  5.079221241442912E-005
  5.080694194432958E-005
  5.082157554377692E-005
  5.083611645623508E-005
  5.085055877663183E-005
  5.086490835915114E-005
  5.087915874361158E-005
  5.089331434860546E-005
  5.090737677853076E-005
  5.092134561012878E-005
  5.093521681011630E-005
  5.094899379550661E-005
  5.096267753833902E-005
  5.097626805173816E-005
  5.098976112791606E-005
  5.100316334025697E-005
  5.101646911618190E-005
  5.102968499612655E-005
  5.104280645612197E-005
  5.105583211960863E-005
  5.106876846861468E-005
  5.108160819735573E-005
  5.109435575723360E-005
  5.110701283905414E-005
  5.111957413291625E-005
  5.113204416893768E-005
  5.114442262119489E-005
  5.115670966455941E-005
  5.116890499223758E-005
  5.118100709591233E-005
  5.119301843994129E-005
  5.120493844299261E-005
  5.121676744014195E-005
  5.122850581704033E-005
  5.124015351325191E-005
  5.125171064806821E-005
  5.126317723030154E-005
  5.127455295532061E-005
  5.128583623625009E-005
  5.129702987964029E-005
  5.130813363909992E-005
  5.131914756420120E-005
  5.133007156070247E-005
  5.134090590593513E-005
  5.135165068965259E-005
  5.136230609016895E-005
  5.137287198203861E-005
  5.138334853358153E-005
  5.139373575450867E-005
  5.140403383930709E-005
  5.141424288579953E-005
  5.142436284279537E-005
  5.143439390838984E-005
  5.144433532465414E-005
  5.145418809480155E-005
  5.146395226403221E-005
  5.147362795293017E-005
  5.148321573092930E-005
  5.149271468638827E-005
  5.150212561066888E-005
  5.151144726555611E-005
  5.152068112515467E-005
  5.152982604959822E-005
  5.153888361417515E-005
  5.154785268538402E-005
  5.155673342607303E-005
  5.156552549045115E-005
  5.157422877781041E-005
  5.158284311909876E-005
  5.159136820829749E-005
  5.159980367249019E-005
  5.160814903509626E-005
  5.161640373019125E-005
  5.162456745718661E-005
  5.163263927192752E-005
  5.164061841331941E-005
  5.164850456682838E-005
  5.165629594807741E-005
  5.166398694834373E-005
  5.167158378038005E-005
  5.167908413960916E-005
  5.168648392320976E-005
  5.169378701834839E-005
  5.170099021249473E-005
  5.170809264072197E-005
  5.171509122948217E-005
  5.172198743147446E-005
  5.172877703750568E-005
  5.173546211303572E-005
  5.174203938570049E-005
  5.174850407435730E-005
  5.175486122451481E-005
  5.176110830480408E-005
  5.176724405360742E-005
  5.177326492878481E-005
  5.177917273187875E-005
  5.178496484073069E-005
  5.179064128278650E-005
  5.179620205162820E-005
  5.180164664116100E-005
  5.180697336028948E-005
  5.181218441087517E-005
  5.181727694178717E-005
  5.182225395449661E-005
  5.182711342570794E-005
  5.183185570895236E-005
  5.183648054090984E-005
  5.184098985717506E-005
  5.184538356486847E-005
  5.184966301711915E-005
  5.185383055232762E-005
  5.185788658419194E-005
  5.186183231163900E-005
  5.186566909615930E-005
  5.186939879358844E-005
  5.187302686163437E-005
  5.187655197864575E-005
  5.187997846197551E-005
  5.188331304731214E-005
  5.188655497106046E-005
  5.188970735525915E-005
  5.189277414593780E-005
  5.189575958670188E-005
  5.189866814137588E-005
  5.190150438339877E-005
  5.190427324470206E-005
  5.190697984728807E-005
  5.190962949184431E-005
  5.191222783933843E-005
  5.191478078976656E-005
  5.191729390308230E-005
  5.191977278403366E-005
  5.192222374846967E-005
  5.192465201944816E-005
  5.192706295644788E-005
  5.192946146849177E-005
  5.193185220870662E-005
  5.193423861622981E-005
  5.193662382429849E-005
  5.193900975297743E-005
  5.194139708265598E-005
  5.194378516440501E-005
  5.194617240184510E-005
  5.194855497548448E-005
  5.195092782615560E-005
  5.195328506596260E-005
  5.195561995588640E-005
  5.195792546363363E-005
  5.196019456659742E-005
  5.196242071714407E-005
  5.196459824793015E-005
  5.196672253964775E-005
  5.196878990937322E-005
  5.197079767801170E-005
  5.197274390433049E-005
  5.197462728579369E-005
  5.197644685851976E-005
  5.197820208701682E-005
  5.197989255683549E-005
  5.198151802508764E-005
  5.198307838528728E-005
  5.198457353320481E-005
  5.198600339968058E-005
  5.198736800918557E-005
  5.198866723934348E-005
  5.198990122514960E-005
  5.199106997664903E-005
  5.199217343990668E-005
  5.199321170307761E-005
  5.199418471726076E-005
  5.199509255611664E-005
  5.199593529228572E-005
  5.199671288478505E-005
  5.199742542319686E-005
  5.199807294518585E-005
  5.199865543338535E-005
  5.199917299932018E-005
  5.199962563887622E-005
  5.200001339780228E-005
  5.200033633526715E-005
  5.200059448923749E-005
  5.200078788461919E-005
  5.200091658610156E-005
  5.200098062593217E-005
  5.200098005443030E-005
  5.200091490957885E-005
  5.200078525041174E-005
  5.200059108538469E-005
  5.200033249572738E-005
  5.200000950614813E-005
  5.199962216448711E-005
  5.199917051295648E-005
  5.199865459234551E-005
  5.199807444873793E-005
  5.199743013219822E-005
  5.199672167141198E-005
  5.199594913512551E-005
  5.199511251403808E-005
  5.199421188675040E-005
  5.199324730047251E-005
  5.199221876251365E-005
  5.199112634571973E-005
  5.198997005403939E-005
  5.198874995886827E-005
  5.198746608574246E-005
  5.198611850843013E-005
  5.198470718607621E-005
  5.198323219428425E-005
  5.198169359146911E-005
  5.198009135815074E-005
  5.197842562594710E-005
  5.197669630252205E-005
  5.197490351601120E-005
  5.197304727473857E-005
  5.197112760045397E-005
  5.196914449546367E-005
  5.196709800295975E-005
  5.196498821358187E-005
  5.196281515603042E-005
  5.196057872146503E-005
  5.195827911919993E-005
  5.195591622046700E-005
  5.195349014008528E-005
  5.195100092037177E-005
  5.194844843478607E-005
  5.194583282850649E-005
  5.194315420677438E-005
  5.194041249420479E-005
  5.193760765811369E-005
  5.193473968351594E-005
  5.193180877992105E-005
  5.192881478064277E-005
  5.192575792217514E-005
  5.192263794530846E-005
  5.191945496870862E-005
  5.191620916965155E-005
  5.191290033928389E-005
  5.190952857173227E-005
  5.190609379582117E-005
  5.190259620894341E-005
  5.189903569040304E-005
  5.189541214510853E-005
  5.189172583705482E-005
  5.188797656301677E-005
  5.188416433921545E-005
  5.188028922840689E-005
  5.187635126369072E-005
  5.187235045770524E-005
  5.186828656647923E-005
  5.186415979406881E-005
  5.185997012149904E-005
  5.185571760488174E-005
  5.185140194509829E-005
  5.184702334662336E-005
  5.184258190982344E-005
  5.183807743494281E-005
  5.183350982355001E-005
  5.182887943701175E-005
  5.182418585498964E-005
  5.181942909807911E-005
  5.181460912067320E-005
  5.180972623736861E-005
  5.180478005393958E-005
  5.179977083522015E-005
  5.179469824356075E-005
  5.178956243718353E-005
  5.178436344477761E-005
  5.177910085809930E-005
  5.177377493743983E-005
  5.176838540378953E-005
  5.176293267725805E-005
  5.175741631746999E-005
  5.175183610897666E-005
  5.174619232450420E-005
  5.174048470161010E-005
  5.173471333585775E-005
  5.172887793168240E-005
  5.172297888502458E-005
  5.171701517897488E-005
  5.171098750542600E-005
  5.170489583111020E-005
  5.169873985238670E-005
  5.169251909442605E-005
  5.168623436888660E-005
  5.167988450189372E-005
  5.167346975350802E-005
  5.166699003629805E-005
  5.166044563755372E-005
  5.165383605194893E-005
  5.164716073210304E-005
  5.164042025632005E-005
  5.163361400648899E-005
  5.162674215939312E-005
  5.161980404404881E-005
  5.161279997034917E-005
  5.160572946090182E-005
  5.159859266774750E-005
  5.159138848499885E-005
  5.158411729541000E-005
  5.157677882858126E-005
  5.156937324734080E-005
  5.156189993097290E-005
  5.155435805510883E-005
  5.154674829512250E-005
  5.153906957227730E-005
  5.153132189880753E-005
  5.152350495426987E-005
  5.151561829487206E-005
  5.150766170968135E-005
  5.149963422484495E-005
  5.149153594713739E-005
  5.148336663955632E-005
  5.147512565500580E-005
  5.146681200201228E-005
  5.145842531472430E-005
  5.144996530089142E-005
  5.144143176935499E-005
  5.143282344103959E-005
  5.142413998801018E-005
  5.141538025262073E-005
  5.140654390899592E-005
  5.139763048705983E-005
  5.138863864748067E-005
  5.137956756718904E-005
  5.137041644958496E-005
  5.136118469757953E-005
  5.135187081368992E-005
  5.134247437209995E-005
  5.133299375189844E-005
  5.132342827628082E-005
  5.131377680832875E-005
  5.130403709379307E-005
  5.129420852314683E-005
  5.128428945606592E-005
  5.127427828452969E-005
  5.126417401929386E-005
  5.125397346976039E-005
  5.124367611157794E-005
  5.123328002180900E-005
  5.122278384337812E-005
  5.121218490296926E-005
  5.120147986837666E-005
  5.119066851385358E-005
  5.117974692607705E-005
  5.116871377219443E-005
  5.115756580794997E-005
  5.114630138206306E-005
  5.113492380702049E-005
  5.112343126613009E-005
  5.111180962114760E-005
  5.110005997606861E-005
  5.108817883970489E-005
  5.107615978567096E-005
  5.106400082030372E-005
  5.105170197674059E-005
  5.103925615025641E-005
  5.102666218617790E-005
  5.101391354619519E-005
  5.100100987650895E-005
  5.098794756550183E-005
  5.097472220018944E-005
  5.096132624620260E-005
  5.094775802371475E-005
  5.093401538679040E-005
  5.092009392618968E-005
  5.090598781191473E-005
  5.089169545397162E-005
  5.087721405313722E-005
  5.086253990882148E-005
  5.084767296331875E-005
  5.083260807301297E-005
  5.081734435381495E-005
  5.080187977955074E-005
  5.078621100436465E-005
  5.077033884745321E-005
  5.075426441299461E-005
  5.073798578543322E-005
  5.072150601328634E-005
  5.070482575553139E-005
  5.068794880631010E-005
  5.067088076211957E-005
  5.065363238172226E-005
  5.063619357110497E-005
  5.061858547102081E-005
  5.060080702356237E-005
  5.058287627510662E-005
  5.056479215589868E-005
  5.054657666996823E-005
  5.052824584806199E-005
  5.050981301443029E-005
  5.049129093992909E-005
  5.047270301690871E-005
  5.045407851282480E-005
  5.043543235414173E-005
  5.041679107454151E-005
  5.039819019820326E-005
  5.037965329239085E-005
  5.036121196292664E-005
  5.034290252435613E-005
  5.032476306144785E-005
  5.030683295181295E-005
  5.028915093145007E-005
  5.027175465845122E-005
  5.025468791594718E-005
  5.023799320922630E-005
  5.022171551813909E-005
  5.020589768652541E-005
  5.019058273349235E-005
  5.017581968759596E-005
  5.016164202624935E-005
  5.014808944845974E-005
  5.013519718211433E-005
  5.012299790954853E-005
  5.011151722308513E-005
  5.010076540705865E-005
  5.009076398195218E-005
  5.008150366696156E-005
  5.007298008900432E-005
  5.006517562373153E-005
  5.005806408621129E-005
  5.005156850791480E-005
  5.004568216648978E-005
  5.004026157603710E-005
  5.003524311837320E-005
  5.003051582288613E-005
  5.002593719944474E-005
  5.002137155207349E-005
  5.001665607584779E-005
  5.001162577311912E-005
  5.000610305863048E-005
  4.999991252300332E-005
  4.999286120739926E-005
  4.998484225940178E-005
  4.997574722990529E-005
  4.996551357544080E-005
  4.995411945980018E-005
  4.994160527777829E-005
  4.992806272638650E-005
  4.991363325683328E-005
  4.989847091095139E-005
  4.988355527814078E-005
  4.986846568405840E-005
  4.985306415200631E-005
  4.983742470787828E-005
  4.982160666212193E-005
  4.980563267066351E-005
  4.978952714968119E-005
  4.977330949422409E-005
  4.975697340757537E-005
  4.974053987235107E-005
  4.972399695674781E-005
  4.970736157327123E-005
  4.969062380234923E-005
  4.967380078643554E-005
  4.965687118759734E-005
  4.963986011758241E-005
  4.962274838561464E-005
  4.960554308957291E-005
  4.958825018363278E-005
  4.957086659803024E-005
  4.955339312108913E-005
  4.953582335239800E-005
  4.951817455868695E-005
  4.950042794270089E-005
  4.948259473570457E-005
  4.946466947782464E-005
  4.944662821903208E-005
  4.942851736372555E-005
  4.941032141328217E-005
  4.939203676309010E-005
  4.937366217347687E-005
  4.935519721958428E-005
  4.933664195419986E-005
  4.931799618286135E-005
  4.929925962307718E-005
  4.928043068629758E-005
  4.926151107877315E-005
  4.924250305026766E-005
  4.922340039448982E-005
  4.920420396323811E-005
  4.918491701724649E-005
  4.916553610095086E-005
  4.914606114043952E-005
  4.912649484803480E-005
  4.910683369751017E-005
  4.908707777420230E-005
  4.906722785355653E-005
  4.904728363946762E-005
  4.902724329651837E-005
  4.900710755789416E-005
  4.898687543842665E-005
  4.896654718638211E-005
  4.894612075320179E-005
  4.892559961174852E-005
  4.890497793552911E-005
  4.888425734728833E-005
  4.886344185721895E-005
  4.884252495603793E-005
  4.882150659215692E-005
  4.880038881708832E-005
  4.877917156310833E-005
  4.875785369452797E-005
  4.873643534869461E-005
  4.871491483734055E-005
  4.869328556218278E-005
  4.867155786686830E-005
  4.864972778477358E-005
  4.862779187850459E-005
  4.860575207118684E-005
  4.858360905731462E-005
  4.856135708964314E-005
  4.853899620466710E-005
  4.851653730611216E-005
  4.849396362250961E-005
  4.847128408904630E-005
  4.844849965508786E-005
  4.842560135620440E-005
  4.840259216772915E-005
  4.837947940091382E-005
  4.835625195221997E-005
  4.833291514779274E-005
  4.830946270055215E-005
  4.828589990118929E-005
  4.826222660298942E-005
  4.823843916307859E-005
  4.821453119796283E-005
  4.819051473147545E-005
  4.816637636378875E-005
  4.814212782010032E-005
  4.811775687117973E-005
  4.809327308698580E-005
  4.806866964992793E-005
  4.804394766588049E-005
  4.801910220990714E-005
  4.799414099668666E-005
  4.796905595966162E-005
  4.794385114423621E-005
  4.791852110381487E-005
  4.789307008506546E-005
  4.786749319803193E-005
  4.784179635284996E-005
  4.781597299916726E-005
  4.779002378227274E-005
  4.776394956133558E-005
  4.773773801172814E-005
  4.771141070174726E-005
  4.768494335492633E-005
  4.765835386951390E-005
  4.763163047405956E-005
  4.760477752006289E-005
  4.757778805333679E-005
  4.755066985856834E-005
  4.752341401657710E-005
  4.749603479732312E-005
  4.746850632594333E-005
  4.744084949782039E-005
  4.741305029610160E-005
  4.738511656310351E-005
  4.735704300558548E-005
  4.732883709498702E-005
  4.730047745237108E-005
  4.727193303815835E-005
  4.724327563285329E-005
  4.721439443689338E-005
  4.718568963675499E-005
  4.715650822888860E-005
  4.712735615993359E-005
  4.709792390639482E-005
  4.706827648679974E-005
  4.703878953966826E-005
  4.700891581842559E-005
  4.697888827470104E-005
  4.694878026189685E-005
  4.691864420262584E-005
  4.688800265940956E-005
  4.685756595945645E-005
  4.682683537693771E-005
  4.679600938057400E-005
  4.676500034397848E-005
  4.673381455254876E-005
  4.670243532046331E-005
  4.667103540880001E-005
  4.663922160684137E-005
  4.660732894061041E-005
  4.657527979637983E-005
  4.654328578906127E-005
  4.651079243411155E-005
  4.647838980328621E-005
  4.644533345188398E-005
  4.641263282688597E-005
  4.637965547400402E-005
  4.634633925655152E-005
  4.631325080372600E-005
  4.627957733562394E-005
  4.624572218600936E-005
  4.621175366313485E-005
  4.617781240012053E-005
  4.614347633459505E-005
  4.610928421019218E-005
  4.607451448162611E-005
  4.603969273803837E-005
  4.600468300291556E-005
  4.596946449438766E-005
  4.593422759654145E-005
  4.589850696111999E-005
  4.586273055166071E-005
  4.582676054885278E-005
  4.579067583291544E-005
  4.575401517329502E-005
  4.571773024536985E-005
  4.568070041500193E-005
  4.564407405349128E-005
  4.560686196198952E-005
  4.556950642733912E-005
  4.553142606378275E-005
  4.549399993362663E-005
  4.545601513163994E-005
  4.541784943729873E-005
  4.537947442552232E-005
  4.534084295290203E-005
  4.530188653632346E-005
  4.526313967880881E-005
  4.522407076048583E-005
  4.518479293765055E-005
  4.514550289595193E-005
  4.510578938651633E-005
  4.506632995478667E-005
  4.502630071195073E-005
  4.498668243090400E-005
  4.494704687161508E-005
  4.490714354193300E-005
  4.486817346662529E-005
  4.482943147943427E-005
  4.479167105403428E-005
  4.475484148225256E-005
  4.471958120009167E-005
  4.468612367154548E-005
  4.465496844682481E-005
  4.462382305362425E-005
  4.459330359329972E-005
  4.456357942111553E-005
  4.453414566929367E-005
  4.450489490857672E-005
  4.447585049549243E-005
  4.444756914209126E-005
  4.441963304078869E-005
  4.439190097037973E-005
  4.436494684234720E-005
  4.433831899994051E-005
  4.431206855937398E-005
  4.428639124157117E-005
  4.426117793128338E-005
  4.423654675365957E-005
  4.421267330832040E-005
  4.418917292199148E-005
  4.416606927482727E-005
  4.414356514242755E-005
  4.412168213625985E-005
  4.410049494919716E-005
  4.407988082394434E-005
  4.405976192136292E-005
  4.404033338037380E-005
  4.402156960642486E-005
  4.400339770785709E-005
  4.398580851828098E-005
  4.396892757620104E-005
  4.395281637398781E-005
  4.393721249518740E-005
  4.392239592705560E-005
  4.390839600802361E-005
  4.389495436323438E-005
  4.388234016679133E-005
  4.387051631278191E-005
  4.385940098136126E-005
  4.384916200506945E-005
  4.383966861950139E-005
  4.383104204672746E-005
  4.382325259886534E-005
  4.381629005183291E-005
  4.381023786502938E-005
  4.380504440490542E-005
  4.380077671352407E-005
  4.379744508752462E-005
  4.379504032206398E-005
  4.379359404647418E-005
  4.379310353041430E-005
  4.379363633974091E-005
  4.379515671759917E-005
  4.379767956948421E-005
  4.380129171294661E-005
  4.380596063878939E-005
  4.381167216659953E-005
  4.381850070538486E-005
  4.382621348231284E-005
  4.383495700456953E-005
  4.384483014690917E-005
  4.385581923685372E-005
  4.386798806351568E-005
  4.388131999872722E-005
  4.389585338167885E-005
  4.391158247085751E-005
  4.392817690734744E-005
  4.394572288928415E-005
  4.396445159066502E-005
  4.398430258212863E-005
  4.400508431087198E-005
  4.402697410668331E-005
  4.404983158245670E-005
  4.407369059460731E-005
  4.409857155015016E-005
  4.412441294641229E-005
  4.415123376806899E-005
  4.417898947020297E-005
  4.420770639660892E-005
  4.423731185418685E-005
  4.426779631923178E-005
  4.429915979615582E-005
  4.433137063715685E-005
  4.436437184652919E-005
  4.439815367512013E-005
  4.443267149959141E-005
  4.446787544029289E-005
  4.450374735963324E-005
  4.454024076308327E-005
  4.457727177774457E-005
  4.461483052479320E-005
  4.454179450276619E-005
  4.444237357150322E-005
  4.434250826697288E-005
  4.424216284526460E-005
  4.414130270617466E-005
  4.403990113696427E-005
  4.393792041394747E-005
  4.383531845836258E-005
  4.373205459384121E-005
  4.362808959056238E-005
  4.352338395776043E-005
  4.341790294760974E-005
  4.331159914942870E-005
  4.320442801297405E-005
  4.309634350286042E-005
  4.298730074090993E-005
  4.287725325233340E-005
  4.276615170619613E-005
  4.265394661755286E-005
  4.254058550968937E-005
  4.242601764857142E-005
  4.231018868216949E-005
  4.219304365158996E-005
  4.207452590997342E-005
  4.195457637258495E-005
  4.183313810820877E-005
  4.171014787623522E-005
  4.158554309721183E-005
  4.145925975222273E-005
  4.133123111489892E-005
  4.120138856448885E-005
  4.106966205817945E-005
  4.093597915462111E-005
  4.080026545306779E-005
  4.066244988745110E-005
  4.052245335568570E-005
  4.038019647621209E-005
  4.023559159775810E-005
  4.008856033343220E-005
  3.993901380409843E-005
  3.978686845490341E-005
  3.963203061825099E-005
  3.947440911723887E-005
  3.931390619216994E-005
  3.915042214277120E-005
  3.898386171552316E-005
  3.881411821006080E-005
  3.864108367290713E-005
  3.846464502291516E-005
  3.828469697035826E-005
  3.810112623765164E-005
  3.791381069053573E-005
  3.772262969942103E-005
  3.752746026508476E-005
  3.732817629615233E-005
  3.712464561030262E-005
  3.691672927806738E-005
  3.670429024953396E-005
  3.648718978022955E-005
  3.626528216538578E-005
  3.603841905354217E-005
  3.580644649178498E-005
  3.556920946927372E-005
  3.532654481744400E-005
  3.507829103359754E-005
  3.482427850828892E-005
  3.456433046411280E-005
  3.429827499680074E-005
  3.402592561039185E-005
  3.374710259756421E-005
  3.346160995602862E-005
  3.316925231528776E-005
  3.286983363940256E-005
  3.256315207571102E-005
  3.224899092906877E-005
  3.192714745694034E-005
  3.159740298529965E-005
  3.125953702225758E-005
  3.091330816083357E-005
  3.055850219536389E-005
  3.019487397793553E-005
  2.982219138728823E-005
  2.944021927770711E-005
  2.904868724573964E-005
  2.864735982014085E-005
  2.823598334728261E-005
  2.781427745663776E-005
  2.738201495092265E-005
  2.693895828891336E-005
  2.648472378878277E-005
  2.601916501932454E-005
  2.554198219763337E-005
  2.505290642645316E-005
  2.455148928683211E-005
  2.403768297321168E-005
  2.351056717370281E-005
  2.297073292386993E-005
