  2.864538739771812E-005
  3.123863968836713E-006
  3.843386914876223E-006
  2.334419907850637E-006
  8.417165859549206E-007
  1.200000017881393E-006
  6.058899871794268E-007
  1.200000017881393E-006
  1.200000017881393E-006
  1.200000017881393E-006
  1.200000017881393E-006
  1.200000017881393E-006
  1.200000017881393E-006
  1.200000017881393E-006
  1.200000017881393E-006
  1.200000017881393E-006
  1.200000017881393E-006
  1.200000017881393E-006
  1.200000017881393E-006
  1.200000017881393E-006
  1.200000017881393E-006
  1.200000017881393E-006
  1.200000017881393E-006
  1.200000017881393E-006
  1.200000017881393E-006
  1.200000017881393E-006
  1.200000017881393E-006
  1.200000017881393E-006
  1.200000017881393E-006
  1.200000017881393E-006
  1.200000017881393E-006
  1.200000017881393E-006
  1.200000017881393E-006
  1.200000017881393E-006
  1.200000017881393E-006
  1.200000017881393E-006
  1.200000017881393E-006
  1.200000017881393E-006
  1.200000017881393E-006
  1.200000017881393E-006
  1.200000017881393E-006
  1.200000017881393E-006
  1.200000017881393E-006
  1.200000017881393E-006
  1.200000017881393E-006
  1.200000017881393E-006
  1.200000017881393E-006
  1.200000017881393E-006
  1.200000017881393E-006
  1.200000017881393E-006
  1.200000017881393E-006
  1.200000017881393E-006
  1.200000017881393E-006
  1.200000017881393E-006
  1.200000017881393E-006
  1.200000017881393E-006
  1.200000017881393E-006
  1.200000017881393E-006
  1.200000017881393E-006
  1.200000017881393E-006
  1.200000017881393E-006
  1.200000017881393E-006
  1.200000017881393E-006
  1.200000017881393E-006
  1.200000017881393E-006
  1.200000017881393E-006
  1.200000017881393E-006
  1.200000017881393E-006
  1.200000017881393E-006
  1.200000017881393E-006
  1.200000017881393E-006
  1.200000017881393E-006
  1.200000017881393E-006
  1.200000017881393E-006
  1.200000017881393E-006
  1.200000017881393E-006
  1.200000017881393E-006
  1.200000017881393E-006
  1.200000017881393E-006
  1.200000017881393E-006
  1.200000017881393E-006
  1.200000017881393E-006
  1.200000017881393E-006
  1.200000017881393E-006
  1.200000017881393E-006
  1.200000017881393E-006
  1.200000017881393E-006
  1.200000017881393E-006
  1.200000017881393E-006
  1.200000017881393E-006
  1.200000017881393E-006
  1.200000017881393E-006
  1.200000017881393E-006
  1.200000017881393E-006
  1.200000017881393E-006
  1.200000017881393E-006
  1.200000017881393E-006
  1.200000017881393E-006
  1.200000017881393E-006
  1.200000017881393E-006
  1.200000017881393E-006
  1.200000017881393E-006
  1.200000017881393E-006
  1.200000017881393E-006
  1.200000017881393E-006
  1.200000017881393E-006
  1.200000017881393E-006
  1.200000017881393E-006
  1.200000017881393E-006
  1.200000017881393E-006
  1.200000017881393E-006
  1.200000017881393E-006
  1.200000017881393E-006
  1.200000017881393E-006
  1.200000017881393E-006
  1.200000017881393E-006
  1.200000017881393E-006
  1.200000017881393E-006
  1.200000017881393E-006
  1.200000017881393E-006
  1.200000017881393E-006
  1.200000017881393E-006
  1.200000017881393E-006
  1.200000017881393E-006
  1.200000017881393E-006
  1.200000017881393E-006
  1.200000017881393E-006
  1.200000017881393E-006
  1.200000017881393E-006
  1.200000017881393E-006
  1.200000017881393E-006
  1.200000017881393E-006
  1.200000017881393E-006
  1.200000017881393E-006
  1.200000017881393E-006
  1.200000017881393E-006
  1.200000017881393E-006
  1.200000017881393E-006
  1.200000017881393E-006
  1.200000017881393E-006
  1.200000017881393E-006
  1.200000017881393E-006
  1.200000017881393E-006
  1.200000017881393E-006
  1.200000017881393E-006
  1.200000017881393E-006
  1.200000017881393E-006
  1.200000017881393E-006
  1.200000017881393E-006
  1.200000017881393E-006
  1.200000017881393E-006
  1.200000017881393E-006
  1.200000017881393E-006
  1.200000017881393E-006
  1.200000017881393E-006
  1.200000017881393E-006
  1.200000017881393E-006
  1.200000017881393E-006
  1.200000017881393E-006
  1.200000017881393E-006
  1.200000017881393E-006
  1.200000017881393E-006
  1.200000017881393E-006
  1.200000017881393E-006
  1.200000017881393E-006
  1.200000017881393E-006
  1.200000017881393E-006
  1.200000017881393E-006
  1.200000017881393E-006
  1.200000017881393E-006
  1.200000017881393E-006
  1.200000017881393E-006
  1.200000017881393E-006
  1.200000017881393E-006
  1.200000017881393E-006
  1.200000017881393E-006
  1.200000017881393E-006
  1.200000017881393E-006
  1.200000017881393E-006
  1.200000017881393E-006
  1.200000017881393E-006
  1.200000017881393E-006
  1.200000017881393E-006
  1.200000017881393E-006
  1.200000017881393E-006
  1.200000017881393E-006
  1.200000017881393E-006
  1.200000017881393E-006
  1.200000017881393E-006
  1.200000017881393E-006
  1.200000017881393E-006
  1.200000017881393E-006
  1.200000017881393E-006
  1.200000017881393E-006
  1.200000017881393E-006
  1.200000017881393E-006
  1.200000017881393E-006
  1.200000017881393E-006
  1.200000017881393E-006
  1.200000017881393E-006
  1.200000017881393E-006
  1.200000017881393E-006
  1.200000017881393E-006
  1.200000017881393E-006
  1.200000017881393E-006
  1.200000017881393E-006
  1.200000017881393E-006
  1.200000017881393E-006
  1.200000017881393E-006
  1.200000017881393E-006
  1.200000017881393E-006
  1.200000017881393E-006
  1.200000017881393E-006
  1.200000017881393E-006
  1.200000017881393E-006
  1.200000017881393E-006
  1.200000017881393E-006
  1.200000017881393E-006
  1.200000017881393E-006
  1.200000017881393E-006
  1.200000017881393E-006
  1.200000017881393E-006
  1.200000017881393E-006
  1.200000017881393E-006
  1.200000017881393E-006
  1.200000017881393E-006
  1.200000017881393E-006
  1.200000017881393E-006
  1.200000017881393E-006
  1.200000017881393E-006
  1.200000017881393E-006
  1.200000017881393E-006
  1.200000017881393E-006
  1.200000017881393E-006
  1.200000017881393E-006
  1.200000017881393E-006
  1.200000017881393E-006
  1.200000017881393E-006
  1.200000017881393E-006
  1.200000017881393E-006
  1.200000017881393E-006
  1.200000017881393E-006
  1.200000017881393E-006
  1.200000017881393E-006
  1.200000017881393E-006
  1.200000017881393E-006
  1.200000017881393E-006
  1.200000017881393E-006
  1.200000017881393E-006
  1.200000017881393E-006
  1.200000017881393E-006
  1.200000017881393E-006
  1.200000017881393E-006
  1.200000017881393E-006
  1.200000017881393E-006
  1.200000017881393E-006
  1.200000017881393E-006
  1.200000017881393E-006
  1.200000017881393E-006
  1.200000017881393E-006
  1.200000017881393E-006
  1.200000017881393E-006
  1.200000017881393E-006
  1.200000017881393E-006
  1.200000017881393E-006
  1.200000017881393E-006
  1.200000017881393E-006
  1.200000017881393E-006
  1.200000017881393E-006
  1.200000017881393E-006
  1.200000017881393E-006
  1.200000017881393E-006
  1.200000017881393E-006
  1.200000017881393E-006
  1.200000017881393E-006
  1.200000017881393E-006
  1.200000017881393E-006
  1.200000017881393E-006
  1.200000017881393E-006
  1.200000017881393E-006
  1.200000017881393E-006
  1.200000017881393E-006
  1.200000017881393E-006
  1.200000017881393E-006
  1.200000017881393E-006
  1.200000017881393E-006
  1.200000017881393E-006
  1.200000017881393E-006
  1.200000017881393E-006
  1.200000017881393E-006
  1.200000017881393E-006
  1.200000017881393E-006
  1.200000017881393E-006
  1.200000017881393E-006
  1.200000017881393E-006
  1.200000017881393E-006
  1.200000017881393E-006
  1.200000017881393E-006
  1.200000017881393E-006
  1.200000017881393E-006
  1.200000017881393E-006
  1.200000017881393E-006
  1.200000017881393E-006
  1.200000017881393E-006
  1.200000017881393E-006
  1.200000017881393E-006
  1.200000017881393E-006
  1.200000017881393E-006
  1.200000017881393E-006
  1.200000017881393E-006
  1.200000017881393E-006
  1.200000017881393E-006
  1.200000017881393E-006
  1.200000017881393E-006
  1.200000017881393E-006
  1.200000017881393E-006
  1.200000017881393E-006
  1.200000017881393E-006
  1.200000017881393E-006
  1.200000017881393E-006
  1.200000017881393E-006
  1.200000017881393E-006
  1.200000017881393E-006
  1.200000017881393E-006
  1.200000017881393E-006
  1.200000017881393E-006
  1.200000017881393E-006
  1.200000017881393E-006
  1.200000017881393E-006
  1.200000017881393E-006
  1.200000017881393E-006
  1.200000017881393E-006
  1.200000017881393E-006
  1.200000017881393E-006
  1.200000017881393E-006
  1.200000017881393E-006
  1.200000017881393E-006
  1.200000017881393E-006
  1.200000017881393E-006
  1.200000017881393E-006
  1.200000017881393E-006
  1.200000017881393E-006
  1.200000017881393E-006
  1.200000017881393E-006
  1.200000017881393E-006
  1.200000017881393E-006
  1.200000017881393E-006
  1.200000017881393E-006
  1.200000017881393E-006
  1.200000017881393E-006
  1.200000017881393E-006
  1.200000017881393E-006
  1.200000017881393E-006
  1.200000017881393E-006
  1.200000017881393E-006
  1.200000017881393E-006
  1.200000017881393E-006
  1.200000017881393E-006
  1.200000017881393E-006
  1.200000017881393E-006
  1.200000017881393E-006
  1.200000017881393E-006
  1.200000017881393E-006
  1.200000017881393E-006
  1.200000017881393E-006
  1.200000017881393E-006
  1.200000017881393E-006
  1.200000017881393E-006
  1.200000017881393E-006
  1.200000017881393E-006
  1.200000017881393E-006
  1.200000017881393E-006
  1.200000017881393E-006
  1.200000017881393E-006
  1.200000017881393E-006
  1.200000017881393E-006
  1.200000017881393E-006
  1.200000017881393E-006
  1.200000017881393E-006
  1.200000017881393E-006
  1.200000017881393E-006
  1.200000017881393E-006
  1.200000017881393E-006
  1.200000017881393E-006
  1.200000017881393E-006
  1.200000017881393E-006
  1.200000017881393E-006
  1.200000017881393E-006
  1.200000017881393E-006
  1.200000017881393E-006
  1.200000017881393E-006
  1.200000017881393E-006
  1.200000017881393E-006
  1.200000017881393E-006
  1.200000017881393E-006
  1.200000017881393E-006
  1.200000017881393E-006
  1.200000017881393E-006
  1.200000017881393E-006
  1.200000017881393E-006
  1.200000017881393E-006
  1.200000017881393E-006
  1.200000017881393E-006
  1.200000017881393E-006
  1.200000017881393E-006
  1.200000017881393E-006
  1.200000017881393E-006
  1.200000017881393E-006
  1.200000017881393E-006
  1.200000017881393E-006
  1.200000017881393E-006
  1.200000017881393E-006
  1.200000017881393E-006
  1.200000017881393E-006
  1.200000017881393E-006
  1.200000017881393E-006
  1.200000017881393E-006
  1.200000017881393E-006
  1.200000017881393E-006
  1.200000017881393E-006
  1.200000017881393E-006
  1.200000017881393E-006
  1.200000017881393E-006
  1.200000017881393E-006
  1.200000017881393E-006
  1.200000017881393E-006
  1.200000017881393E-006
  1.200000017881393E-006
  1.200000017881393E-006
  1.200000017881393E-006
  1.200000017881393E-006
  1.200000017881393E-006
  1.200000017881393E-006
  1.200000017881393E-006
  1.200000017881393E-006
  1.200000017881393E-006
  1.200000017881393E-006
  1.200000017881393E-006
  1.200000017881393E-006
  1.200000017881393E-006
  1.200000017881393E-006
  1.200000017881393E-006
  1.200000017881393E-006
  1.200000017881393E-006
  1.200000017881393E-006
  1.200000017881393E-006
  1.200000017881393E-006
  1.200000017881393E-006
  1.200000017881393E-006
  1.200000017881393E-006
  1.200000017881393E-006
  1.200000017881393E-006
  1.200000017881393E-006
  1.200000017881393E-006
  1.200000017881393E-006
  1.200000017881393E-006
  1.200000017881393E-006
  1.200000017881393E-006
  1.200000017881393E-006
  1.200000017881393E-006
  1.200000017881393E-006
  1.200000017881393E-006
  1.200000017881393E-006
  1.200000017881393E-006
  1.200000017881393E-006
  1.200000017881393E-006
  1.200000017881393E-006
  1.200000017881393E-006
  1.200000017881393E-006
  1.200000017881393E-006
  1.200000017881393E-006
  1.200000017881393E-006
  1.200000017881393E-006
  1.200000017881393E-006
  1.200000017881393E-006
  1.200000017881393E-006
  1.200000017881393E-006
  1.200000017881393E-006
  1.200000017881393E-006
  1.200000017881393E-006
  1.200000017881393E-006
  1.200000017881393E-006
  1.200000017881393E-006
  1.200000017881393E-006
  1.200000017881393E-006
  1.200000017881393E-006
  1.200000017881393E-006
  1.200000017881393E-006
  1.200000017881393E-006
  1.200000017881393E-006
  1.200000017881393E-006
  1.200000017881393E-006
  1.200000017881393E-006
  1.200000017881393E-006
  1.200000017881393E-006
  1.200000017881393E-006
  1.200000017881393E-006
  1.200000017881393E-006
  1.200000017881393E-006
  1.200000017881393E-006
  1.200000017881393E-006
  1.200000017881393E-006
  1.200000017881393E-006
  1.200000017881393E-006
  1.200000017881393E-006
  1.200000017881393E-006
  1.200000017881393E-006
  1.200000017881393E-006
  1.200000017881393E-006
  1.200000017881393E-006
  1.200000017881393E-006
  1.200000017881393E-006
  1.200000017881393E-006
  1.200000017881393E-006
  1.200000017881393E-006
  1.200000017881393E-006
  1.200000017881393E-006
  1.200000017881393E-006
  1.200000017881393E-006
  1.200000017881393E-006
  1.200000017881393E-006
  1.200000017881393E-006
  1.200000017881393E-006
  1.200000017881393E-006
  1.200000017881393E-006
  1.200000017881393E-006
  1.200000017881393E-006
  1.200000017881393E-006
  1.200000017881393E-006
  1.200000017881393E-006
  1.200000017881393E-006
  1.200000017881393E-006
  1.200000017881393E-006
  1.200000017881393E-006
  1.200000017881393E-006
  1.200000017881393E-006
  1.200000017881393E-006
  1.200000017881393E-006
  1.200000017881393E-006
  1.200000017881393E-006
  1.200000017881393E-006
  1.200000017881393E-006
  1.200000017881393E-006
  1.200000017881393E-006
  1.200000017881393E-006
  1.200000017881393E-006
  1.200000017881393E-006
  1.200000017881393E-006
  1.200000017881393E-006
  1.200000017881393E-006
  1.200000017881393E-006
  1.200000017881393E-006
  1.200000017881393E-006
  1.200000017881393E-006
  1.200000017881393E-006
  1.200000017881393E-006
  1.200000017881393E-006
  1.200000017881393E-006
  1.200000017881393E-006
  1.200000017881393E-006
  1.200000017881393E-006
  1.200000017881393E-006
  1.200000017881393E-006
  1.200000017881393E-006
  1.200000017881393E-006
  1.200000017881393E-006
  1.200000017881393E-006
  1.200000017881393E-006
  1.200000017881393E-006
  1.200000017881393E-006
  1.200000017881393E-006
  1.200000017881393E-006
  1.200000017881393E-006
  1.200000017881393E-006
  1.200000017881393E-006
  1.200000017881393E-006
  3.233228525959167E-008
  2.102059312464101E-007
  3.881883855708270E-007
  5.662863345907773E-007
  7.444943960736332E-007
  9.228054893858030E-007
  1.101212890398506E-006
  1.279709042025506E-006
  1.458286691613409E-006
  1.636938514138606E-006
  1.815657553007788E-006
  1.994435975127526E-006
  2.173266905429827E-006
  2.352143111927321E-006
  2.531057430508898E-006
  2.710002396537335E-006
  2.888971498697605E-006
  3.067956603654308E-006
  3.246950657545701E-006
  3.425947694954721E-006
  3.604939865838673E-006
  3.783919792303744E-006
  3.962881191291206E-006
  4.141816816905875E-006
  4.320719577808274E-006
  4.499582723676279E-006
  4.678398230478650E-006
  4.857160770816212E-006
  5.035863137517658E-006
  5.214497977751353E-006
  5.393059157531253E-006
  5.571538772024990E-006
  5.749931060278169E-006
  5.928229519629657E-006
  6.106426993250041E-006
  6.284517520912532E-006
  6.462493192965515E-006
  6.640348536627193E-006
  6.818077571440341E-006
  6.995672682643732E-006
  7.173127915435499E-006
  7.350437614990866E-006
  7.527594866310997E-006
  7.704592612437717E-006
  7.881426034110560E-006
  8.058088726566064E-006
  8.234573264575046E-006
  8.410875488306040E-006
  8.586988891409366E-006
  8.762905869988964E-006
  8.938622568203616E-006
  9.114131821191974E-006
  9.289428644605882E-006
  9.464507159150626E-006
  9.639361129768727E-006
  9.813985080877760E-006
  9.988374061226014E-006
  1.016252176901501E-005
  1.033642375175749E-005
  1.051007270685741E-005
  1.068346509216524E-005
  1.085659425243274E-005
  1.102945644491380E-005
  1.120204472402790E-005
  1.137435583944079E-005
  1.154638293222208E-005
  1.171812234984419E-005
  1.188956814682752E-005
  1.206071626030481E-005
  1.223156125341329E-005
  1.240209853552556E-005
  1.257232267089722E-005
  1.274223098451370E-005
  1.291181641763336E-005
  1.308107642988934E-005
  1.325000525292952E-005
  1.341859922414750E-005
  1.358685385915600E-005
  1.375476402610165E-005
  1.392232723903546E-005
  1.408953787104417E-005
  1.425639196753689E-005
  1.442288624661718E-005
  1.458901530752834E-005
  1.475477704269420E-005
  1.492016679217582E-005
  1.508517974086760E-005
  1.524981387037480E-005
  1.541406450930932E-005
  1.557792815345729E-005
  1.574140165691909E-005
  1.590448099280634E-005
  1.606716374642089E-005
  1.622944500812188E-005
  1.639132229554784E-005
  1.655279278046734E-005
  1.671385291228062E-005
  1.687449876794553E-005
  1.703472863976373E-005
  1.719453899426283E-005
  1.735392723022675E-005
  1.751288956334169E-005
  1.767142393016412E-005
  1.782952658611468E-005
  1.798719693870383E-005
  1.814442990690337E-005
  1.830122557827447E-005
  1.845757821095166E-005
  1.861348714006264E-005
  1.876895095011437E-005
  1.892396521631985E-005
  1.907852930498793E-005
  1.923264054503325E-005
  1.938629546806106E-005
  1.953949410865290E-005
  1.969223335733456E-005
  1.984451009603367E-005
  1.999632296617039E-005
  2.014767325937403E-005
  2.029855503802658E-005
  2.044896701332210E-005
  2.059890888132625E-005
  2.074838004329965E-005
  2.089737592530362E-005
  2.104589602086371E-005
  2.119393881072042E-005
  2.134150388513270E-005
  2.148859020986121E-005
  2.163519431205365E-005
  2.178131550989416E-005
  2.192695272303646E-005
  2.207210437019100E-005
  2.221677077756284E-005
  2.236095043641577E-005
  2.250464089718140E-005
  2.264784278375549E-005
  2.279055405395401E-005
  2.293277316160253E-005
  2.307449949110859E-005
  2.321573329952404E-005
  2.335647312670832E-005
  2.349671819416504E-005
  2.363646822103448E-005
  2.377572201471152E-005
  2.391447947002163E-005
  2.405273995334697E-005
  2.419050207447870E-005
  2.432776638096553E-005
  2.446453192465053E-005
  2.460079872874333E-005
  2.473656646177935E-005
  2.487183408499673E-005
  2.500660116470105E-005
  2.514086810587062E-005
  2.527463509655211E-005
  2.540790124984432E-005
  2.554066646975803E-005
  2.567292976185908E-005
  2.580469264434542E-005
  2.593595525385721E-005
  2.606671627924034E-005
  2.619697617733994E-005
  2.632673420063580E-005
  2.645599206758787E-005
  2.658474881695586E-005
  2.671300552058751E-005
  2.684076195098072E-005
  2.696801793189221E-005
  2.709477493289577E-005
  2.722103147822540E-005
  2.734678827791394E-005
  2.747204660508319E-005
  2.759680668552488E-005
  2.772106873457185E-005
  2.784483374483066E-005
  2.796810083838469E-005
  2.809087036571623E-005
  2.821314465255471E-005
  2.833492352295587E-005
  2.845620683109439E-005
  2.857699647553332E-005
  2.869729065814708E-005
  2.881709313214773E-005
  2.893640355107036E-005
  2.905522052517412E-005
  2.917354701068725E-005
  2.929138336769937E-005
  2.940873134110141E-005
  2.952558779835744E-005
  2.964195787751675E-005
  2.975784083131839E-005
  2.987323773709022E-005
  2.998814807124140E-005
  3.010257521942588E-005
  3.021651887010257E-005
  3.032997894511701E-005
  3.044295695406364E-005
  3.055545613174419E-005
  3.066747325222367E-005
  3.077901244759390E-005
  3.089007439914994E-005
  3.100065910866368E-005
  3.111076796967251E-005
  3.122040318104684E-005
  3.132956445487102E-005
  3.143825261398604E-005
  3.154647108365549E-005
  3.165421759226921E-005
  3.176149578714929E-005
  3.186830736454406E-005
  3.197465023782896E-005
  3.208052881213513E-005
  3.218594339346365E-005
  3.229089377303694E-005
  3.239538396985459E-005
  3.249941182979657E-005
  3.260298079547646E-005
  3.270609313150886E-005
  3.280874653664289E-005
  3.291094564396689E-005
  3.301269071054893E-005
  3.311398171149248E-005
  3.321482244075645E-005
  3.331521210182759E-005
  3.341515290802131E-005
  3.351464636223552E-005
  3.361369289366751E-005
  3.371229595947870E-005
  3.381045337924382E-005
  3.390816996440200E-005
  3.400544564165200E-005
  3.410228174583708E-005
  3.419868011155015E-005
  3.429464098272690E-005
  3.439016820537035E-005
  3.448526052890499E-005
  3.457992089160882E-005
  3.467414990013952E-005
  3.476794984196581E-005
  3.486132225110748E-005
  3.495426731293914E-005
  3.504678786436822E-005
  3.513888352986465E-005
  3.523055837145460E-005
  3.532181133341967E-005
  3.541264605742601E-005
  3.550306242045051E-005
  3.559306241281635E-005
  3.568264756105472E-005
  3.577181941936909E-005
  3.586057959776269E-005
  3.594892902810916E-005
  3.603687023367277E-005
  3.612440332968576E-005
  3.621153138280471E-005
  3.629825369083982E-005
  3.638457455250151E-005
  3.647049269126856E-005
  3.655601204097231E-005
  3.664113205034850E-005
  3.672585624725366E-005
  3.681018431053323E-005
  3.689411912216633E-005
  3.697766095133525E-005
  3.706081275086833E-005
  3.714357470148589E-005
  3.722594933226456E-005
  3.730793742955350E-005
  3.738954096623952E-005
  3.747076110883060E-005
  3.755159972229135E-005
  3.763205783499823E-005
  3.771213752668803E-005
  3.779183997865690E-005
  3.787116690638787E-005
  3.795011939447413E-005
  3.802869970736882E-005
  3.810690863772119E-005
  3.818474817993414E-005
  3.826221964487719E-005
  3.833932453167867E-005
  3.841606424205237E-005
  3.849244069546775E-005
  3.856845514006962E-005
  3.864410905499984E-005
  3.871940349006355E-005
  3.879434094908034E-005
  3.886892207053126E-005
  3.894314916868752E-005
  3.901702248071364E-005
  3.909054472340648E-005
  3.916371660888457E-005
  3.923654034200682E-005
  3.930901662384825E-005
  3.938114794392388E-005
  3.945293474379903E-005
  3.952437941447350E-005
  3.959548195514528E-005
  3.966624550720025E-005
  3.973667021002357E-005
  3.980675904662576E-005
  3.987651238932803E-005
  3.994593252151614E-005
  4.001501890298282E-005
  4.008377535100557E-005
  4.015220188690799E-005
  4.022030126661519E-005
  4.028807373922254E-005
  4.035552062048926E-005
  4.042264357316427E-005
  4.048944513969878E-005
  4.055592555431101E-005
  4.062208709179101E-005
  4.068792944096989E-005
  4.075345653489026E-005
  4.081866773787438E-005
  4.088356591508527E-005
  4.094815064619192E-005
  4.101242581920495E-005
  4.107639100049126E-005
  4.114004795727550E-005
  4.120339774949428E-005
  4.126644303796677E-005
  4.132918415494040E-005
  4.139162249301720E-005
  4.145375986420638E-005
  4.151559793008623E-005
  4.157713645997972E-005
  4.163837855553616E-005
  4.169932540851302E-005
  4.175997665112905E-005
  4.182033537572948E-005
  4.188040302411237E-005
  4.194017944476040E-005
  4.199966756135651E-005
  4.205886787628594E-005
  4.211778138282469E-005
  4.217641073482901E-005
  4.223475566678789E-005
  4.229281812729060E-005
  4.235060076387132E-005
  4.240810165245809E-005
  4.246532535064902E-005
  4.252227132846921E-005
  4.257894141942540E-005
  4.263533766873529E-005
  4.269145926257326E-005
  4.274731016800765E-005
  4.280288907355915E-005
  4.285819899003333E-005
  4.291324060164295E-005
  4.296801525589328E-005
  4.302252455888264E-005
  4.307676843612104E-005
  4.313075025576173E-005
  4.318446840955635E-005
  4.323792739927872E-005
  4.329112513253341E-005
  4.334406647197432E-005
  4.339674845132601E-005
  4.344917670047001E-005
  4.350134798156079E-005
  4.355326781117786E-005
  4.360493331911879E-005
  4.365634946188142E-005
  4.370751407945052E-005
  4.375843146854990E-005
  4.380909985555707E-005
  4.385952238565725E-005
  4.390969988746949E-005
  4.395963232437749E-005
  4.400932372973789E-005
  4.405877083248004E-005
  4.410797912244458E-005
  4.415694646705661E-005
  4.420567618551683E-005
  4.425416947280858E-005
  4.430242455645659E-005
  4.435044694775561E-005
  4.439823361256064E-005
  4.444578777525674E-005
  4.449311274738964E-005
  4.454020288047496E-005
  4.458706627876762E-005
  4.463370140279284E-005
  4.468010722100424E-005
  4.472628830769662E-005
  4.477224494480897E-005
  4.481797499303638E-005
  4.486348419996968E-005
  4.490877183135701E-005
  4.495383562259149E-005
  4.499868156328918E-005
  4.504331024889931E-005
  4.508771787226640E-005
  4.513190945896462E-005
  4.517588787924620E-005
  4.521965078184899E-005
  4.526319684248363E-005
  4.530653229816407E-005
  4.534965797081119E-005
  4.539257300759933E-005
  4.543527374575446E-005
  4.547776833119946E-005
  4.552005696233761E-005
  4.556214059446124E-005
  4.560401441221576E-005
  4.564568254364004E-005
  4.568714900768384E-005
  4.572841412843421E-005
  4.576947907052652E-005
  4.581034394877611E-005
  4.585100169120670E-005
  4.589146081960376E-005
  4.593172491921687E-005
  4.597179239528540E-005
  4.601166649638123E-005
  4.605134618398278E-005
  4.609083286920668E-005
  4.613012593918494E-005
  4.616922736159172E-005
  4.620814122672361E-005
  4.624684679652569E-005
  4.628532916120851E-005
  4.633154669553703E-005
  4.636177302582314E-005
  4.639980762108618E-005
  4.643757729596181E-005
  4.647517134681969E-005
  4.651257701805889E-005
  4.654980584249315E-005
  4.658684996277119E-005
  4.662371221706648E-005
  4.666039393056550E-005
  4.669689691869051E-005
  4.673322105072105E-005
  4.676936662729910E-005
  4.680533492187495E-005
  4.684112700563037E-005
  4.687674312923326E-005
  4.691218470153582E-005
  4.694745218399206E-005
  4.698254597431705E-005
  4.701746783609967E-005
  4.705221743588966E-005
  4.708679630683178E-005
  4.712120531789039E-005
  4.715544427475433E-005
  4.718951527586221E-005
  4.722341789552009E-005
  4.725715351731996E-005
  4.729071424342434E-005
  4.732410968754948E-005
  4.735734247184865E-005
  4.739041198370108E-005
  4.742331857671259E-005
  4.745606372128409E-005
  4.748864643769270E-005
  4.752106851862429E-005
  4.755333077389101E-005
  4.758543250315629E-005
  4.761737587444477E-005
  4.764916075879336E-005
  4.768078788763189E-005
  4.771225856009064E-005
  4.774357272162449E-005
  4.777473138327887E-005
  4.780573543737869E-005
  4.783658499215744E-005
  4.786728130138806E-005
  4.789782504242784E-005
  4.792821579359436E-005
  4.795845570126286E-005
  4.798854487935168E-005
  4.801848331216900E-005
  4.804827258433660E-005
  4.807791317664042E-005
  4.810740508398019E-005
  4.813674984405002E-005
  4.816594748265764E-005
  4.819499850734536E-005
  4.822390404425405E-005
  4.825266469997034E-005
  4.828128069606150E-005
  4.830975295293531E-005
  4.833808210686382E-005
  4.836626836488727E-005
  4.839431281873002E-005
  4.842221595378086E-005
  4.844997795130205E-005
  4.847760005774486E-005
  4.850508261571396E-005
  4.853242563347382E-005
  4.855963045070878E-005
  4.858669772360200E-005
  4.861362723652641E-005
  4.864042001944450E-005
  4.866707717741917E-005
  4.869359772515318E-005
  4.871998356224236E-005
  4.874623532448991E-005
  4.877235253695026E-005
  4.879833641909864E-005
  4.882418783518774E-005
  4.884990666729709E-005
  4.887549340016217E-005
  4.890094923257395E-005
  4.892627459441422E-005
  4.895146886085320E-005
  4.897653391208321E-005
  4.900147017588386E-005
  4.902627716707491E-005
  4.905095595442100E-005
  4.907550751582167E-005
  4.909993177507643E-005
  4.912422881690252E-005
  4.914840017667410E-005
  4.917244621496587E-005
  4.919636607645056E-005
  4.922016160455006E-005
  4.924383328352763E-005
  4.926738116740642E-005
  4.929080498642228E-005
  4.931410656624381E-005
  4.933728570264502E-005
  4.936034275472288E-005
  4.938327828303604E-005
  4.940609320287411E-005
  4.942878759641707E-005
  4.945136119353726E-005
  4.947381542958164E-005
  4.949615061110570E-005
  4.951836734869058E-005
  4.954046477848743E-005
  4.956244443968210E-005
  4.958430706224227E-005
  4.960605274516541E-005
  4.962768105156817E-005
  4.964919317310078E-005
  4.967058986779550E-005
  4.969187136130230E-005
  4.971303673569121E-005
  4.973408800384946E-005
  4.975502543336967E-005
  4.977584916302597E-005
  4.979655840162452E-005
  4.981715513057254E-005
  4.983763959858726E-005
  4.985801205431273E-005
  4.987827166046780E-005
  4.989841983110774E-005
  4.991845720784949E-005
  4.993838403527137E-005
  4.995820014897145E-005
  4.997790587546778E-005
  4.999750180471173E-005
  5.001698874278992E-005
  5.003636715653190E-005
  5.005563566972873E-005
  5.007479604309929E-005
  5.009384883930658E-005
  5.011279428440744E-005
  5.013163190407033E-005
  5.015036189045305E-005
  5.016898570272943E-005
  5.018750332620978E-005
  5.020591526648788E-005
  5.022422078981772E-005
  5.024242064894596E-005
  5.026051559503524E-005
  5.027850608497828E-005
  5.029639235683377E-005
  5.031417361042469E-005
  5.033185080483247E-005
  5.034942477002856E-005
  5.036689552012736E-005
  5.038426343842968E-005
  5.040152833597411E-005
  5.041868997267375E-005
  5.043575010006238E-005
  5.045270844140615E-005
  5.046956529338924E-005
  5.048632126950522E-005
  5.050297435102549E-005
  5.051952717711278E-005
  5.053597982717799E-005
  5.055233238023021E-005
  5.056858517599512E-005
  5.058473824041767E-005
  5.060079059304946E-005
  5.061674351117241E-005
  5.063259961383444E-005
  5.064835577380906E-005
  5.066401438741753E-005
  5.067957193266100E-005
  5.069503169335729E-005
  5.071039252539900E-005
  5.072565654372066E-005
  5.074082114306482E-005
  5.075588540215152E-005
  5.077084925608754E-005
  5.078571362625881E-005
  5.080047732554540E-005
  5.081514062120801E-005
  5.082970167235813E-005
  5.084415669499349E-005
  5.085851574607715E-005
  5.087276256525428E-005
  5.088690429316733E-005
  5.090093865719500E-005
  5.091486519910544E-005
  5.092868251912720E-005
  5.094238422708921E-005
  5.095597858629891E-005
  5.096945110273910E-005
  5.098280820570888E-005
  5.099604222988847E-005
  5.100915733753711E-005
  5.102214931310985E-005
  5.103501579713210E-005
  5.104775490951084E-005
  5.106036060961726E-005
  5.107283453132184E-005
  5.108517518052494E-005
  5.109738044991608E-005
  5.110944780929023E-005
  5.112137491765875E-005
  5.113315950057636E-005
  5.114479936465262E-005
  5.115629240231429E-005
  5.116763513051726E-005
  5.117882739619896E-005
  5.118986743691657E-005
  5.120075367158995E-005
  5.121148420794245E-005
  5.122205727411544E-005
  5.123247141592202E-005
  5.124272608858947E-005
  5.125281943756245E-005
  5.126275111609782E-005
  5.127251906831771E-005
  5.128212217306029E-005
  5.129156010505945E-005
  5.130083242665091E-005
  5.130993861787436E-005
  5.131887730894924E-005
  5.132765694783849E-005
  5.133626870660843E-005
  5.134471129760562E-005
  5.135299792209576E-005
  5.136111533817403E-005
  5.136907489458487E-005
  5.137687084980655E-005
  5.138451124179626E-005
  5.139199993930137E-005
  5.139933233893906E-005
  5.140651760135102E-005
  5.141355813257320E-005
  5.142046120862818E-005
  5.142723094889116E-005
  5.143387008451873E-005
  5.144038935002046E-005
  5.144679224028193E-005
  5.145308618946924E-005
  5.145927969761343E-005
  5.146538412739959E-005
  5.147140654143907E-005
  5.147735778178077E-005
  5.148324910658568E-005
  5.148909073460662E-005
  5.149489482744153E-005
  5.150067337885419E-005
  5.150643810568006E-005
  5.151220246244835E-005
  5.151797770251216E-005
  5.152377598724711E-005
  5.152960988655769E-005
  5.153548923450142E-005
  5.154142401881615E-005
  5.154742367319704E-005
  5.155349442088528E-005
  5.155964127443614E-005
  5.156586748703191E-005
  5.157217411328371E-005
  5.157855793648578E-005
  5.158501425036620E-005
  5.159153548420883E-005
  5.159811192918408E-005
  5.160473162077235E-005
  5.161138110612879E-005
  5.161804719246514E-005
  5.162471558023729E-005
  5.163137332413278E-005
  5.163800894315771E-005
  5.164461262161366E-005
  5.165117630645510E-005
  5.165769343124928E-005
  5.166415897560574E-005
  5.167056919950091E-005
  5.167692126848482E-005
  5.168321325788272E-005
  5.168944363763111E-005
  5.169561142814313E-005
  5.170171597161138E-005
  5.170775680309563E-005
  5.171373367663218E-005
  5.171964633400816E-005
  5.172549474426199E-005
  5.173127869315030E-005
  5.173699832589226E-005
  5.174265353100482E-005
  5.174824450602631E-005
  5.175377116222687E-005
  5.175923364197754E-005
  5.176463191487963E-005
  5.176996607988307E-005
  5.177523632813074E-005
  5.178044270301980E-005
  5.178558523816994E-005
  5.179066399536618E-005
  5.179567913349738E-005
  5.180063072410001E-005
  5.180551881349026E-005
  5.181034363890752E-005
  5.181510522725552E-005
  5.181980370651903E-005
  5.182443910657610E-005
  5.182901152824205E-005
  5.183352117193162E-005
  5.183796804641915E-005
  5.184235235023190E-005
  5.184667421436862E-005
  5.185093361545688E-005
  5.185513080732901E-005
  5.185926574357557E-005
  5.186333871462152E-005
  5.186734973030100E-005
  5.187129893394484E-005
  5.187518639413225E-005
  5.187901227489233E-005
  5.188277663333158E-005
  5.188647964447263E-005
  5.189012135254675E-005
  5.189370195505489E-005
  5.189722152416095E-005
  5.190068015204162E-005
  5.190407797640769E-005
  5.190741510586251E-005
  5.191069161430068E-005
  5.191390769669435E-005
  5.191706339342016E-005
  5.192015885699646E-005
  5.192319418053009E-005
  5.192616944703232E-005
  5.192908484322253E-005
  5.193194040849219E-005
  5.193473626355695E-005
  5.193747253321229E-005
  5.194014933300907E-005
  5.194276680870182E-005
  5.194532496529640E-005
  5.194782394654017E-005
  5.195026390896683E-005
  5.195264488488823E-005
  5.195496705385533E-005
  5.195723046653082E-005
  5.195943523669803E-005
  5.196158145562670E-005
  5.196366930099609E-005
  5.196569879647631E-005
  5.196767007796226E-005
  5.196958320865706E-005
  5.197143828457130E-005
  5.197323546870629E-005
  5.197497478221151E-005
  5.197665639163897E-005
  5.197828032644396E-005
  5.197984673496160E-005
  5.198135564660636E-005
  5.198280721167373E-005
  5.198420149824942E-005
  5.198553858912570E-005
  5.198681858490077E-005
  5.198804154338436E-005
  5.198920758586931E-005
  5.199031679324644E-005
  5.199136925280758E-005
  5.199236502675498E-005
  5.199330418847259E-005
  5.199418684412482E-005
  5.199501304569471E-005
  5.199578288637085E-005
  5.199649642384006E-005
  5.199715374458032E-005
  5.199775491084137E-005
  5.199829999950927E-005
  5.199878907723464E-005
  5.199922219817283E-005
  5.199959943444345E-005
  5.199992082431314E-005
  5.200018645402936E-005
  5.200039637036295E-005
  5.200055062215296E-005
  5.200064926575866E-005
  5.200069234593708E-005
  5.200067991152232E-005
  5.200061200384677E-005
  5.200048866454559E-005
  5.200030993098117E-005
  5.200007583501605E-005
  5.199978641041339E-005
  5.199944168282577E-005
  5.199904167294720E-005
  5.199858640505258E-005
  5.199807588980509E-005
  5.199751014416086E-005
  5.199688917779295E-005
  5.199621298624044E-005
  5.199548159679590E-005
  5.199469496279923E-005
  5.199385308505399E-005
  5.199295595814672E-005
  5.199200355857001E-005
  5.199099584132819E-005
  5.198993279709565E-005
  5.198881436181422E-005
  5.198764054756675E-005
  5.198641140262589E-005
  5.198512685410834E-005
  5.198378661705092E-005
  5.198239059771737E-005
  5.198093882847278E-005
  5.197943120770193E-005
  5.197786755634249E-005
  5.197624783805931E-005
  5.197457188921989E-005
  5.197283953129920E-005
  5.197105079852842E-005
  5.196920542106284E-005
  5.196730316092696E-005
  5.196534390305406E-005
  5.196332754590597E-005
  5.196125369838213E-005
  5.195912224016673E-005
  5.195693287707405E-005
  5.195468557282323E-005
  5.195237982725458E-005
  5.195001532138168E-005
  5.194759183511323E-005
  5.194510897983162E-005
  5.194256640504246E-005
  5.193996372668266E-005
  5.193730054664022E-005
  5.193457640841690E-005
  5.193179091832035E-005
  5.192894354556976E-005
  5.192603382420998E-005
  5.192306120597196E-005
  5.192002512585581E-005
  5.191692497462275E-005
  5.191376013712369E-005
  5.191052992972958E-005
  5.190723367089461E-005
  5.190387058588173E-005
  5.190043991319296E-005
  5.189694082839960E-005
  5.189337249642860E-005
  5.188973395658095E-005
  5.188602430226849E-005
  5.188224254133049E-005
  5.187838762560180E-005
  5.187445992590359E-005
  5.187045697823991E-005
  5.186637730338241E-005
  5.186221971654856E-005
  5.185798292738554E-005
  5.185366558603494E-005
  5.184926636351121E-005
  5.184478377248763E-005
  5.184021633260071E-005
  5.183556247940975E-005
  5.183082057698375E-005
  5.182598890971423E-005
  5.182106577942119E-005
  5.181604997906613E-005
  5.181093918610278E-005
  5.180573125618511E-005
  5.180042575610678E-005
  5.179502021990527E-005
  5.178951193525218E-005
  5.178389877218668E-005
  5.177817863596474E-005
  5.177234966145831E-005
  5.176641004875853E-005
  5.176035706060739E-005
  5.175418878665147E-005
  5.174790327126774E-005
  5.174149828092073E-005
  5.173497504565665E-005
  5.172832815989125E-005
  5.172155610197694E-005
  5.171465671626289E-005
  5.170762828128236E-005
  5.170046925727027E-005
  5.169317804794895E-005
  5.168575432221627E-005
  5.167819720393669E-005
  5.167050558314654E-005
  5.166267747953335E-005
  5.165471266608601E-005
  5.164661083389113E-005
  5.163837169334961E-005
  5.162999586876093E-005
  5.162148539748219E-005
  5.161284322892165E-005
  5.160406702412092E-005
  5.159515855335007E-005
  5.158612095711778E-005
  5.157695576947860E-005
  5.156766648286668E-005
  5.155826093349300E-005
  5.154874138443534E-005
  5.153911150417449E-005
  5.152937759345874E-005
  5.151954522885376E-005
  5.150962167971439E-005
  5.149961545543240E-005
  5.148953483111572E-005
  5.147939389975569E-005
  5.146919915140413E-005
  5.145896058219717E-005
  5.144869200861455E-005
  5.143840678860300E-005
  5.142811828740602E-005
  5.141784174919530E-005
  5.140759386164019E-005
  5.139738588436267E-005
  5.138724569525779E-005
  5.137718739796067E-005
  5.136721994241296E-005
  5.135736929400882E-005
  5.134765508927583E-005
  5.133810614830789E-005
  5.132873185591423E-005
  5.131956166227634E-005
  5.131061553145486E-005
  5.130191979874679E-005
  5.129349399036720E-005
  5.128534960231473E-005
  5.127751738809370E-005
  5.127001494497721E-005
  5.126286334960409E-005
  5.125607286055893E-005
  5.124965559631986E-005
  5.124363373845898E-005
  5.123801984305782E-005
  5.123281762372674E-005
  5.122804015174065E-005
  5.122367717817104E-005
  5.121972631307278E-005
  5.121618723772312E-005
  5.121304610659714E-005
  5.121028539890852E-005
  5.120787244366686E-005
  5.120578860385650E-005
  5.120399660114534E-005
  5.120244927751659E-005
  5.120110359757115E-005
  5.119990690137729E-005
  5.119879456783763E-005
  5.119770372047892E-005
  5.119656854515554E-005
  5.119530862899369E-005
  5.119385491993887E-005
  5.119213186254732E-005
  5.119006216932839E-005
  5.118757856885648E-005
  5.118462176047357E-005
  5.118113620104347E-005
  5.117707402473267E-005
  5.117241833714428E-005
  5.116715858802989E-005
  5.116130141814395E-005
  5.115487312151681E-005
  5.114790847481857E-005
  5.114046020199608E-005
  5.113259011810646E-005
  5.112435986572027E-005
  5.111582567937977E-005
  5.110703833285872E-005
  5.109804105341973E-005
  5.108886960032210E-005
  5.107955234769089E-005
  5.107010932206962E-005
  5.106055601413841E-005
  5.105090275439085E-005
  5.104115598951243E-005
  5.103132541916441E-005
  5.102141294936441E-005
  5.101142162365937E-005
  5.100135322195560E-005
  5.099120762427694E-005
  5.098098964660894E-005
  5.097069786597220E-005
  5.096033362006896E-005
  5.094989715891159E-005
  5.093938954489426E-005
  5.092881079278386E-005
  5.091816023851552E-005
  5.090744014331189E-005
  5.089664974486523E-005
  5.088578823537619E-005
  5.087485846288418E-005
  5.086385869029076E-005
  5.085278944429523E-005
  5.084164931503262E-005
  5.083044031164336E-005
  5.081916147608249E-005
  5.080781318097623E-005
  5.079639548398587E-005
  5.078490644209291E-005
  5.077334885122889E-005
  5.076172063707686E-005
  5.075002259706085E-005
  5.073825524337547E-005
  5.072641673393950E-005
  5.071450647480271E-005
  5.070252619882369E-005
  5.069047592733291E-005
  5.067835326924843E-005
  5.066615955673677E-005
  5.065389529677995E-005
  5.064155842057709E-005
  5.062914973765189E-005
  5.061666718030607E-005
  5.060411378627172E-005
  5.059148714548670E-005
  5.057878807077147E-005
  5.056601358560483E-005
  5.055316754129422E-005
  5.054024657739534E-005
  5.052725280694381E-005
  5.051485351530185E-005
  5.050259043492771E-005
  5.049025905265884E-005
  5.047785809807683E-005
  5.046538696825698E-005
  5.045284709331276E-005
  5.044023615730268E-005
  5.042755349714140E-005
  5.041480111295930E-005
  5.040197612694854E-005
  5.038908004238840E-005
  5.037611128156511E-005
  5.036306953725405E-005
  5.034995543203802E-005
  5.033676828098668E-005
  5.032350620521444E-005
  5.031017138350796E-005
  5.029676100782636E-005
  5.028326941199145E-005
  5.026970701386060E-005
  5.025606857237406E-005
  5.024235494894207E-005
  5.022856431986501E-005
  5.021469997975106E-005
  5.020075606769624E-005
  5.018673456888873E-005
  5.017263477515010E-005
  5.015845492212233E-005
  5.014419499195003E-005
  5.012985534626159E-005
  5.011543757038781E-005
  5.010093944245170E-005
  5.008635902174942E-005
  5.007169457763302E-005
  5.005695315403829E-005
  5.004212332806265E-005
  5.002721436923380E-005
  5.001221895983548E-005
  4.999714234596197E-005
  4.998197908075947E-005
  4.996673002965775E-005
  4.995139762173175E-005
  4.993597391035924E-005
  4.992046991038431E-005
  4.990487418866335E-005
  4.988918626908874E-005
  4.987341676680460E-005
  4.985755653490061E-005
  4.984160597311299E-005
  4.982556461103787E-005
  4.980943789450683E-005
  4.979321409154706E-005
  4.977690280582697E-005
  4.976049518756017E-005
  4.974399388360057E-005
  4.972739898430937E-005
  4.971070980715669E-005
  4.969392660063915E-005
  4.967704915397963E-005
  4.966007325282310E-005
  4.964300306577977E-005
  4.962583519978122E-005
  4.960856797715748E-005
  4.959120260509737E-005
  4.957373763646273E-005
  4.955617151542247E-005
  4.953850634667761E-005
  4.952073821922587E-005
  4.950286897351401E-005
  4.948489658672281E-005
  4.946682062942692E-005
  4.944864080805483E-005
  4.943035396462833E-005
  4.941196314465871E-005
  4.939346554933557E-005
  4.937486129383761E-005
  4.935614782413570E-005
  4.933732555489786E-005
  4.931839483137229E-005
  4.929935292407521E-005
  4.928020018664900E-005
  4.926093399348338E-005
  4.924155666755114E-005
  4.922206498931217E-005
  4.920245926288699E-005
  4.918273771545284E-005
  4.916290052615077E-005
  4.914294539436170E-005
  4.912287234444778E-005
  4.910267978522590E-005
  4.908236766140028E-005
  4.906193484705488E-005
  4.904137969838185E-005
  4.902070157282219E-005
  4.899989967987564E-005
  4.897897296209374E-005
  4.895792052886884E-005
  4.893674060699600E-005
  4.891543129925908E-005
  4.889399251965674E-005
  4.887242334714314E-005
  4.885072166093120E-005
  4.882888667143174E-005
  4.880691679261842E-005
  4.878481104694649E-005
  4.876256672629281E-005
  4.874018382252126E-005
  4.871765906839196E-005
  4.869499207084497E-005
  4.867217976407523E-005
  4.864922069211784E-005
  4.862611232335966E-005
  4.860285300775924E-005
  4.857943941698085E-005
  4.855586936561163E-005
  4.853213936155247E-005
  4.850824636193423E-005
  4.848418618677920E-005
  4.845995489194650E-005
  4.843554803920040E-005
  4.841095990326576E-005
  4.838618440167733E-005
  4.836121449057743E-005
  4.833604203642728E-005
  4.831065751065758E-005
  4.828504976508786E-005
  4.825920554434755E-005
  4.823310906156789E-005
  4.820674222716144E-005
  4.818008198331523E-005
  4.815309987933482E-005
  4.812576169231688E-005
  4.809802730936079E-005
  4.806984601373299E-005
  4.804115378116021E-005
  4.801187110672222E-005
  4.798189827754340E-005
  4.795111195978456E-005
  4.791935454671883E-005
  4.788642770696988E-005
  4.785207995453028E-005
  4.781598929700365E-005
  4.777830274571126E-005
  4.774058170261248E-005
  4.770298667647483E-005
  4.766552244591247E-005
  4.762819670654282E-005
  4.759101863493460E-005
  4.755398609402898E-005
  4.751712586256360E-005
  4.748044067925697E-005
  4.744391353023232E-005
  4.740763716724095E-005
  4.737158262345250E-005
  4.733572153696990E-005
  4.730004378710695E-005
  4.726458041863167E-005
  4.722931442518810E-005
  4.719427707923238E-005
  4.715945412844694E-005
  4.712486309367213E-005
  4.709052540266802E-005
  4.705642228812530E-005
  4.702258067922095E-005
  4.698899519500932E-005
  4.695568627034510E-005
  4.692266162752521E-005
  4.688993022279056E-005
  4.685749367786197E-005
  4.682536839121220E-005
  4.679356205965694E-005
  4.676206378147831E-005
  4.673091715833545E-005
  4.670010806643695E-005
  4.666966226680168E-005
  4.663958152759704E-005
  4.660987663731882E-005
  4.658046187559428E-005
  4.655141053063947E-005
  4.652273583865981E-005
  4.649447917652382E-005
  4.646665574371048E-005
  4.643927587017731E-005
  4.641235190934739E-005
  4.638589837277970E-005
  4.635992779529922E-005
  4.633437504151115E-005
  4.630923304427171E-005
  4.628461777219870E-005
  4.626053948898281E-005
  4.623700560063011E-005
  4.621399701215530E-005
  4.619151961313173E-005
  4.616954103985785E-005
  4.614819035702477E-005
  4.612744175092240E-005
  4.610731863168135E-005
  4.608773081677229E-005
  4.606878076964485E-005
  4.605049131400107E-005
  4.603292808869897E-005
  4.601592936789429E-005
  4.599965639315086E-005
  4.598414206595379E-005
  4.596931300902677E-005
  4.595520059688287E-005
  4.594191660128851E-005
  4.592935907220300E-005
  4.591760642734098E-005
  4.590671560912899E-005
  4.589647668756616E-005
  4.588698939304070E-005
  4.587831323640658E-005
  4.587055865891211E-005
  4.586369823196857E-005
  4.585776048205221E-005
  4.585275228535469E-005
  4.584873412462129E-005
  4.584567563999172E-005
  4.584366222786737E-005
  4.584262563844776E-005
  4.584267409827461E-005
  4.584378939160330E-005
  4.584600087590356E-005
  4.584906567965929E-005
  4.585304032840448E-005
  4.585812785836739E-005
  4.586435895146642E-005
  4.587177676106623E-005
  4.588029026863130E-005
  4.588983924359048E-005
  4.590058023693149E-005
  4.591245944151715E-005
  4.592549044524506E-005
  4.593970828250994E-005
  4.595512221085286E-005
  4.597170252924053E-005
  4.598954326899333E-005
  4.600859817214613E-005
  4.602888351788268E-005
  4.605043950079747E-005
  4.607324272826659E-005
  4.609731629426217E-005
  4.612268167681266E-005
  4.614934489491090E-005
  4.617729174852496E-005
  4.620656539919801E-005
  4.623710401599587E-005
  4.626899766228540E-005
  4.630218349501954E-005
  4.633669424791718E-005
  4.637252081851330E-005
  4.640966599378667E-005
  4.644810168016274E-005
  4.648786625146629E-005
  4.652891253184634E-005
  4.657124215614262E-005
  4.661484805758676E-005
  4.665970980636344E-005
  4.670579894293118E-005
  4.675311635677342E-005
  4.680163045430829E-005
  4.685129972915002E-005
  4.690213505861203E-005
  4.695405755966955E-005
  4.700706015741874E-005
  4.706110102928777E-005
  4.711611666670139E-005
  4.717207894207204E-005
  4.722892846870002E-005
  4.728662119522554E-005
  4.734509739184048E-005
  4.740430285533702E-005
  4.746416218691722E-005
  4.752460631844295E-005
  4.758556390281523E-005
  4.764695567361962E-005
  4.770870862329605E-005
  4.777072066667884E-005
  4.783292364213918E-005
  4.789520339358024E-005
  4.795746951405300E-005
  4.801962364193775E-005
  4.808154505502811E-005
  4.814314455920102E-005
  4.820429739830958E-005
  4.813534438420545E-005
  4.803511883560826E-005
  4.793411688357394E-005
  4.783230974580982E-005
  4.772966456580091E-005
  4.762615639941642E-005
  4.752174535445972E-005
  4.741640254046810E-005
  4.731008644857079E-005
  4.720276136668498E-005
  4.709438344148270E-005
  4.698491362627924E-005
  4.687430457927995E-005
  4.676251200509965E-005
  4.664948984518433E-005
  4.653518486512522E-005
  4.641954469848051E-005
  4.630251801805483E-005
  4.618405303025697E-005
  4.606408736866444E-005
  4.594256264255229E-005
  4.581941790260274E-005
  4.569459258184439E-005
  4.556802338999244E-005
  4.543964132326737E-005
  4.530938215182762E-005
  4.517717128487039E-005
  4.504293793384350E-005
  4.490660943732003E-005
  4.476810676326013E-005
  4.462735526236083E-005
  4.448427550243313E-005
  4.433878344844494E-005
  4.419079811396615E-005
  4.404023358734333E-005
  4.388700275803796E-005
  4.373101571624775E-005
  4.357218165402500E-005
  4.341040907904500E-005
  4.324559849520058E-005
  4.307765605918836E-005
  4.290648267511338E-005
  4.273197761166112E-005
  4.255403952786090E-005
  4.237256526859529E-005
  4.218744865784327E-005
  4.199858256457930E-005
  4.180585704950837E-005
  4.160916212283213E-005
  4.140838592947647E-005
  4.120341414871985E-005
  4.099413031377544E-005
  4.078042017071374E-005
  4.056216370173059E-005
  4.033924311641064E-005
  4.011153813903654E-005
  3.987892706054408E-005
  3.964128919756568E-005
  3.939850139510694E-005
  3.915043996564853E-005
  3.889698218368044E-005
  3.863800007801052E-005
  3.837337745357953E-005
  3.810298603625025E-005
  3.782670347393617E-005
  3.754440782513681E-005
  3.725597408346144E-005
  3.696128583171086E-005
  3.666021382044543E-005
  3.635264724086538E-005
  3.603846576292094E-005
  3.571754911996261E-005
  3.538978745775761E-005
  3.505507157328678E-005
  3.471328504376948E-005
  3.436433174768137E-005
  3.400810157681296E-005
  3.364449996499387E-005
  3.327341826497058E-005
  3.289478064054191E-005
  3.250848665250415E-005
  3.211445875056541E-005
  3.171262994047593E-005
  3.130290101140657E-005
  3.088522250258951E-005
  3.045952831328947E-005
  3.002573901579205E-005
  2.958384701000753E-005
  2.913383259820873E-005
  2.867552355002277E-005
  2.820902723221387E-005
  2.773428737261525E-005
  2.725128618211931E-005
  2.675980756148343E-005
  2.626011047430372E-005
  2.575144583168313E-005
  2.523484264306741E-005
