  2.885935429515472E-005
  5.944980058026236E-006
  4.636793747335871E-006
  2.983644168508942E-006
  1.659244605758564E-006
  1.200000017881393E-006
  1.200000017881393E-006
  1.200000017881393E-006
  1.200000017881393E-006
  1.200000017881393E-006
  1.200000017881393E-006
  1.200000017881393E-006
  1.200000017881393E-006
  1.200000017881393E-006
  1.200000017881393E-006
  1.200000017881393E-006
  1.200000017881393E-006
  1.200000017881393E-006
  1.200000017881393E-006
  1.200000017881393E-006
  1.200000017881393E-006
  1.200000017881393E-006
  1.200000017881393E-006
  1.200000017881393E-006
  1.200000017881393E-006
  1.200000017881393E-006
  1.200000017881393E-006
  1.200000017881393E-006
  1.200000017881393E-006
  1.200000017881393E-006
  1.200000017881393E-006
  1.200000017881393E-006
  1.200000017881393E-006
  1.200000017881393E-006
  1.200000017881393E-006
  1.200000017881393E-006
  1.200000017881393E-006
  1.200000017881393E-006
  1.200000017881393E-006
  1.200000017881393E-006
  1.200000017881393E-006
  1.200000017881393E-006
  1.200000017881393E-006
  1.200000017881393E-006
  1.200000017881393E-006
  1.200000017881393E-006
  1.200000017881393E-006
  1.200000017881393E-006
  1.200000017881393E-006
  1.200000017881393E-006
  1.200000017881393E-006
  1.200000017881393E-006
  1.200000017881393E-006
  1.200000017881393E-006
  1.200000017881393E-006
  1.200000017881393E-006
  1.200000017881393E-006
  1.200000017881393E-006
  1.200000017881393E-006
  1.200000017881393E-006
  1.200000017881393E-006
  1.200000017881393E-006
  1.200000017881393E-006
  1.200000017881393E-006
  1.200000017881393E-006
  1.200000017881393E-006
  1.200000017881393E-006
  1.200000017881393E-006
  1.200000017881393E-006
  1.200000017881393E-006
  1.200000017881393E-006
  1.200000017881393E-006
  1.200000017881393E-006
  1.200000017881393E-006
  1.200000017881393E-006
  1.200000017881393E-006
  1.200000017881393E-006
  1.200000017881393E-006
  1.200000017881393E-006
  1.200000017881393E-006
  1.200000017881393E-006
  1.200000017881393E-006
  1.200000017881393E-006
  1.200000017881393E-006
  1.200000017881393E-006
  1.200000017881393E-006
  1.200000017881393E-006
  1.200000017881393E-006
  1.200000017881393E-006
  1.200000017881393E-006
  1.200000017881393E-006
  1.200000017881393E-006
  1.200000017881393E-006
  1.200000017881393E-006
  1.200000017881393E-006
  1.200000017881393E-006
  1.200000017881393E-006
  1.200000017881393E-006
  1.200000017881393E-006
  1.200000017881393E-006
  1.200000017881393E-006
  1.200000017881393E-006
  1.200000017881393E-006
  1.200000017881393E-006
  1.200000017881393E-006
  1.200000017881393E-006
  1.200000017881393E-006
  1.200000017881393E-006
  1.200000017881393E-006
  1.200000017881393E-006
  1.200000017881393E-006
  1.200000017881393E-006
  1.200000017881393E-006
  1.200000017881393E-006
  1.200000017881393E-006
  1.200000017881393E-006
  1.200000017881393E-006
  1.200000017881393E-006
  1.200000017881393E-006
  1.200000017881393E-006
  1.200000017881393E-006
  1.200000017881393E-006
  1.200000017881393E-006
  1.200000017881393E-006
  1.200000017881393E-006
  1.200000017881393E-006
  1.200000017881393E-006
  1.200000017881393E-006
  1.200000017881393E-006
  1.200000017881393E-006
  1.200000017881393E-006
  1.200000017881393E-006
  1.200000017881393E-006
  1.200000017881393E-006
  1.200000017881393E-006
  1.200000017881393E-006
  1.200000017881393E-006
  1.200000017881393E-006
  1.200000017881393E-006
  1.200000017881393E-006
  1.200000017881393E-006
  1.200000017881393E-006
  1.200000017881393E-006
  1.200000017881393E-006
  1.200000017881393E-006
  1.200000017881393E-006
  1.200000017881393E-006
  1.200000017881393E-006
  1.200000017881393E-006
  1.200000017881393E-006
  1.200000017881393E-006
  1.200000017881393E-006
  1.200000017881393E-006
  1.200000017881393E-006
  1.200000017881393E-006
  1.200000017881393E-006
  1.200000017881393E-006
  1.200000017881393E-006
  1.200000017881393E-006
  1.200000017881393E-006
  1.200000017881393E-006
  1.200000017881393E-006
  1.200000017881393E-006
  1.200000017881393E-006
  1.200000017881393E-006
  1.200000017881393E-006
  1.200000017881393E-006
  1.200000017881393E-006
  1.200000017881393E-006
  1.200000017881393E-006
  1.200000017881393E-006
  1.200000017881393E-006
  1.200000017881393E-006
  1.200000017881393E-006
  1.200000017881393E-006
  1.200000017881393E-006
  1.200000017881393E-006
  1.200000017881393E-006
  1.200000017881393E-006
  1.200000017881393E-006
  1.200000017881393E-006
  1.200000017881393E-006
  1.200000017881393E-006
  1.200000017881393E-006
  1.200000017881393E-006
  1.200000017881393E-006
  1.200000017881393E-006
  1.200000017881393E-006
  1.200000017881393E-006
  1.200000017881393E-006
  1.200000017881393E-006
  1.200000017881393E-006
  1.200000017881393E-006
  1.200000017881393E-006
  1.200000017881393E-006
  1.200000017881393E-006
  1.200000017881393E-006
  1.200000017881393E-006
  1.200000017881393E-006
  1.200000017881393E-006
  1.200000017881393E-006
  1.200000017881393E-006
  1.200000017881393E-006
  1.200000017881393E-006
  1.200000017881393E-006
  1.200000017881393E-006
  1.200000017881393E-006
  1.200000017881393E-006
  1.200000017881393E-006
  1.200000017881393E-006
  1.200000017881393E-006
  1.200000017881393E-006
  1.200000017881393E-006
  1.200000017881393E-006
  1.200000017881393E-006
  1.200000017881393E-006
  1.200000017881393E-006
  1.200000017881393E-006
  1.200000017881393E-006
  1.200000017881393E-006
  1.200000017881393E-006
  1.200000017881393E-006
  1.200000017881393E-006
  1.200000017881393E-006
  1.200000017881393E-006
  1.200000017881393E-006
  1.200000017881393E-006
  1.200000017881393E-006
  1.200000017881393E-006
  1.200000017881393E-006
  1.200000017881393E-006
  1.200000017881393E-006
  1.200000017881393E-006
  1.200000017881393E-006
  1.200000017881393E-006
  1.200000017881393E-006
  1.200000017881393E-006
  1.200000017881393E-006
  1.200000017881393E-006
  1.200000017881393E-006
  1.200000017881393E-006
  1.200000017881393E-006
  1.200000017881393E-006
  1.200000017881393E-006
  1.200000017881393E-006
  1.200000017881393E-006
  1.200000017881393E-006
  1.200000017881393E-006
  1.200000017881393E-006
  1.200000017881393E-006
  1.200000017881393E-006
  1.200000017881393E-006
  1.200000017881393E-006
  1.200000017881393E-006
  1.200000017881393E-006
  1.200000017881393E-006
  1.200000017881393E-006
  1.200000017881393E-006
  1.200000017881393E-006
  1.200000017881393E-006
  1.200000017881393E-006
  1.200000017881393E-006
  1.200000017881393E-006
  1.200000017881393E-006
  1.200000017881393E-006
  1.200000017881393E-006
  1.200000017881393E-006
  1.200000017881393E-006
  1.200000017881393E-006
  1.200000017881393E-006
  1.200000017881393E-006
  1.200000017881393E-006
  1.200000017881393E-006
  1.200000017881393E-006
  1.200000017881393E-006
  1.200000017881393E-006
  1.200000017881393E-006
  1.200000017881393E-006
  1.200000017881393E-006
  1.200000017881393E-006
  1.200000017881393E-006
  1.200000017881393E-006
  1.200000017881393E-006
  1.200000017881393E-006
  1.200000017881393E-006
  1.200000017881393E-006
  1.200000017881393E-006
  1.200000017881393E-006
  1.200000017881393E-006
  1.200000017881393E-006
  1.200000017881393E-006
  1.200000017881393E-006
  1.200000017881393E-006
  1.200000017881393E-006
  1.200000017881393E-006
  1.200000017881393E-006
  1.200000017881393E-006
  1.200000017881393E-006
  1.200000017881393E-006
  1.200000017881393E-006
  1.200000017881393E-006
  1.200000017881393E-006
  1.200000017881393E-006
  1.200000017881393E-006
  1.200000017881393E-006
  1.200000017881393E-006
  1.200000017881393E-006
  1.200000017881393E-006
  1.200000017881393E-006
  1.200000017881393E-006
  1.200000017881393E-006
  1.200000017881393E-006
  1.200000017881393E-006
  1.200000017881393E-006
  1.200000017881393E-006
  1.200000017881393E-006
  1.200000017881393E-006
  1.200000017881393E-006
  1.200000017881393E-006
  1.200000017881393E-006
  1.200000017881393E-006
  1.200000017881393E-006
  1.200000017881393E-006
  1.200000017881393E-006
  1.200000017881393E-006
  1.200000017881393E-006
  1.200000017881393E-006
  1.200000017881393E-006
  1.200000017881393E-006
  1.200000017881393E-006
  1.200000017881393E-006
  1.200000017881393E-006
  1.200000017881393E-006
  1.200000017881393E-006
  1.200000017881393E-006
  1.200000017881393E-006
  1.200000017881393E-006
  1.200000017881393E-006
  1.200000017881393E-006
  1.200000017881393E-006
  1.200000017881393E-006
  1.200000017881393E-006
  1.200000017881393E-006
  1.200000017881393E-006
  1.200000017881393E-006
  1.200000017881393E-006
  1.200000017881393E-006
  1.200000017881393E-006
  1.200000017881393E-006
  1.200000017881393E-006
  1.200000017881393E-006
  1.200000017881393E-006
  1.200000017881393E-006
  1.200000017881393E-006
  1.200000017881393E-006
  1.200000017881393E-006
  1.200000017881393E-006
  1.200000017881393E-006
  1.200000017881393E-006
  1.200000017881393E-006
  1.200000017881393E-006
  1.200000017881393E-006
  1.200000017881393E-006
  1.200000017881393E-006
  1.200000017881393E-006
  1.200000017881393E-006
  1.200000017881393E-006
  1.200000017881393E-006
  1.200000017881393E-006
  1.200000017881393E-006
  1.200000017881393E-006
  1.200000017881393E-006
  1.200000017881393E-006
  1.200000017881393E-006
  1.200000017881393E-006
  1.200000017881393E-006
  1.200000017881393E-006
  1.200000017881393E-006
  1.200000017881393E-006
  1.200000017881393E-006
  1.200000017881393E-006
  1.200000017881393E-006
  1.200000017881393E-006
  1.200000017881393E-006
  1.200000017881393E-006
  1.200000017881393E-006
  1.200000017881393E-006
  1.200000017881393E-006
  1.200000017881393E-006
  1.200000017881393E-006
  1.200000017881393E-006
  1.200000017881393E-006
  1.200000017881393E-006
  1.200000017881393E-006
  1.200000017881393E-006
  1.200000017881393E-006
  1.200000017881393E-006
  1.200000017881393E-006
  1.200000017881393E-006
  1.200000017881393E-006
  1.200000017881393E-006
  1.200000017881393E-006
  1.200000017881393E-006
  1.200000017881393E-006
  1.200000017881393E-006
  1.200000017881393E-006
  1.200000017881393E-006
  1.200000017881393E-006
  1.200000017881393E-006
  1.200000017881393E-006
  1.200000017881393E-006
  1.200000017881393E-006
  1.200000017881393E-006
  1.200000017881393E-006
  1.200000017881393E-006
  1.200000017881393E-006
  1.200000017881393E-006
  1.200000017881393E-006
  1.200000017881393E-006
  1.200000017881393E-006
  1.200000017881393E-006
  1.200000017881393E-006
  1.200000017881393E-006
  1.200000017881393E-006
  1.200000017881393E-006
  1.200000017881393E-006
  1.200000017881393E-006
  1.200000017881393E-006
  1.200000017881393E-006
  1.200000017881393E-006
  1.200000017881393E-006
  1.200000017881393E-006
  1.200000017881393E-006
  1.200000017881393E-006
  1.200000017881393E-006
  1.200000017881393E-006
  1.200000017881393E-006
  1.200000017881393E-006
  1.200000017881393E-006
  1.200000017881393E-006
  1.200000017881393E-006
  1.200000017881393E-006
  1.200000017881393E-006
  1.200000017881393E-006
  1.200000017881393E-006
  1.200000017881393E-006
  1.200000017881393E-006
  1.200000017881393E-006
  1.200000017881393E-006
  1.200000017881393E-006
  1.200000017881393E-006
  1.200000017881393E-006
  1.200000017881393E-006
  1.200000017881393E-006
  1.200000017881393E-006
  1.200000017881393E-006
  1.200000017881393E-006
  1.200000017881393E-006
  1.200000017881393E-006
  1.200000017881393E-006
  1.200000017881393E-006
  1.200000017881393E-006
  1.200000017881393E-006
  1.200000017881393E-006
  1.200000017881393E-006
  1.200000017881393E-006
  1.200000017881393E-006
  1.200000017881393E-006
  1.200000017881393E-006
  1.200000017881393E-006
  1.200000017881393E-006
  1.200000017881393E-006
  1.200000017881393E-006
  1.200000017881393E-006
  1.200000017881393E-006
  1.200000017881393E-006
  1.200000017881393E-006
  1.200000017881393E-006
  1.200000017881393E-006
  1.200000017881393E-006
  1.200000017881393E-006
  1.200000017881393E-006
  1.200000017881393E-006
  1.200000017881393E-006
  1.200000017881393E-006
  1.200000017881393E-006
  1.200000017881393E-006
  1.200000017881393E-006
  1.200000017881393E-006
  1.200000017881393E-006
  1.200000017881393E-006
  1.200000017881393E-006
  1.200000017881393E-006
  1.200000017881393E-006
  1.200000017881393E-006
  1.200000017881393E-006
  1.200000017881393E-006
  1.200000017881393E-006
  1.200000017881393E-006
  1.200000017881393E-006
  1.200000017881393E-006
  1.200000017881393E-006
  1.200000017881393E-006
  1.200000017881393E-006
  1.200000017881393E-006
  1.200000017881393E-006
  1.200000017881393E-006
  1.200000017881393E-006
  1.200000017881393E-006
  1.200000017881393E-006
  1.200000017881393E-006
  1.200000017881393E-006
  1.200000017881393E-006
  1.200000017881393E-006
  1.200000017881393E-006
  1.200000017881393E-006
  1.200000017881393E-006
  1.200000017881393E-006
  1.200000017881393E-006
  1.200000017881393E-006
  1.200000017881393E-006
  1.200000017881393E-006
  1.200000017881393E-006
  1.200000017881393E-006
  1.200000017881393E-006
  1.200000017881393E-006
  1.200000017881393E-006
  1.200000017881393E-006
  1.200000017881393E-006
  1.200000017881393E-006
  1.200000017881393E-006
  1.200000017881393E-006
  1.200000017881393E-006
  1.200000017881393E-006
  1.200000017881393E-006
  1.200000017881393E-006
  1.200000017881393E-006
  1.200000017881393E-006
  1.200000017881393E-006
  1.200000017881393E-006
  1.200000017881393E-006
  1.200000017881393E-006
  1.200000017881393E-006
  1.200000017881393E-006
  1.200000017881393E-006
  1.200000017881393E-006
  1.200000017881393E-006
  1.200000017881393E-006
  1.200000017881393E-006
  1.200000017881393E-006
  1.200000017881393E-006
  1.200000017881393E-006
  1.200000017881393E-006
  1.200000017881393E-006
  1.200000017881393E-006
  1.200000017881393E-006
  1.200000017881393E-006
  1.200000017881393E-006
  1.200000017881393E-006
  1.200000017881393E-006
  1.200000017881393E-006
  1.200000017881393E-006
  1.200000017881393E-006
  1.200000017881393E-006
  1.200000017881393E-006
  1.200000017881393E-006
  1.200000017881393E-006
  1.200000017881393E-006
  1.200000017881393E-006
  1.200000017881393E-006
  1.200000017881393E-006
  1.200000017881393E-006
  1.200000017881393E-006
  1.200000017881393E-006
  1.200000017881393E-006
  1.200000017881393E-006
  1.200000017881393E-006
  1.200000017881393E-006
  1.200000017881393E-006
  1.200000017881393E-006
  1.200000017881393E-006
  1.200000017881393E-006
  1.200000017881393E-006
  1.200000017881393E-006
  1.200000017881393E-006
  1.200000017881393E-006
  1.200000017881393E-006
  1.144590904386275E-007
  2.577935538221955E-007
  4.013397522035438E-007
  5.450961973861426E-007
  6.890615539376380E-007
  8.332337246774704E-007
  9.776105413843901E-007
  1.122189763975841E-006
  1.266969017525644E-006
  1.411945977963262E-006
  1.557117910444346E-006
  1.702482987550530E-006
  1.848038288943949E-006
  1.993781554658982E-006
  2.139710110476130E-006
  2.285821173466403E-006
  2.432112612696877E-006
  2.578581816654317E-006
  2.725226111558064E-006
  2.872042588047898E-006
  3.019029049512679E-006
  3.166182709420761E-006
  3.313500701641572E-006
  3.460980612961906E-006
  3.608619634232542E-006
  3.756415151346998E-006
  3.904364035681993E-006
  4.052464086178122E-006
  4.200712264559264E-006
  4.349105509015198E-006
  4.497641452896244E-006
  4.646317188626286E-006
  4.795129612603856E-006
  4.944076304755164E-006
  5.093153913361915E-006
  5.242359925306410E-006
  5.391691383286247E-006
  5.541144846497300E-006
  5.690718185116717E-006
  5.840407880827501E-006
  5.990211210638445E-006
  6.140125079198937E-006
  6.290146780425558E-006
  6.440272813776479E-006
  6.590500351836526E-006
  6.740826416975768E-006
  6.891247939106293E-006
  7.041761866393091E-006
  7.192365004509160E-006
  7.343054268396408E-006
  7.493826586919958E-006
  7.644678898972985E-006
  7.795607976642317E-006
  7.946610493220667E-006
  8.097683640394539E-006
  8.248823782020779E-006
  8.400028127697263E-006
  8.551293288183539E-006
  8.702615958233924E-006
  8.853993078143339E-006
  9.005421179973154E-006
  9.156897182617178E-006
  9.308417841311138E-006
  9.459979642394902E-006
  9.611579708591494E-006
  9.763214020190899E-006
  9.914879874072004E-006
  1.006657405315813E-005
  1.021829241517166E-005
  1.037003239138188E-005
  1.052179022781057E-005
  1.067356284203300E-005
  1.082534652985612E-005
  1.097713807317014E-005
  1.112893442798455E-005
  1.128073143926354E-005
  1.143252591945653E-005
  1.158431474878836E-005
  1.173609458239066E-005
  1.188786145493095E-005
  1.203961220202815E-005
  1.219134366054916E-005
  1.234305194479240E-005
  1.249473380727417E-005
  1.264638571768342E-005
  1.279800406011024E-005
  1.294958545288552E-005
  1.310112686690770E-005
  1.325262411269880E-005
  1.340407421218498E-005
  1.355547320959373E-005
  1.370681777728354E-005
  1.385810455272349E-005
  1.400933006213629E-005
  1.416049058664362E-005
  1.431158277558843E-005
  1.446260285037245E-005
  1.461354781079703E-005
  1.476441359162039E-005
  1.491519722737369E-005
  1.506589448273089E-005
  1.521650248322926E-005
  1.536701728560005E-005
  1.551743574600897E-005
  1.566775375746978E-005
  1.581796878885440E-005
  1.596807631781725E-005
  1.611807333771741E-005
  1.626795630767635E-005
  1.641772144640139E-005
  1.656736556429151E-005
  1.671688504322792E-005
  1.686627628650982E-005
  1.701553622789706E-005
  1.716466071450156E-005
  1.731364663661972E-005
  1.746249039714044E-005
  1.761118881719580E-005
  1.775973833854887E-005
  1.790813504270927E-005
  1.805637577601377E-005
  1.820445741536277E-005
  1.835237616743666E-005
  1.850012828376053E-005
  1.864771049403977E-005
  1.879512028557154E-005
  1.894235330143312E-005
  1.908940619753331E-005
  1.923627554544621E-005
  1.938295834901226E-005
  1.952945162538250E-005
  1.967575091400993E-005
  1.982185338423974E-005
  1.996775547039857E-005
  2.011345391596293E-005
  2.025894597986709E-005
  2.040422838120099E-005
  2.054929715873924E-005
  2.069414919698710E-005
  2.083878113960932E-005
  2.098318936098179E-005
  2.112737130022519E-005
  2.127132363905777E-005
  2.141504294158407E-005
  2.155852668715295E-005
  2.170177147015061E-005
  2.184477399500861E-005
  2.198753064560514E-005
  2.213003874117530E-005
  2.227229524772018E-005
  2.241429621662478E-005
  2.255603943651761E-005
  2.269752171853070E-005
  2.283873937509623E-005
  2.297969021251380E-005
  2.312037097139483E-005
  2.326077853628348E-005
  2.340091020172957E-005
  2.354076253119635E-005
  2.368033314924654E-005
  2.381961883310408E-005
  2.395861630310567E-005
  2.409732341223972E-005
  2.423573689138940E-005
  2.437385425403441E-005
  2.451167242343594E-005
  2.464918908630154E-005
  2.478640080079035E-005
  2.492330449025425E-005
  2.505989809329793E-005
  2.519617903057844E-005
  2.533214499914441E-005
  2.546779229384927E-005
  2.560311910817693E-005
  2.573812222330714E-005
  2.587279978111870E-005
  2.600714890211757E-005
  2.614116637004581E-005
  2.627485035037691E-005
  2.640819851776074E-005
  2.654120831893564E-005
  2.667387714919067E-005
  2.680620297156751E-005
  2.693818279529397E-005
  2.706981435730851E-005
  2.720109547197718E-005
  2.733202409635274E-005
  2.746259806522553E-005
  2.759281496320798E-005
  2.772267230634137E-005
  2.785216773854990E-005
  2.798129926016668E-005
  2.811006534283646E-005
  2.823846327893310E-005
  2.836649060501447E-005
  2.849414603664847E-005
  2.862142725071150E-005
  2.874833281637034E-005
  2.887485979947548E-005
  2.900100618538552E-005
  2.912677107707234E-005
  2.925215248914165E-005
  2.937714723735939E-005
  2.950175472949565E-005
  2.962597309252727E-005
  2.974980045487168E-005
  2.987323409670805E-005
  2.999627331467470E-005
  3.011891702192746E-005
  3.024116203071247E-005
  3.036300729152068E-005
  3.048445176733355E-005
  3.060549419408959E-005
  3.072613112577824E-005
  3.084636244034042E-005
  3.096618702195387E-005
  3.108560247729882E-005
  3.120460778245139E-005
  3.132320177238866E-005
  3.144138259833421E-005
  3.155914908782577E-005
  3.167650062703017E-005
  3.179343521212321E-005
  3.190995132633704E-005
  3.202604869937996E-005
  3.214172543585211E-005
  3.225698035789836E-005
  3.237181307039030E-005
  3.248622162215414E-005
  3.260020534383736E-005
  3.271376366906978E-005
  3.282689405504988E-005
  3.293959715966458E-005
  3.305187169901724E-005
  3.316371576943890E-005
  3.327512990507171E-005
  3.338611243501590E-005
  3.349666240782349E-005
  3.360677979387410E-005
  3.371646260929927E-005
  3.382571121367089E-005
  3.393452476107998E-005
  3.404290167028445E-005
  3.415084261981351E-005
  3.425834586807724E-005
  3.436541125249048E-005
  3.447203848749347E-005
  3.457822619742535E-005
  3.468397504259813E-005
  3.478928343101201E-005
  3.489415156396959E-005
  3.499857902458498E-005
  3.510256456127598E-005
  3.520610929494604E-005
  3.530921130332559E-005
  3.541187152418763E-005
  3.551408908584465E-005
  3.561586366252880E-005
  3.571719563140483E-005
  3.581808360996893E-005
  3.591852886516460E-005
  3.601852991725210E-005
  3.611808763801953E-005
  3.621720133580249E-005
  3.631587119926637E-005
  3.641409758484240E-005
  3.651187947864692E-005
  3.660921751995879E-005
  3.670611125677401E-005
  3.680256153324296E-005
  3.689856778746311E-005
  3.699413048203690E-005
  3.708924989123274E-005
  3.718392560124124E-005
  3.727815832544072E-005
  3.737194726272801E-005
  3.746529413562519E-005
  3.755819790006506E-005
  3.765066001150168E-005
  3.774267993778384E-005
  3.783425805943609E-005
  3.792539490410243E-005
  3.801609070169908E-005
  3.810634634718215E-005
  3.819616158301723E-005
  3.828553742608589E-005
  3.837447321157830E-005
  3.846297100641744E-005
  3.855103025321225E-005
  3.863865206533354E-005
  3.872583612749540E-005
  3.881258401977761E-005
  3.889889581119742E-005
  3.898477210009430E-005
  3.907021322412444E-005
  3.915522056394765E-005
  3.923979497606465E-005
  3.932393560010836E-005
  3.940764456466744E-005
  3.949092224610928E-005
  3.957376947586837E-005
  3.965618624954708E-005
  3.973817473618527E-005
  3.981973458102100E-005
  3.990086679874797E-005
  3.998157267384523E-005
  4.006185294095753E-005
  4.014170772355341E-005
  4.022113919856209E-005
  4.030014724674680E-005
  4.037873308948507E-005
  4.045689842218324E-005
  4.053464257961582E-005
  4.061196797066361E-005
  4.068887514315066E-005
  4.076536476792333E-005
  4.084143850961555E-005
  4.091709681832430E-005
  4.099234089157535E-005
  4.106717254411114E-005
  4.114159109675206E-005
  4.121559996890549E-005
  4.128919792562182E-005
  4.136238809558703E-005
  4.143517030414417E-005
  4.150754624473454E-005
  4.157951712521865E-005
  4.165108367349527E-005
  4.172224796233873E-005
  4.179300954432087E-005
  4.186337211259259E-005
  4.193333411579474E-005
  4.200289974157474E-005
  4.207206708155225E-005
  4.214084028968071E-005
  4.220921808738409E-005
  4.227720439097244E-005
  4.234479792802814E-005
  4.241200205122834E-005
  4.247881683187855E-005
  4.254524424273877E-005
  4.261128560070240E-005
  4.267694144522421E-005
  4.274221474909229E-005
  4.280710446260482E-005
  4.287161494798573E-005
  4.293574427527461E-005
  4.299949699016133E-005
  4.306287262906126E-005
  4.312587282855912E-005
  4.318850041501456E-005
  4.325075365099602E-005
  4.331263749324405E-005
  4.337415157338317E-005
  4.343529709538881E-005
  4.349607715866523E-005
  4.355649110606706E-005
  4.361654134971794E-005
  4.367623102826155E-005
  4.373555788199051E-005
  4.379452635878133E-005
  4.385313852501238E-005
  4.391139229892489E-005
  4.396929221098055E-005
  4.402684007643856E-005
  4.408403574275712E-005
  4.414088017561224E-005
  4.419737730494067E-005
  4.425352891322314E-005
  4.430933100062796E-005
  4.436479073996464E-005
  4.441990937807738E-005
  4.447468869244771E-005
  4.452912407854440E-005
  4.458322343848507E-005
  4.463698795224632E-005
  4.469041901473089E-005
  4.474351531829233E-005
  4.479627810460712E-005
  4.484871256119265E-005
  4.490081985901243E-005
  4.495260157814941E-005
  4.500405884768101E-005
  4.505518752678267E-005
  4.510599465377461E-005
  4.515648274202002E-005
  4.520665323237371E-005
  4.525650743005056E-005
  4.530604752949797E-005
  4.535527392535329E-005
  4.540418898360834E-005
  4.545279432589636E-005
  4.550109066945352E-005
  4.554906722168822E-005
  4.559673896277347E-005
  4.564410867310143E-005
  4.569117743358456E-005
  4.573794660214216E-005
  4.578441622812394E-005
  4.583058912699263E-005
  4.587646688414644E-005
  4.592205052516485E-005
  4.596734182228482E-005
  4.601234198755491E-005
  4.605705077524188E-005
  4.610147412278537E-005
  4.614561051022091E-005
  4.618946348415640E-005
  4.623302956206089E-005
  4.627631564886409E-005
  4.631932984562864E-005
  4.636204943368347E-005
  4.640440441426661E-005
  4.646869218922161E-005
  4.648838413541112E-005
  4.653021770150650E-005
  4.657155504356403E-005
  4.661264517249743E-005
  4.665345477572618E-005
  4.669401414992175E-005
  4.673429772961239E-005
  4.677431451140243E-005
  4.681406768930365E-005
  4.685356601271814E-005
  4.689280490044772E-005
  4.693178531370098E-005
  4.697051179624229E-005
  4.700898305315089E-005
  4.704720315784322E-005
  4.708517256124830E-005
  4.712289180909409E-005
  4.716036344969558E-005
  4.719758863582058E-005
  4.723456887018088E-005
  4.727130577411554E-005
  4.730780083303934E-005
  4.734405511371723E-005
  4.738007088424794E-005
  4.741584869037253E-005
  4.745139055593886E-005
  4.748669806407935E-005
  4.752177204706291E-005
  4.755661466587027E-005
  4.759122719550052E-005
  4.762561055961111E-005
  4.765976707240389E-005
  4.769369767399717E-005
  4.772740339858088E-005
  4.776088656947745E-005
  4.779414827851467E-005
  4.782718946483187E-005
  4.786001239461445E-005
  4.789261800363258E-005
  4.792500738801236E-005
  4.795718266112899E-005
  4.798914485569289E-005
  4.802089509236255E-005
  4.805243529472646E-005
  4.808376675700532E-005
  4.811489045465068E-005
  4.814580804213694E-005
  4.817652107052552E-005
  4.820703042434266E-005
  4.823733772111755E-005
  4.826744451901916E-005
  4.829735184958036E-005
  4.832706096852166E-005
  4.835657358688052E-005
  4.838589087685875E-005
  4.841501384683439E-005
  4.844394427382584E-005
  4.847268347399113E-005
  4.850123200959273E-005
  4.852959190927601E-005
  4.855776454249149E-005
  4.858575055733815E-005
  4.861355150005422E-005
  4.864116900500442E-005
  4.866860405683479E-005
  4.869585744746194E-005
  4.872293110454898E-005
  4.874982624440456E-005
  4.877654341019864E-005
  4.880308438359527E-005
  4.882945057297174E-005
  4.885564280209235E-005
  4.888166204157629E-005
  4.890751009463810E-005
  4.893318807714204E-005
  4.895869663055587E-005
  4.898403728651884E-005
  4.900921145118727E-005
  4.903422012196852E-005
  4.905906386609032E-005
  4.908374460700045E-005
  4.910826328658431E-005
  4.913262101462060E-005
  4.915681859963934E-005
  4.918085763590409E-005
  4.920473917234842E-005
  4.922846416351242E-005
  4.925203350150792E-005
  4.927544867138964E-005
  4.929871084004311E-005
  4.932182074334753E-005
  4.934477943030636E-005
  4.936758825822219E-005
  4.939024832964430E-005
  4.941276024188922E-005
  4.943512481813067E-005
  4.945734382295243E-005
  4.947941886025584E-005
  4.950135120666295E-005
  4.952314121222822E-005
  4.954479037381280E-005
  4.956629928103849E-005
  4.958766856265081E-005
  4.960889828563401E-005
  4.962998999291210E-005
  4.965094477104824E-005
  4.967176350080047E-005
  4.969244699471063E-005
  4.971299575388201E-005
  4.973341129800570E-005
  4.975369471093470E-005
  4.977384690989087E-005
  4.979386810862161E-005
  4.981375965838459E-005
  4.983352275651151E-005
  4.985315833385060E-005
  4.987266712035080E-005
  4.989204924789358E-005
  4.991130642850326E-005
  4.993043946160010E-005
  4.994944938204174E-005
  4.996833690078118E-005
  4.998710191438363E-005
  5.000574634949710E-005
  5.002427097721131E-005
  5.004267659890314E-005
  5.006096381957071E-005
  5.007913282700353E-005
  5.009718512794756E-005
  5.011512173775423E-005
  5.013294332448913E-005
  5.015065054966657E-005
  5.016824395369542E-005
  5.018572388409845E-005
  5.020309197916552E-005
  5.022034861851767E-005
  5.023749480511550E-005
  5.025453123773320E-005
  5.027145758612006E-005
  5.028827596306892E-005
  5.030498650356927E-005
  5.032159137390707E-005
  5.033808907811675E-005
  5.035448211231213E-005
  5.037076877489591E-005
  5.038695236348139E-005
  5.040303191088407E-005
  5.041900890952978E-005
  5.043488315655789E-005
  5.045065583240347E-005
  5.046632715721235E-005
  5.048189748271609E-005
  5.049736599823408E-005
  5.051274026038749E-005
  5.052801300161300E-005
  5.054318781055962E-005
  5.055826368257075E-005
  5.057324440923765E-005
  5.058812782059162E-005
  5.060291341746198E-005
  5.061760737243684E-005
  5.063220487603657E-005
  5.064670660959068E-005
  5.066111732033189E-005
  5.067543269560340E-005
  5.068965988761706E-005
  5.070379226505593E-005
  5.071783417683490E-005
  5.073178283093008E-005
  5.074563966858030E-005
  5.075940697669405E-005
  5.077308498946652E-005
  5.078667382342471E-005
  5.080017323115202E-005
  5.081358490384875E-005
  5.082690905918551E-005
  5.084014609376273E-005
  5.085329667799784E-005
  5.086636088510848E-005
  5.087933926697898E-005
  5.089223198922606E-005
  5.090503888743972E-005
  5.091775966715042E-005
  5.093039557125392E-005
  5.094294732263023E-005
  5.095541451404274E-005
  5.096779764801769E-005
  5.098009698621857E-005
  5.099231272023799E-005
  5.100444472150373E-005
  5.101649327517011E-005
  5.102845810255312E-005
  5.104033950696558E-005
  5.105213753773832E-005
  5.106385194441379E-005
  5.107548251534489E-005
  5.108702977199247E-005
  5.109849199334840E-005
  5.110986998500486E-005
  5.112116457184277E-005
  5.113237471387684E-005
  5.114349980681531E-005
  5.115453964184673E-005
  5.116549466604480E-005
  5.117636409094534E-005
  5.118714713924755E-005
  5.119784389178390E-005
  5.120845376150966E-005
  5.121897611594209E-005
  5.122941087221079E-005
  5.123975687191049E-005
  5.125001430847698E-005
  5.126018187069637E-005
  5.127025970625883E-005
  5.128024679727975E-005
  5.129014251941505E-005
  5.129994629636067E-005
  5.130965743027821E-005
  5.131927523361199E-005
  5.132879897050822E-005
  5.133822798491518E-005
  5.134756164019791E-005
  5.135679906183687E-005
  5.136593931421353E-005
  5.137498174810557E-005
  5.138392588694394E-005
  5.139276356943999E-005
  5.140150051135777E-005
  5.141013933364289E-005
  5.141867453025165E-005
  5.142710958636702E-005
  5.143543973544714E-005
  5.144366817482838E-005
  5.145178757353641E-005
  5.145980276861173E-005
  5.146771085369207E-005
  5.147551279222611E-005
  5.148320664850576E-005
  5.149078905049921E-005
  5.149826055374651E-005
  5.150562268381941E-005
  5.151287061643907E-005
  5.152000391841522E-005
  5.152702372064281E-005
  5.153392772014748E-005
  5.154071722260361E-005
  5.154738980508984E-005
  5.155394395703426E-005
  5.156037885318048E-005
  5.156669663363981E-005
  5.157289270832684E-005
  5.157896677590197E-005
  5.158491909078959E-005
  5.159074691183176E-005
  5.159645135881942E-005
  5.160203077841320E-005
  5.160748403845677E-005
  5.161281031160291E-005
  5.161801079501992E-005
  5.162308577081754E-005
  5.162803538087344E-005
  5.163285586496502E-005
  5.163754602669906E-005
  5.164210540590427E-005
  5.164653339001389E-005
  5.165082947865606E-005
  5.165499328416296E-005
  5.165902437177753E-005
  5.166292248110270E-005
  5.166668729905808E-005
  5.167031881877335E-005
  5.167381658446973E-005
  5.167718099726366E-005
  5.168041246433121E-005
  5.168351058433910E-005
  5.168647665032172E-005
  5.168931120841102E-005
  5.169201479299769E-005
  5.169458799921045E-005
  5.169703311150122E-005
  5.169935083202820E-005
  5.170154300716271E-005
  5.170361165675645E-005
  5.170555924777414E-005
  5.170738835905040E-005
  5.170910227997224E-005
  5.171070433831906E-005
  5.171219853997888E-005
  5.171359009546007E-005
  5.171488387590535E-005
  5.171608387216537E-005
  5.171719582057942E-005
  5.171822647847357E-005
  5.171918290926615E-005
  5.172007340347153E-005
  5.172090419649194E-005
  5.172168490174596E-005
  5.172242519277157E-005
  5.172313217139830E-005
  5.172382163628128E-005
  5.172449415689741E-005
  5.172516430108289E-005
  5.172584181324834E-005
  5.172653807881263E-005
  5.172726884108224E-005
  5.172804026540686E-005
  5.172886001435299E-005
  5.172973997839042E-005
  5.173069088803427E-005
  5.173171823721101E-005
  5.173282941119246E-005
  5.173403205732921E-005
  5.173533055585305E-005
  5.173672504943220E-005
  5.173821934332804E-005
  5.173981158933647E-005
  5.174150107623455E-005
  5.174328429716187E-005
  5.174515432708587E-005
  5.174710607198966E-005
  5.174913225208831E-005
  5.175122371566650E-005
  5.175337135083961E-005
  5.175556703567865E-005
  5.175780027028073E-005
  5.176006303033634E-005
  5.176234787242062E-005
  5.176464674951048E-005
  5.176695361080564E-005
  5.176926173042111E-005
  5.177156680303897E-005
  5.177386409792558E-005
  5.177614965686509E-005
  5.177842026009652E-005
  5.178067425480423E-005
  5.178291065568304E-005
  5.178512555365320E-005
  5.178731894250517E-005
  5.178948896411236E-005
  5.179163495678721E-005
  5.179375764702740E-005
  5.179585629143853E-005
  5.179793073261558E-005
  5.179998001122263E-005
  5.180200407189819E-005
  5.180400373780654E-005
  5.180597853111129E-005
  5.180792857334171E-005
  5.180985460038323E-005
  5.181175468154032E-005
  5.181363047411723E-005
  5.181548329026658E-005
  5.181731172561306E-005
  5.181911685981836E-005
  5.182089779799526E-005
  5.182265626232314E-005
  5.182439014095982E-005
  5.182610056612218E-005
  5.182778998025963E-005
  5.182945549885821E-005
  5.183109899541606E-005
  5.183271925711849E-005
  5.183432175032841E-005
  5.183591214088153E-005
  5.183748804134871E-005
  5.183904456922537E-005
  5.184058296915738E-005
  5.184210045942819E-005
  5.184359655338459E-005
  5.184507287373050E-005
  5.184652746958767E-005
  5.184796220451791E-005
  5.184937411348450E-005
  5.185076666618933E-005
  5.185213832836699E-005
  5.185348925619367E-005
  5.185482150561628E-005
  5.185613314178812E-005
  5.185742526823412E-005
  5.185869782114552E-005
  5.185995136513346E-005
  5.186118595840860E-005
  5.186240288480924E-005
  5.186360029806088E-005
  5.186477994266694E-005
  5.186594027499311E-005
  5.186708361554534E-005
  5.186820955296550E-005
  5.186931810842246E-005
  5.187041100789758E-005
  5.187148364381982E-005
  5.187254058389397E-005
  5.187358151652860E-005
  5.187460554774914E-005
  5.187561402647181E-005
  5.187660591659565E-005
  5.187758163197582E-005
  5.187854264164511E-005
  5.187948799875814E-005
  5.188041827943755E-005
  5.188133251204200E-005
  5.188223312030356E-005
  5.188311820196971E-005
  5.188398835434177E-005
  5.188484509450587E-005
  5.188568756875561E-005
  5.188651625399711E-005
  5.188732930303108E-005
  5.188812960518947E-005
  5.188891658834039E-005
  5.188969116228363E-005
  5.189045108280191E-005
  5.189119915588369E-005
  5.189193446333277E-005
  5.189265696867328E-005
  5.189336776087630E-005
  5.189406534879629E-005
  5.189475136597099E-005
  5.189542510780411E-005
  5.189608650657913E-005
  5.189673693637515E-005
  5.189737668530363E-005
  5.189800404761811E-005
  5.189862016480869E-005
  5.189922652149409E-005
  5.189982112203910E-005
  5.190040533617576E-005
  5.190097778557583E-005
  5.190154098156777E-005
  5.190209431831742E-005
  5.190263747108946E-005
  5.190316990836423E-005
  5.190369281936790E-005
  5.190420563822521E-005
  5.190470927100496E-005
  5.190520429393023E-005
  5.190568949968809E-005
  5.190616453090004E-005
  5.190663068790422E-005
  5.190709028108814E-005
  5.190753847399523E-005
  5.190798067034981E-005
  5.190841281554483E-005
  5.190883718232571E-005
  5.190925254038567E-005
  5.190966107365684E-005
  5.191006147836459E-005
  5.191045435521747E-005
  5.191083851804572E-005
  5.191121464738026E-005
  5.191158556194713E-005
  5.191194840829468E-005
  5.191230412801026E-005
  5.191265272995633E-005
  5.191299408681734E-005
  5.191332968811306E-005
  5.191365903603954E-005
  5.191398118085960E-005
  5.191429632703792E-005
  5.191461664688854E-005
  5.191493633761774E-005
  5.191525292106368E-005
  5.191556409700249E-005
  5.191587224840578E-005
  5.191617419661099E-005
  5.191646986825511E-005
  5.191676082772551E-005
  5.191704649329706E-005
  5.191732783114865E-005
  5.191760428899707E-005
  5.191787751144191E-005
  5.191814533490742E-005
  5.191840890135607E-005
  5.191866757150915E-005
  5.191892498249767E-005
  5.191917640925296E-005
  5.191942381986591E-005
  5.191966796876383E-005
  5.191990607400633E-005
  5.192014423695921E-005
  5.192037861532292E-005
  5.192061051021695E-005
  5.192083727541418E-005
  5.192106188463184E-005
  5.192128307012094E-005
  5.192150170288370E-005
  5.192171825860600E-005
  5.192193151970101E-005
  5.192214335957452E-005
  5.192235250902998E-005
  5.192255944273982E-005
  5.192276508208702E-005
  5.192296815349129E-005
  5.192317013388331E-005
  5.192336918861289E-005
  5.192356690321958E-005
  5.192376454955814E-005
  5.192396001341615E-005
  5.192415480035823E-005
  5.192434891130084E-005
  5.192454202032919E-005
  5.192473313868548E-005
  5.192492348940460E-005
  5.192511383753045E-005
  5.192530334436876E-005
  5.192549205091312E-005
  5.192568119063084E-005
  5.192587032575407E-005
  5.192606000201326E-005
  5.192624886006561E-005
  5.192643797467741E-005
  5.192662953567982E-005
  5.192682102854291E-005
  5.192701279205183E-005
  5.192720461395794E-005
  5.192739713359775E-005
  5.192759083818821E-005
  5.192778699496528E-005
  5.192798209574484E-005
  5.192817906323541E-005
  5.192837831972011E-005
  5.192857930587482E-005
  5.192878106042601E-005
  5.192898522266632E-005
  5.192919128864527E-005
  5.192940069182811E-005
  5.192960921335274E-005
  5.192982007927913E-005
  5.193003440669298E-005
  5.193025237373325E-005
  5.193047118448795E-005
  5.193069546667242E-005
  5.193092006475213E-005
  5.193114704592173E-005
  5.193138009945164E-005
  5.193161417218081E-005
  5.193185267468233E-005
  5.193209316616809E-005
  5.193233729547281E-005
  5.193258707986078E-005
  5.193283791475833E-005
  5.193309272170043E-005
  5.193335135365180E-005
  5.193361367901921E-005
  5.193388057744444E-005
  5.193415296389334E-005
  5.193442907137334E-005
  5.193470870441477E-005
  5.193499456035933E-005
  5.193528251178687E-005
  5.193557612846601E-005
  5.193588104667523E-005
  5.193618068302834E-005
  5.193648871033941E-005
  5.193680069500094E-005
  5.193712015282802E-005
  5.193744068191389E-005
  5.193777109434239E-005
  5.193810546655705E-005
  5.193844381318881E-005
  5.193878844643666E-005
  5.193914278745244E-005
  5.193949713552343E-005
  5.193985756236153E-005
  5.194022697455250E-005
  5.194060026377791E-005
  5.194097775206153E-005
  5.194136494817672E-005
  5.194175595674097E-005
  5.194215657484659E-005
  5.194255939265138E-005
  5.194296683648090E-005
  5.194338630183044E-005
  5.194380377594016E-005
  5.194423305108817E-005
  5.194466500403678E-005
  5.194510786652575E-005
  5.194555375835484E-005
  5.194600837079595E-005
  5.194646974156545E-005
  5.194693289994269E-005
  5.194740760212886E-005
  5.194788622382291E-005
  5.194837312226033E-005
  5.194886299270935E-005
  5.194936338608224E-005
  5.194986705358568E-005
  5.195037749991805E-005
  5.195089577909516E-005
  5.195141995130185E-005
  5.195194779572594E-005
  5.195248531438866E-005
  5.195302951446701E-005
  5.195357821667183E-005
  5.195413543682396E-005
  5.195470114602244E-005
  5.195526684123290E-005
  5.195583667005043E-005
  5.195641699216752E-005
  5.195700299975138E-005
  5.195759650172017E-005
  5.195819141627244E-005
  5.195879108525128E-005
  5.195940228236421E-005
  5.196001204032198E-005
  5.196063644209634E-005
  5.196125694249841E-005
  5.196188645273179E-005
  5.196252093082868E-005
  5.196316161956946E-005
  5.196381107890798E-005
  5.196445719340482E-005
  5.196510947169119E-005
  5.196576763966166E-005
  5.196643050227192E-005
  5.196709685096729E-005
  5.196776606328267E-005
  5.196835721652283E-005
  5.196892803757549E-005
  5.196950790289473E-005
  5.197009123908323E-005
  5.197067561475233E-005
  5.197127367597815E-005
  5.197187158500481E-005
  5.197247613911457E-005
  5.197308260715322E-005
  5.197369806705317E-005
  5.197431331711544E-005
  5.197493459831888E-005
  5.197556328904139E-005
  5.197619460838122E-005
  5.197682576945156E-005
  5.197745847330842E-005
  5.197810023808673E-005
  5.197873699839992E-005
  5.197937629588841E-005
  5.198002090045518E-005
  5.198066259578096E-005
  5.198130657007201E-005
  5.198195213867119E-005
  5.198259433295381E-005
  5.198324248858779E-005
  5.198388410191229E-005
  5.198452727268345E-005
  5.198516687834750E-005
  5.198580006522413E-005
  5.198643171666289E-005
  5.198706138125451E-005
  5.198768907166171E-005
  5.198831031157822E-005
  5.198892413925999E-005
  5.198953292877197E-005
  5.199013717533217E-005
  5.199073453533021E-005
  5.199132048635813E-005
  5.199189907360662E-005
  5.199246867362233E-005
  5.199302967483063E-005
  5.199357655327842E-005
  5.199411328160068E-005
  5.199463925497696E-005
  5.199515111797189E-005
  5.199564584940565E-005
  5.199612160228484E-005
  5.199658539267962E-005
  5.199702778370658E-005
  5.199745291756012E-005
  5.199785804941298E-005
  5.199824166728632E-005
  5.199860176225367E-005
  5.199893995018248E-005
  5.199925065439184E-005
  5.199953272779788E-005
  5.199978846812852E-005
  5.200001243693471E-005
  5.200020411595859E-005
  5.200036130621158E-005
  5.200048276620538E-005
  5.200056547772011E-005
  5.200060741018845E-005
  5.200060648987016E-005
  5.200055967343785E-005
  5.200046433749337E-005
  5.200031792762148E-005
  5.200011765055498E-005
  5.199986137682539E-005
  5.199954296118137E-005
  5.199916188901417E-005
  5.199870894743864E-005
  5.199818740409224E-005
  5.199758148347834E-005
  5.199689384900745E-005
  5.199612007053391E-005
  5.199525132647875E-005
  5.199428418420699E-005
  5.199320636642279E-005
  5.199199734361621E-005
  5.199067904073081E-005
  5.198922480746367E-005
  5.198763656185000E-005
  5.198589558132879E-005
  5.198400169218040E-005
  5.198191623414757E-005
  5.197965172670620E-005
  5.197719070381146E-005
  5.197451947498474E-005
  5.197159334079553E-005
  5.196843051655130E-005
  5.196498874836806E-005
  5.196126349546223E-005
  5.195723848072666E-005
  5.195282236467228E-005
  5.194806961835504E-005
  5.194291358662516E-005
  5.193726262426240E-005
  5.193122910662575E-005
  5.192461747193930E-005
  5.191748501071271E-005
  5.190972885108800E-005
  5.190133872283610E-005
  5.189217167285637E-005
  5.188227456475673E-005
  5.187155935701960E-005
  5.185994816698227E-005
  5.184734272156403E-005
  5.183356114901083E-005
  5.181872857321855E-005
  5.180262679000257E-005
  5.178528015497599E-005
  5.176636518871110E-005
  5.174585927504223E-005
  5.172378980647745E-005
  5.169985958552967E-005
  5.167393396207318E-005
  5.164593170193976E-005
  5.161608895036869E-005
  5.158530386989111E-005
  5.155364389547650E-005
  5.152114500746537E-005
  5.148794922669629E-005
  5.145408707037879E-005
  5.141954982855855E-005
  5.138442760529385E-005
  5.134876902106136E-005
  5.131264176895279E-005
  5.127618662246923E-005
  5.123947825225005E-005
  5.120263997321402E-005
  5.116585004084392E-005
  5.112925160476321E-005
  5.109295432626719E-005
  5.105717762150775E-005
  5.102218133252937E-005
  5.098808174900681E-005
  5.095512801537271E-005
  5.092357954769372E-005
  5.089368486248090E-005
  5.086576478232111E-005
  5.084003211951571E-005
  5.081688557031054E-005
  5.079655765500577E-005
  5.077934110257656E-005
  5.076555170773689E-005
  5.075545362880979E-005
  5.074937096395514E-005
  5.074755565650028E-005
  5.075018259245425E-005
  5.075752780872659E-005
  5.076976633782642E-005
  5.078695575651484E-005
  5.080919066531522E-005
  5.083646963888934E-005
  5.086858204958582E-005
  5.090533489554732E-005
  5.094651252507363E-005
  5.099174553940746E-005
  5.104049668437593E-005
  5.109213116086020E-005
  5.114574267304787E-005
  5.120073635715411E-005
  5.125621288061466E-005
  5.131114281341289E-005
  5.136419042972843E-005
  5.141508372556518E-005
  5.146287000606884E-005
  5.150679639875950E-005
  5.154540774427696E-005
  5.157867746852075E-005
  5.160610920829916E-005
  5.162709407806531E-005
  5.164134101410393E-005
  5.164888877465261E-005
  5.165028978463832E-005
  5.164654501100306E-005
  5.163940543857128E-005
  5.163053167506508E-005
  5.162096174195659E-005
  5.161094925874052E-005
  5.160073916398713E-005
  5.159020155154811E-005
  5.157942412879852E-005
  5.156838931993174E-005
  5.155713486775583E-005
  5.154563946660952E-005
  5.153387877333281E-005
  5.152187671738948E-005
  5.150957540074526E-005
  5.149709657521594E-005
  5.148435264656673E-005
  5.147135142831076E-005
  5.145805165642979E-005
  5.144449630015430E-005
  5.143072276331144E-005
  5.141665627145513E-005
  5.140231073790166E-005
  5.138771265712720E-005
  5.137279416126643E-005
  5.135766822268099E-005
  5.134222465234859E-005
  5.132650108431340E-005
  5.131043274161105E-005
  5.129418399808431E-005
  5.127757079489333E-005
  5.126056481067069E-005
  5.124280078612874E-005
  5.122521636385893E-005
  5.120732476892712E-005
  5.118915993351978E-005
  5.117066896984676E-005
  5.115187235579902E-005
  5.113275359996383E-005
  5.111330951348388E-005
  5.109352433352137E-005
  5.107341060142405E-005
  5.105295981319847E-005
  5.103212422345310E-005
  5.101096708238881E-005
  5.098943039093403E-005
  5.096759682364069E-005
  5.094580424319660E-005
  5.092320036540478E-005
  5.090018681871633E-005
  5.087679555348742E-005
  5.085303824767655E-005
  5.082892088618214E-005
  5.080445398628891E-005
  5.077965364978713E-005
  5.075454802099905E-005
  5.072920588661408E-005
  5.070365526478399E-005
  5.067806673459690E-005
  5.065260815935514E-005
  5.062750222567394E-005
  5.060311268440237E-005
  5.057991924187924E-005
  5.055853626848083E-005
  5.053964815922132E-005
  5.052396747665346E-005
  5.051272582722368E-005
  5.050535746891774E-005
  5.049862406024898E-005
  5.049219233023920E-005
  5.048634150498853E-005
  5.048106735899853E-005
  5.047637572504618E-005
  5.047224910235817E-005
  5.046847306472534E-005
  5.046529614598627E-005
  5.046265576248730E-005
  5.046058704709035E-005
  5.045890693678997E-005
  5.045775344945268E-005
  5.045714832688990E-005
  5.045703747782597E-005
  5.045735871314958E-005
  5.045819208815070E-005
  5.045954336545049E-005
  5.046125107565746E-005
  5.046347381869750E-005
  5.046613882680038E-005
  5.046917010594839E-005
  5.047269384375136E-005
  5.047655313173288E-005
  5.048085296865898E-005
  5.048553788759093E-005
  5.049053585827183E-005
  5.049596038255748E-005
  5.050162437787239E-005
  5.050768140966267E-005
  5.051396677939552E-005
  5.052059427368201E-005
  5.052744021557950E-005
  5.053454371199034E-005
  5.054186918955089E-005
  5.054931784048256E-005
  5.055686392051150E-005
  5.056450637468024E-005
  5.057232420075376E-005
  5.058025777939845E-005
  5.058824015322512E-005
  5.059630606011240E-005
  5.060442927442498E-005
  5.061256778923314E-005
  5.056503338685997E-005
  5.050351328139328E-005
  5.044097463415176E-005
  5.037732516077107E-005
  5.031254568563874E-005
  5.024661668989696E-005
  5.017951624259373E-005
  5.011122015483564E-005
  5.004170174996924E-005
  4.997093145188589E-005
  4.989887755451342E-005
  4.982551116173570E-005
  4.975080007032765E-005
  4.967469325831706E-005
  4.959714772370719E-005
  4.951811731485268E-005
  4.943755275031130E-005
  4.935540198760324E-005
  4.927160952806882E-005
  4.918611616877092E-005
  4.909885976014901E-005
  4.900977435090119E-005
  4.891879027426966E-005
  4.882583370758865E-005
  4.873082716488296E-005
  4.863368879146003E-005
  4.853433253000691E-005
  4.843266454775308E-005
  4.832859492207660E-005
  4.822200606729983E-005
  4.811280219725225E-005
  4.800087677506772E-005
  4.788611259209702E-005
  4.776838783381143E-005
  4.764757273905864E-005
  4.752353284434067E-005
  4.739612434678943E-005
  4.726519934480173E-005
  4.713060045602891E-005
  4.699216146370531E-005
  4.684970913659500E-005
  4.670305990548672E-005
  4.655202134431942E-005
  4.639638725910061E-005
  4.623595684134942E-005
  4.607050792461580E-005
  4.589980706392472E-005
  4.572361104278658E-005
  4.554166059206112E-005
  4.535368474883142E-005
  4.515940547710668E-005
  4.495851281043220E-005
  4.475070126682322E-005
  4.453564355914355E-005
  4.431299927195474E-005
  4.408240042142354E-005
  4.384346795262800E-005
  4.359580504488517E-005
  4.333899233273867E-005
  4.307257345565790E-005
  4.279610908853813E-005
  4.250910668105309E-005
  4.221106274768336E-005
  4.190144847614366E-005
  4.157971210006656E-005
  4.124527220538961E-005
  4.089751147862430E-005
  4.053581006538269E-005
  4.015950115834709E-005
  3.976791453644569E-005
  3.936032973593122E-005
  3.893600742026692E-005
  3.849418657148794E-005
  3.803408446320600E-005
  3.755483367642719E-005
  3.705564673046657E-005
  3.653566449710573E-005
  3.599402649052267E-005
  3.542982493211086E-005
  3.484219789361824E-005
  3.423022160402779E-005
  3.359301329475354E-005
  3.292971090143594E-005
  3.223939588652091E-005
  3.152126532314293E-005
  3.077451127549250E-005
  2.999833646412497E-005
  2.919214541902690E-005
  2.835538776275801E-005
  2.748726009078329E-005
  2.658765878377323E-005
  2.565624661980038E-005
  2.469290630539540E-005
  2.369722869301070E-005
  2.267002701329249E-005
  2.161007589100199E-005
  2.052025485894975E-005
