  2.877903257625024E-005
  6.304298610943377E-006
  4.488351889723693E-006
  3.299020810143755E-006
  2.548750675164955E-006
  1.331437502590080E-006
  2.881178068949490E-007
  1.200000017881393E-006
  1.200000017881393E-006
  1.200000017881393E-006
  1.200000017881393E-006
  1.200000017881393E-006
  1.200000017881393E-006
  1.200000017881393E-006
  1.200000017881393E-006
  1.200000017881393E-006
  1.200000017881393E-006
  1.200000017881393E-006
  1.200000017881393E-006
  1.200000017881393E-006
  1.200000017881393E-006
  1.200000017881393E-006
  1.200000017881393E-006
  1.200000017881393E-006
  1.200000017881393E-006
  1.200000017881393E-006
  1.200000017881393E-006
  1.200000017881393E-006
  1.200000017881393E-006
  1.200000017881393E-006
  1.200000017881393E-006
  1.200000017881393E-006
  1.200000017881393E-006
  1.200000017881393E-006
  1.200000017881393E-006
  1.200000017881393E-006
  1.200000017881393E-006
  1.200000017881393E-006
  1.200000017881393E-006
  1.200000017881393E-006
  1.200000017881393E-006
  1.200000017881393E-006
  1.200000017881393E-006
  1.200000017881393E-006
  1.200000017881393E-006
  1.200000017881393E-006
  1.200000017881393E-006
  1.200000017881393E-006
  1.200000017881393E-006
  1.200000017881393E-006
  1.200000017881393E-006
  1.200000017881393E-006
  1.200000017881393E-006
  1.200000017881393E-006
  1.200000017881393E-006
  1.200000017881393E-006
  1.200000017881393E-006
  1.200000017881393E-006
  1.200000017881393E-006
  1.200000017881393E-006
  1.200000017881393E-006
  1.200000017881393E-006
  1.200000017881393E-006
  1.200000017881393E-006
  1.200000017881393E-006
  1.200000017881393E-006
  1.200000017881393E-006
  1.200000017881393E-006
  1.200000017881393E-006
  1.200000017881393E-006
  1.200000017881393E-006
  1.200000017881393E-006
  1.200000017881393E-006
  1.200000017881393E-006
  1.200000017881393E-006
  1.200000017881393E-006
  1.200000017881393E-006
  1.200000017881393E-006
  1.200000017881393E-006
  1.200000017881393E-006
  1.200000017881393E-006
  1.200000017881393E-006
  1.200000017881393E-006
  1.200000017881393E-006
  1.200000017881393E-006
  1.200000017881393E-006
  1.200000017881393E-006
  1.200000017881393E-006
  1.200000017881393E-006
  1.200000017881393E-006
  1.200000017881393E-006
  1.200000017881393E-006
  1.200000017881393E-006
  1.200000017881393E-006
  1.200000017881393E-006
  1.200000017881393E-006
  1.200000017881393E-006
  1.200000017881393E-006
  1.200000017881393E-006
  1.200000017881393E-006
  1.200000017881393E-006
  1.200000017881393E-006
  1.200000017881393E-006
  1.200000017881393E-006
  1.200000017881393E-006
  1.200000017881393E-006
  1.200000017881393E-006
  1.200000017881393E-006
  1.200000017881393E-006
  1.200000017881393E-006
  1.200000017881393E-006
  1.200000017881393E-006
  1.200000017881393E-006
  1.200000017881393E-006
  1.200000017881393E-006
  1.200000017881393E-006
  1.200000017881393E-006
  1.200000017881393E-006
  1.200000017881393E-006
  1.200000017881393E-006
  1.200000017881393E-006
  1.200000017881393E-006
  1.200000017881393E-006
  1.200000017881393E-006
  1.200000017881393E-006
  1.200000017881393E-006
  1.200000017881393E-006
  1.200000017881393E-006
  1.200000017881393E-006
  1.200000017881393E-006
  1.200000017881393E-006
  1.200000017881393E-006
  1.200000017881393E-006
  1.200000017881393E-006
  1.200000017881393E-006
  1.200000017881393E-006
  1.200000017881393E-006
  1.200000017881393E-006
  1.200000017881393E-006
  1.200000017881393E-006
  1.200000017881393E-006
  1.200000017881393E-006
  1.200000017881393E-006
  1.200000017881393E-006
  1.200000017881393E-006
  1.200000017881393E-006
  1.200000017881393E-006
  1.200000017881393E-006
  1.200000017881393E-006
  1.200000017881393E-006
  1.200000017881393E-006
  1.200000017881393E-006
  1.200000017881393E-006
  1.200000017881393E-006
  1.200000017881393E-006
  1.200000017881393E-006
  1.200000017881393E-006
  1.200000017881393E-006
  1.200000017881393E-006
  1.200000017881393E-006
  1.200000017881393E-006
  1.200000017881393E-006
  1.200000017881393E-006
  1.200000017881393E-006
  1.200000017881393E-006
  1.200000017881393E-006
  1.200000017881393E-006
  1.200000017881393E-006
  1.200000017881393E-006
  1.200000017881393E-006
  1.200000017881393E-006
  1.200000017881393E-006
  1.200000017881393E-006
  1.200000017881393E-006
  1.200000017881393E-006
  1.200000017881393E-006
  1.200000017881393E-006
  1.200000017881393E-006
  1.200000017881393E-006
  1.200000017881393E-006
  1.200000017881393E-006
  1.200000017881393E-006
  1.200000017881393E-006
  1.200000017881393E-006
  1.200000017881393E-006
  1.200000017881393E-006
  1.200000017881393E-006
  1.200000017881393E-006
  1.200000017881393E-006
  1.200000017881393E-006
  1.200000017881393E-006
  1.200000017881393E-006
  1.200000017881393E-006
  1.200000017881393E-006
  1.200000017881393E-006
  1.200000017881393E-006
  1.200000017881393E-006
  1.200000017881393E-006
  1.200000017881393E-006
  1.200000017881393E-006
  1.200000017881393E-006
  1.200000017881393E-006
  1.200000017881393E-006
  1.200000017881393E-006
  1.200000017881393E-006
  1.200000017881393E-006
  1.200000017881393E-006
  1.200000017881393E-006
  1.200000017881393E-006
  1.200000017881393E-006
  1.200000017881393E-006
  1.200000017881393E-006
  1.200000017881393E-006
  1.200000017881393E-006
  1.200000017881393E-006
  1.200000017881393E-006
  1.200000017881393E-006
  1.200000017881393E-006
  1.200000017881393E-006
  1.200000017881393E-006
  1.200000017881393E-006
  1.200000017881393E-006
  1.200000017881393E-006
  1.200000017881393E-006
  1.200000017881393E-006
  1.200000017881393E-006
  1.200000017881393E-006
  1.200000017881393E-006
  1.200000017881393E-006
  1.200000017881393E-006
  1.200000017881393E-006
  1.200000017881393E-006
  1.200000017881393E-006
  1.200000017881393E-006
  1.200000017881393E-006
  1.200000017881393E-006
  1.200000017881393E-006
  1.200000017881393E-006
  1.200000017881393E-006
  1.200000017881393E-006
  1.200000017881393E-006
  1.200000017881393E-006
  1.200000017881393E-006
  1.200000017881393E-006
  1.200000017881393E-006
  1.200000017881393E-006
  1.200000017881393E-006
  1.200000017881393E-006
  1.200000017881393E-006
  1.200000017881393E-006
  1.200000017881393E-006
  1.200000017881393E-006
  1.200000017881393E-006
  1.200000017881393E-006
  1.200000017881393E-006
  1.200000017881393E-006
  1.200000017881393E-006
  1.200000017881393E-006
  1.200000017881393E-006
  1.200000017881393E-006
  1.200000017881393E-006
  1.200000017881393E-006
  1.200000017881393E-006
  1.200000017881393E-006
  1.200000017881393E-006
  1.200000017881393E-006
  1.200000017881393E-006
  1.200000017881393E-006
  1.200000017881393E-006
  1.200000017881393E-006
  1.200000017881393E-006
  1.200000017881393E-006
  1.200000017881393E-006
  1.200000017881393E-006
  1.200000017881393E-006
  1.200000017881393E-006
  1.200000017881393E-006
  1.200000017881393E-006
  1.200000017881393E-006
  1.200000017881393E-006
  1.200000017881393E-006
  1.200000017881393E-006
  1.200000017881393E-006
  1.200000017881393E-006
  1.200000017881393E-006
  1.200000017881393E-006
  1.200000017881393E-006
  1.200000017881393E-006
  1.200000017881393E-006
  1.200000017881393E-006
  1.200000017881393E-006
  1.200000017881393E-006
  1.200000017881393E-006
  1.200000017881393E-006
  1.200000017881393E-006
  1.200000017881393E-006
  1.200000017881393E-006
  1.200000017881393E-006
  1.200000017881393E-006
  1.200000017881393E-006
  1.200000017881393E-006
  1.200000017881393E-006
  1.200000017881393E-006
  1.200000017881393E-006
  1.200000017881393E-006
  1.200000017881393E-006
  1.200000017881393E-006
  1.200000017881393E-006
  1.200000017881393E-006
  1.200000017881393E-006
  1.200000017881393E-006
  1.200000017881393E-006
  1.200000017881393E-006
  1.200000017881393E-006
  1.200000017881393E-006
  1.200000017881393E-006
  1.200000017881393E-006
  1.200000017881393E-006
  1.200000017881393E-006
  1.200000017881393E-006
  1.200000017881393E-006
  1.200000017881393E-006
  1.200000017881393E-006
  1.200000017881393E-006
  1.200000017881393E-006
  1.200000017881393E-006
  1.200000017881393E-006
  1.200000017881393E-006
  1.200000017881393E-006
  1.200000017881393E-006
  1.200000017881393E-006
  1.200000017881393E-006
  1.200000017881393E-006
  1.200000017881393E-006
  1.200000017881393E-006
  1.200000017881393E-006
  1.200000017881393E-006
  1.200000017881393E-006
  1.200000017881393E-006
  1.200000017881393E-006
  1.200000017881393E-006
  1.200000017881393E-006
  1.200000017881393E-006
  1.200000017881393E-006
  1.200000017881393E-006
  1.200000017881393E-006
  1.200000017881393E-006
  1.200000017881393E-006
  1.200000017881393E-006
  1.200000017881393E-006
  1.200000017881393E-006
  1.200000017881393E-006
  1.200000017881393E-006
  1.200000017881393E-006
  1.200000017881393E-006
  1.200000017881393E-006
  1.200000017881393E-006
  1.200000017881393E-006
  1.200000017881393E-006
  1.200000017881393E-006
  1.200000017881393E-006
  1.200000017881393E-006
  1.200000017881393E-006
  1.200000017881393E-006
  1.200000017881393E-006
  1.200000017881393E-006
  1.200000017881393E-006
  1.200000017881393E-006
  1.200000017881393E-006
  1.200000017881393E-006
  1.200000017881393E-006
  1.200000017881393E-006
  1.200000017881393E-006
  1.200000017881393E-006
  1.200000017881393E-006
  1.200000017881393E-006
  1.200000017881393E-006
  1.200000017881393E-006
  1.200000017881393E-006
  1.200000017881393E-006
  1.200000017881393E-006
  1.200000017881393E-006
  1.200000017881393E-006
  1.200000017881393E-006
  1.200000017881393E-006
  1.200000017881393E-006
  1.200000017881393E-006
  1.200000017881393E-006
  1.200000017881393E-006
  1.200000017881393E-006
  1.200000017881393E-006
  1.200000017881393E-006
  1.200000017881393E-006
  1.200000017881393E-006
  1.200000017881393E-006
  1.200000017881393E-006
  1.200000017881393E-006
  1.200000017881393E-006
  1.200000017881393E-006
  1.200000017881393E-006
  1.200000017881393E-006
  1.200000017881393E-006
  1.200000017881393E-006
  1.200000017881393E-006
  1.200000017881393E-006
  1.200000017881393E-006
  1.200000017881393E-006
  1.200000017881393E-006
  1.200000017881393E-006
  1.200000017881393E-006
  1.200000017881393E-006
  1.200000017881393E-006
  1.200000017881393E-006
  1.200000017881393E-006
  1.200000017881393E-006
  1.200000017881393E-006
  1.200000017881393E-006
  1.200000017881393E-006
  1.200000017881393E-006
  1.200000017881393E-006
  1.200000017881393E-006
  1.200000017881393E-006
  1.200000017881393E-006
  1.200000017881393E-006
  1.200000017881393E-006
  1.200000017881393E-006
  1.200000017881393E-006
  1.200000017881393E-006
  1.200000017881393E-006
  1.200000017881393E-006
  1.200000017881393E-006
  1.200000017881393E-006
  1.200000017881393E-006
  1.200000017881393E-006
  1.200000017881393E-006
  1.200000017881393E-006
  1.200000017881393E-006
  1.200000017881393E-006
  1.200000017881393E-006
  1.200000017881393E-006
  1.200000017881393E-006
  1.200000017881393E-006
  1.200000017881393E-006
  1.200000017881393E-006
  1.200000017881393E-006
  1.200000017881393E-006
  1.200000017881393E-006
  1.200000017881393E-006
  1.200000017881393E-006
  1.200000017881393E-006
  1.200000017881393E-006
  1.200000017881393E-006
  1.200000017881393E-006
  1.200000017881393E-006
  1.200000017881393E-006
  1.200000017881393E-006
  1.200000017881393E-006
  1.200000017881393E-006
  1.200000017881393E-006
  1.200000017881393E-006
  1.200000017881393E-006
  1.200000017881393E-006
  1.200000017881393E-006
  1.200000017881393E-006
  1.200000017881393E-006
  1.200000017881393E-006
  1.200000017881393E-006
  1.200000017881393E-006
  1.200000017881393E-006
  1.200000017881393E-006
  1.200000017881393E-006
  1.200000017881393E-006
  1.200000017881393E-006
  1.200000017881393E-006
  1.200000017881393E-006
  1.200000017881393E-006
  1.200000017881393E-006
  1.200000017881393E-006
  1.200000017881393E-006
  1.200000017881393E-006
  1.200000017881393E-006
  1.200000017881393E-006
  1.200000017881393E-006
  1.200000017881393E-006
  1.200000017881393E-006
  1.200000017881393E-006
  1.200000017881393E-006
  1.200000017881393E-006
  1.200000017881393E-006
  1.200000017881393E-006
  1.200000017881393E-006
  1.200000017881393E-006
  1.200000017881393E-006
  1.200000017881393E-006
  1.200000017881393E-006
  1.200000017881393E-006
  1.200000017881393E-006
  1.200000017881393E-006
  1.200000017881393E-006
  1.200000017881393E-006
  1.200000017881393E-006
  1.200000017881393E-006
  1.200000017881393E-006
  1.200000017881393E-006
  1.200000017881393E-006
  1.200000017881393E-006
  1.200000017881393E-006
  1.200000017881393E-006
  1.200000017881393E-006
  1.200000017881393E-006
  1.200000017881393E-006
  1.200000017881393E-006
  1.200000017881393E-006
  1.200000017881393E-006
  1.200000017881393E-006
  1.200000017881393E-006
  1.200000017881393E-006
  1.200000017881393E-006
  1.200000017881393E-006
  1.200000017881393E-006
  1.200000017881393E-006
  1.200000017881393E-006
  1.200000017881393E-006
  1.200000017881393E-006
  1.200000017881393E-006
  1.200000017881393E-006
  1.200000017881393E-006
  1.200000017881393E-006
  1.200000017881393E-006
  1.200000017881393E-006
  1.200000017881393E-006
  1.200000017881393E-006
  1.200000017881393E-006
  1.200000017881393E-006
  1.200000017881393E-006
  1.200000017881393E-006
  1.200000017881393E-006
  1.200000017881393E-006
  1.200000017881393E-006
  1.200000017881393E-006
  1.200000017881393E-006
  1.200000017881393E-006
  1.200000017881393E-006
  1.200000017881393E-006
  1.200000017881393E-006
  1.200000017881393E-006
  1.200000017881393E-006
  1.200000017881393E-006
  1.200000017881393E-006
  1.200000017881393E-006
  1.200000017881393E-006
  1.200000017881393E-006
  1.200000017881393E-006
  1.200000017881393E-006
  1.200000017881393E-006
  1.200000017881393E-006
  1.200000017881393E-006
  1.200000017881393E-006
  1.200000017881393E-006
  1.200000017881393E-006
  1.200000017881393E-006
  1.200000017881393E-006
  1.200000017881393E-006
  1.200000017881393E-006
  1.200000017881393E-006
  1.200000017881393E-006
  1.200000017881393E-006
  1.200000017881393E-006
  1.200000017881393E-006
  1.200000017881393E-006
  1.200000017881393E-006
  1.200000017881393E-006
  1.200000017881393E-006
  1.200000017881393E-006
  1.200000017881393E-006
  1.200000017881393E-006
  1.200000017881393E-006
  1.200000017881393E-006
  1.200000017881393E-006
  1.200000017881393E-006
  1.200000017881393E-006
  1.200000017881393E-006
  1.200000017881393E-006
  1.200000017881393E-006
  8.841581142779541E-008
  2.390197472174405E-007
  3.898335111455526E-007
  5.408564579400805E-007
  6.920864673718634E-007
  8.435211196564096E-007
  9.951572120438378E-007
  1.146991579053149E-006
  1.299021278111072E-006
  1.451242594766650E-006
  1.603652679180036E-006
  1.756248032162267E-006
  1.909025250462629E-006
  2.061980998353130E-006
  2.215112144471824E-006
  2.368414586881521E-006
  2.521885316584579E-006
  2.675520871147446E-006
  2.829317816481757E-006
  2.983272594320663E-006
  3.137381376307545E-006
  3.291641098533752E-006
  3.446048005715344E-006
  3.600598497516178E-006
  3.755288876894946E-006
  3.910115801274106E-006
  4.065076488627689E-006
  4.220165096500449E-006
  4.375379273937772E-006
  4.530715207080733E-006
  4.686169583797394E-006
  4.841737934153880E-006
  4.997417163209431E-006
  5.153203515176463E-006
  5.309092984158078E-006
  5.465082000567470E-006
  5.621166790490667E-006
  5.777343090090471E-006
  5.933607735243399E-006
  6.089956677926565E-006
  6.246385947150179E-006
  6.402891939256857E-006
  6.559470308937449E-006
  6.716117900948425E-006
  6.872830097148630E-006
  7.029603701750530E-006
  7.186434301553271E-006
  7.343318269032951E-006
  7.500251687745199E-006
  7.657230560153836E-006
  7.814251037594560E-006
  7.971308571752731E-006
  8.128400198012481E-006
  8.285521060762582E-006
  8.442667928107593E-006
  8.599836515564180E-006
  8.757022566001813E-006
  8.914222606457041E-006
  9.071432306731254E-006
  9.228647412231977E-006
  9.385864554081835E-006
  9.543079641949570E-006
  9.700287819804326E-006
  9.857486010455622E-006
  1.001466982551904E-005
  1.017183522094593E-005
  1.032897871698612E-005
  1.048609509133047E-005
  1.064318122422481E-005
  1.080023306918327E-005
  1.095724604049532E-005
  1.111421672881391E-005
  1.127114086420488E-005
  1.142801418302414E-005
  1.158483307742544E-005
  1.174159338712910E-005
  1.189829038870616E-005
  1.205492111384525E-005
  1.221148103122670E-005
  1.236796615354748E-005
  1.252437232973919E-005
  1.268069579375927E-005
  1.283693248644003E-005
  1.299307835024559E-005
  1.314912935567664E-005
  1.330508161185284E-005
  1.346093090625183E-005
  1.361667369511571E-005
  1.377230532778788E-005
  1.392782247052895E-005
  1.408322090203779E-005
  1.423849678036338E-005
  1.439364616733762E-005
  1.454866494256105E-005
  1.470354960572328E-005
  1.485829526353288E-005
  1.501289933565244E-005
  1.516735698553991E-005
  1.532166482933401E-005
  1.547581865913667E-005
  1.562981498837398E-005
  1.578364938826022E-005
  1.593731916718553E-005
  1.609081902629645E-005
  1.624414634658116E-005
  1.639729661348801E-005
  1.655026660486783E-005
  1.670305190327408E-005
  1.685564940853884E-005
  1.700805544229935E-005
  1.716026593003539E-005
  1.731227688079502E-005
  1.746408521210405E-005
  1.761568735922507E-005
  1.776707915343773E-005
  1.791825744113368E-005
  1.806921848629180E-005
  1.821995833205479E-005
  1.837047351939031E-005
  1.852076138730637E-005
  1.867081741451488E-005
  1.882063813021732E-005
  1.897022040268204E-005
  1.911956135892327E-005
  1.926865647029167E-005
  1.941750261155145E-005
  1.956609647893987E-005
  1.971443588343182E-005
  1.986251599763066E-005
  2.001033360752132E-005
  2.015788538012440E-005
  2.030516787792797E-005
  2.045217976626757E-005
  2.059891645656829E-005
  2.074537412318543E-005
  2.089155001898824E-005
  2.103744091662530E-005
  2.118304394461496E-005
  2.132835604955656E-005
  2.147337471852042E-005
  2.161809666324841E-005
  2.176251828740570E-005
  2.190663657046446E-005
  2.205044871838800E-005
  2.219395177650500E-005
  2.233714282024944E-005
  2.248001899809233E-005
  2.262257760809373E-005
  2.276481580518426E-005
  2.290673062247217E-005
  2.304831940427155E-005
  2.318957983372042E-005
  2.333050843944140E-005
  2.347110312355742E-005
  2.361136127432383E-005
  2.375127997050138E-005
  2.389085660495360E-005
  2.403008892130464E-005
  2.416897447779352E-005
  2.430751020622535E-005
  2.444569440126845E-005
  2.458352378399990E-005
  2.472099670228440E-005
  2.485811082690109E-005
  2.499486194515301E-005
  2.513125016807066E-005
  2.526727206788041E-005
  2.540292579473153E-005
  2.553820935601723E-005
  2.567311944579075E-005
  2.580765499854947E-005
  2.594181290231304E-005
  2.607559277250849E-005
  2.620899072739186E-005
  2.634200589338634E-005
  2.647463600708146E-005
  2.660687950703635E-005
  2.673873294739253E-005
  2.687019559755843E-005
  2.700126563213460E-005
  2.713194130276812E-005
  2.726222051703630E-005
  2.739210211828165E-005
  2.752158284115157E-005
  2.765066246274377E-005
  2.777933848515512E-005
  2.790761054357897E-005
  2.803547585351164E-005
  2.816293241959064E-005
  2.828997912818844E-005
  2.841661544862185E-005
  2.854283986778054E-005
  2.866864963469830E-005
  2.879404400959122E-005
  2.891902137694698E-005
  2.904358133955873E-005
  2.916772212300365E-005
  2.929144109280564E-005
  2.941473858246307E-005
  2.953761349356819E-005
  2.966006366577329E-005
  2.978208813908644E-005
  2.990368635020324E-005
  3.002485717256426E-005
  3.014559864787287E-005
  3.026591037464260E-005
  3.038579197629300E-005
  3.050524170442929E-005
  3.062425849542156E-005
  3.074284196848481E-005
  3.086099144816041E-005
  3.097870507801517E-005
  3.109598307759012E-005
  3.121282456766973E-005
  3.132922795504373E-005
  3.144519356059421E-005
  3.156072053745396E-005
  3.167580682593531E-005
  3.179045347545224E-005
  3.190465980031771E-005
  3.201842393022164E-005
  3.213174654810843E-005
  3.224462697022373E-005
  3.235706388994965E-005
  3.246905824220063E-005
  3.258060882232101E-005
  3.269171436265998E-005
  3.280237637693196E-005
  3.291259308044929E-005
  3.302236462079818E-005
  3.313169129748566E-005
  3.324057156545947E-005
  3.334900622599272E-005
  3.345699457342296E-005
  3.356453650640537E-005
  3.367163280126129E-005
  3.377828178694542E-005
  3.388448460340622E-005
  3.399024076129026E-005
  3.409554996050256E-005
  3.420041279095816E-005
  3.430482811570828E-005
  3.440879729949802E-005
  3.451231971056947E-005
  3.461539537229158E-005
  3.471802535028403E-005
  3.482020800555416E-005
  3.492194532765760E-005
  3.502323630344432E-005
  3.512408172943343E-005
  3.522448178688416E-005
  3.532443621365549E-005
  3.542394635202024E-005
  3.552301097585253E-005
  3.562163194451445E-005
  3.571980853243770E-005
  3.581754159779490E-005
  3.591483158914881E-005
  3.601167844385511E-005
  3.610808351149024E-005
  3.620404583680669E-005
  3.629956750952798E-005
  3.639464758556754E-005
  3.648928771555759E-005
  3.658348760841554E-005
  3.667724830865649E-005
  3.677057044232753E-005
  3.686345404679753E-005
  3.695590071754909E-005
  3.704790958754630E-005
  3.713948291335587E-005
  3.723062001965261E-005
  3.732132293171036E-005
  3.741159103587836E-005
  3.750142624252564E-005
  3.759082837482048E-005
  3.767979893770274E-005
  3.776833842118763E-005
  3.785644705691286E-005
  3.794412629518667E-005
  3.803137668262791E-005
  3.811819975674746E-005
  3.820459545439632E-005
  3.829056560613008E-005
  3.837610970098382E-005
  3.846123014167141E-005
  3.854592671441367E-005
  3.863020157568046E-005
  3.871405455117186E-005
  3.879748722870049E-005
  3.888049960111483E-005
  3.896309422033445E-005
  3.904527077470342E-005
  3.912703170555598E-005
  3.920837639721280E-005
  3.928930700223042E-005
  3.936982438823571E-005
  3.944992985203933E-005
  3.952962353830100E-005
  3.960890731867881E-005
  3.968778256222642E-005
  3.976624991980502E-005
  3.984431030157611E-005
  3.992196506516375E-005
  3.999921636066926E-005
  4.007606333249096E-005
  4.015250876502044E-005
  4.022855327474780E-005
  4.030419860643820E-005
  4.037944476867752E-005
  4.045429468234937E-005
  4.052874815367138E-005
  4.060280683473297E-005
  4.067647247988715E-005
  4.074974609638708E-005
  4.082262815368874E-005
  4.089512159738669E-005
  4.096722577691891E-005
  4.103894324766037E-005
  4.111027551012949E-005
  4.118122218094016E-005
  4.125178659357428E-005
  4.132196906466958E-005
  4.139177075417053E-005
  4.146119448485053E-005
  4.153023882511424E-005
  4.159890777481708E-005
  4.166720139141150E-005
  4.173512126310234E-005
  4.180266927803140E-005
  4.186984572484568E-005
  4.193665361366707E-005
  4.200309194172643E-005
  4.206916529565137E-005
  4.213487147417489E-005
  4.220021533373622E-005
  4.226519541848484E-005
  4.232981533234672E-005
  4.239407461051648E-005
  4.245797662395594E-005
  4.252152093776882E-005
  4.258471072347913E-005
  4.264754559697891E-005
  4.271002893772299E-005
  4.277216013783534E-005
  4.283394304943996E-005
  4.289537613659320E-005
  4.295646410920533E-005
  4.301720542833752E-005
  4.307760392255467E-005
  4.313765971632231E-005
  4.319737455685959E-005
  4.325675058111947E-005
  4.331578737782767E-005
  4.337448965441299E-005
  4.343285484054633E-005
  4.349088789340720E-005
  4.354858881298572E-005
  4.360595829379829E-005
  4.366300035765292E-005
  4.371971316029433E-005
  4.377610070403043E-005
  4.383216464474070E-005
  4.388790312227776E-005
  4.394332127851675E-005
  4.399842033566494E-005
  4.405319829262854E-005
  4.410766078137397E-005
  4.416180827151713E-005
  4.421563918382534E-005
  4.426915874096263E-005
  4.432236854431544E-005
  4.437526586428776E-005
  4.442785554473691E-005
  4.448014031983326E-005
  4.453211909851509E-005
  4.458379229681290E-005
  4.463516442730744E-005
  4.468623733300590E-005
  4.473701002995602E-005
  4.478748252282864E-005
  4.483766058853158E-005
  4.488754480168866E-005
  4.493713743175058E-005
  4.498643298942167E-005
  4.503543888233705E-005
  4.508415759220020E-005
  4.513259000378993E-005
  4.518073775652000E-005
  4.522859958656403E-005
  4.527617370965561E-005
  4.532346766270647E-005
  4.537048319317205E-005
  4.541722140019644E-005
  4.546368383341673E-005
  4.550987097991784E-005
  4.555578503609737E-005
  4.560142689586775E-005
  4.564679765381216E-005
  4.569189580253135E-005
  4.573671630032179E-005
  4.578127107348922E-005
  4.582556309375550E-005
  4.586959230417180E-005
  4.591336067261213E-005
  4.595686895605505E-005
  4.600011815094547E-005
  4.604310892477935E-005
  4.608584473896733E-005
  4.612832581122638E-005
  4.617055394365105E-005
  4.621252711428799E-005
  4.625425120187800E-005
  4.629573156530253E-005
  4.633695193138415E-005
  4.637785756574488E-005
  4.643564990481556E-005
  4.645900718757590E-005
  4.649941169184930E-005
  4.653940164046565E-005
  4.657916814102919E-005
  4.661868607145780E-005
  4.665797923239090E-005
  4.669702936373581E-005
  4.673584485095958E-005
  4.677442485214039E-005
  4.681277617939747E-005
  4.685089265728994E-005
  4.688877422908105E-005
  4.692642945447623E-005
  4.696385744214160E-005
  4.700106090422220E-005
  4.703804074883349E-005
  4.707479713462873E-005
  4.711133228391895E-005
  4.714764732968643E-005
  4.718374306169845E-005
  4.721962121759767E-005
  4.725528286220232E-005
  4.729072896600605E-005
  4.732596156613905E-005
  4.736098089079304E-005
  4.739578880963389E-005
  4.743038655430943E-005
  4.746477475708466E-005
  4.749895537475883E-005
  4.753292957701896E-005
  4.756669772027429E-005
  4.760026217383127E-005
  4.763362353518342E-005
  4.766678267993721E-005
  4.769974163632263E-005
  4.773250113029457E-005
  4.776506212417559E-005
  4.779742652021767E-005
  4.782959494919619E-005
  4.786156846088895E-005
  4.789334870627278E-005
  4.792493660120303E-005
  4.795633309335446E-005
  4.798753980694246E-005
  4.801855753589434E-005
  4.804938750290169E-005
  4.808003102427286E-005
  4.811048898272605E-005
  4.814076258451573E-005
  4.817085296750817E-005
  4.820076151475382E-005
  4.823048881599876E-005
  4.826003629733373E-005
  4.828940513241968E-005
  4.831859600159695E-005
  4.834761018271253E-005
  4.837644925636930E-005
  4.840511337488097E-005
  4.843360421304517E-005
  4.846192296957525E-005
  4.849007027211464E-005
  4.851804722399256E-005
  4.854585520511396E-005
  4.857349507337912E-005
  4.860096740075408E-005
  4.862827398405129E-005
  4.865541577356119E-005
  4.868239281918005E-005
  4.870920707276891E-005
  4.873585952867602E-005
  4.876235054966448E-005
  4.878868144110433E-005
  4.881485356500266E-005
  4.884086754522470E-005
  4.886672394627178E-005
  4.889242446205909E-005
  4.891797002251777E-005
  4.894336084268870E-005
  4.896859835329752E-005
  4.899368376923108E-005
  4.901861778372478E-005
  4.904340067402208E-005
  4.906803427987118E-005
  4.909251931206408E-005
  4.911685641226319E-005
  4.914104640437710E-005
  4.916509068162145E-005
  4.918898998131176E-005
  4.921274486271922E-005
  4.923635631407518E-005
  4.925982542319640E-005
  4.928315320740122E-005
  4.930634007091368E-005
  4.932938686965076E-005
  4.935229468461320E-005
  4.937506459125398E-005
  4.939769675417673E-005
  4.942019202739081E-005
  4.944255177421935E-005
  4.946477686931637E-005
  4.948686756232900E-005
  4.950882514177165E-005
  4.953065095859482E-005
  4.955234577968576E-005
  4.957390972582816E-005
  4.959534362500222E-005
  4.961664857186378E-005
  4.963782515059123E-005
  4.965887392550640E-005
  4.967979483547053E-005
  4.970058978955930E-005
  4.972125897336126E-005
  4.974180334657043E-005
  4.976222299350765E-005
  4.978251888675726E-005
  4.980269212217048E-005
  4.982274343012112E-005
  4.984267337416935E-005
  4.986248177769495E-005
  4.988217039199955E-005
  4.990173992749100E-005
  4.992119082920984E-005
  4.994052350022124E-005
  4.995973857642886E-005
  4.997883714742252E-005
  4.999781980192584E-005
  5.001668741021290E-005
  5.003543996669474E-005
  5.005407799296797E-005
  5.007260290911683E-005
  5.009101512472566E-005
  5.010931530410299E-005
  5.012750371069524E-005
  5.014558069088249E-005
  5.016354745888164E-005
  5.018140465952288E-005
  5.019915284121186E-005
  5.021679270173464E-005
  5.023432347932317E-005
  5.025174699207938E-005
  5.026906380724309E-005
  5.028627442623335E-005
  5.030337957088314E-005
  5.032037941129507E-005
  5.033727371970972E-005
  5.035406451714381E-005
  5.037075243709314E-005
  5.038733711476268E-005
  5.040381964253377E-005
  5.042019916960048E-005
  5.043647749334792E-005
  5.045265415892123E-005
  5.046872941769356E-005
  5.048470602991535E-005
  5.050058337882175E-005
  5.051636124370133E-005
  5.053204011072084E-005
  5.054762117411878E-005
  5.056310607371228E-005
  5.057849106560591E-005
  5.059377632626405E-005
  5.060896744324279E-005
  5.062406409100904E-005
  5.063906182161204E-005
  5.065396156588432E-005
  5.066876783073575E-005
  5.068347630934284E-005
  5.069809269759073E-005
  5.071261137937922E-005
  5.072703426750930E-005
  5.074136390508695E-005
  5.075559510381636E-005
  5.076972928770196E-005
  5.078377073828189E-005
  5.079771296390950E-005
  5.081155948576432E-005
  5.082531043027841E-005
  5.083896529975093E-005
  5.085252282642666E-005
  5.086598279227345E-005
  5.087934559291165E-005
  5.089261080039629E-005
  5.090577797774793E-005
  5.091884703585766E-005
  5.093181726721409E-005
  5.094468790219252E-005
  5.095745868898079E-005
  5.097012890040311E-005
  5.098269622457740E-005
  5.099516099332399E-005
  5.100752348266739E-005
  5.101978292760564E-005
  5.103193792260836E-005
  5.104398848338117E-005
  5.105593370279565E-005
  5.106777245904287E-005
  5.107950431824086E-005
  5.109112803179673E-005
  5.110264297998798E-005
  5.111404828601941E-005
  5.112534317587268E-005
  5.113652656643833E-005
  5.114759777632973E-005
  5.115855555294837E-005
  5.116939899719939E-005
  5.118012756141560E-005
  5.119074021864466E-005
  5.120123588065865E-005
  5.121161335337446E-005
  5.122187214530452E-005
  5.123201095824856E-005
  5.124202883057814E-005
  5.125192491637545E-005
  5.126169790110942E-005
  5.127134706399671E-005
  5.128087099427139E-005
  5.129026936328075E-005
  5.129954112011514E-005
  5.130868594300852E-005
  5.131770200956743E-005
  5.132658781840893E-005
  5.133534334543896E-005
  5.134396801787267E-005
  5.135246054792044E-005
  5.136082015876112E-005
  5.136904548344358E-005
  5.137713575799115E-005
  5.138509010876885E-005
  5.139290791933527E-005
  5.140058807610580E-005
  5.140813011481562E-005
  5.141553320972766E-005
  5.142279631809446E-005
  5.142991942031448E-005
  5.143690149597914E-005
  5.144374226315024E-005
  5.145044113877666E-005
  5.145699736457749E-005
  5.146341096183014E-005
  5.146968192272608E-005
  5.147580994025178E-005
  5.148179482861471E-005
  5.148763683021669E-005
  5.149333815296578E-005
  5.149889697781645E-005
  5.150431375761296E-005
  5.150958914020637E-005
  5.151472413680051E-005
  5.151971983956145E-005
  5.152457848771281E-005
  5.152930095181689E-005
  5.153388837360352E-005
  5.153834604073207E-005
  5.154267192458393E-005
  5.154687187973427E-005
  5.155094696519609E-005
  5.155489838803675E-005
  5.155873154718944E-005
  5.156245164533766E-005
  5.156606182680270E-005
  5.156956781509940E-005
  5.157297334277198E-005
  5.157628682011464E-005
  5.157951117721852E-005
  5.158265867608486E-005
  5.158572991129342E-005
  5.158873608192575E-005
  5.159168446415162E-005
  5.159458337962398E-005
  5.159744222587299E-005
  5.160027008575193E-005
  5.160307624154644E-005
  5.160587090958569E-005
  5.160866454726049E-005
  5.161146605616988E-005
  5.161428538680995E-005
  5.161713291304979E-005
  5.162001770618260E-005
  5.162294823496799E-005
  5.162593277534411E-005
  5.162897886478781E-005
  5.163209340957354E-005
  5.163528120191474E-005
  5.163854607032715E-005
  5.164189066006074E-005
  5.164531632941447E-005
  5.164882319571933E-005
  5.165240849710273E-005
  5.165606842474074E-005
  5.165979805280123E-005
  5.166359112506054E-005
  5.166744031770923E-005
  5.167133736172645E-005
  5.167527365404840E-005
  5.167924047419949E-005
  5.168322907290898E-005
  5.168723084911814E-005
  5.169123822443543E-005
  5.169524382645646E-005
  5.169924125529587E-005
  5.170322492624595E-005
  5.170719009405084E-005
  5.171113272222586E-005
  5.171504988727487E-005
  5.171893790508304E-005
  5.172279473368913E-005
  5.172661869354998E-005
  5.173040829915434E-005
  5.173416243693478E-005
  5.173788035939256E-005
  5.174156170752731E-005
  5.174520606065971E-005
  5.174881299231233E-005
  5.175238274564958E-005
  5.175591513069781E-005
  5.175941012787271E-005
  5.176286737103992E-005
  5.176628783965126E-005
  5.176967099377474E-005
  5.177301736458339E-005
  5.177632691768167E-005
  5.177960001861740E-005
  5.178283682023936E-005
  5.178603757923899E-005
  5.178920248316752E-005
  5.179233166599178E-005
  5.179542556695407E-005
  5.179848439629476E-005
  5.180150826336803E-005
  5.180449775425068E-005
  5.180745262197345E-005
  5.181037343309607E-005
  5.181326024879433E-005
  5.181611383379236E-005
  5.181893367433920E-005
  5.182172059955310E-005
  5.182447480800208E-005
  5.182719634736353E-005
  5.182988567366479E-005
  5.183254298526337E-005
  5.183516847224786E-005
  5.183776244969318E-005
  5.184032511251771E-005
  5.184285673759460E-005
  5.184535758847970E-005
  5.184782800324982E-005
  5.185026817088201E-005
  5.185267832189528E-005
  5.185505878766907E-005
  5.185740976624675E-005
  5.185973160927252E-005
  5.186202449399356E-005
  5.186428863932596E-005
  5.186652441679965E-005
  5.186873202345552E-005
  5.187091173577678E-005
  5.187306382690715E-005
  5.187518844368355E-005
  5.187728594768230E-005
  5.187935656599683E-005
  5.188140054833896E-005
  5.188341811066539E-005
  5.188540950602446E-005
  5.188737504722358E-005
  5.188931496298728E-005
  5.189122947362247E-005
  5.189311879950476E-005
  5.189498322433051E-005
  5.189682295712887E-005
  5.189863829643538E-005
  5.190042939409850E-005
  5.190219661395518E-005
  5.190394009667179E-005
  5.190566012920226E-005
  5.190735690978508E-005
  5.190903064372144E-005
  5.191068172380865E-005
  5.191231021516474E-005
  5.191391638091339E-005
  5.191550051865828E-005
  5.191706276808577E-005
  5.191860337193149E-005
  5.192012266348731E-005
  5.192162072607561E-005
  5.192309787863262E-005
  5.192455430388487E-005
  5.192599024266253E-005
  5.192740586526276E-005
  5.192880143489730E-005
  5.193017718346298E-005
  5.193153327602268E-005
  5.193286996833231E-005
  5.193418743556380E-005
  5.193548591730589E-005
  5.193676562092485E-005
  5.193802675476930E-005
  5.193926947389257E-005
  5.194049404629334E-005
  5.194170062826985E-005
  5.194288947984427E-005
  5.194406076522865E-005
  5.194521462896954E-005
  5.194635138165677E-005
  5.194747116863077E-005
  5.194857411076980E-005
  5.194966047817744E-005
  5.195073045565037E-005
  5.195178419048473E-005
  5.195282201087487E-005
  5.195384387008936E-005
  5.195485008490898E-005
  5.195584087044016E-005
  5.195681636907232E-005
  5.195777679647440E-005
  5.195872224853714E-005
  5.195965291040957E-005
  5.196056901606567E-005
  5.196147066788927E-005
  5.196235811932729E-005
  5.196323147894204E-005
  5.196409099482952E-005
  5.196493670724396E-005
  5.196576886686530E-005
  5.196658765004065E-005
  5.196739316184154E-005
  5.196818559786175E-005
  5.196896505758602E-005
  5.196973183462153E-005
  5.197048592168656E-005
  5.197122751006457E-005
  5.197195680323418E-005
  5.197267395762303E-005
  5.197337907950791E-005
  5.197407234326655E-005
  5.197475383354461E-005
  5.197542375650031E-005
  5.197608220710209E-005
  5.197672940863562E-005
  5.197736541388149E-005
  5.197799037019029E-005
  5.197860446287240E-005
  5.197920771039000E-005
  5.197980031042307E-005
  5.198038244078987E-005
  5.198095417180573E-005
  5.198151562819265E-005
  5.198206697229330E-005
  5.198260824012480E-005
  5.198313964322333E-005
  5.198366128194196E-005
  5.198417320675303E-005
  5.198467559574682E-005
  5.198516852955028E-005
  5.198565219954098E-005
  5.198612658503305E-005
  5.198659183504830E-005
  5.198704808696480E-005
  5.198749545559864E-005
  5.198793396654838E-005
  5.198836376352372E-005
  5.198878497011823E-005
  5.198919761506634E-005
  5.198960183998171E-005
  5.198999775543294E-005
  5.199038540665785E-005
  5.199076491173985E-005
  5.199113628972748E-005
  5.199149968998282E-005
  5.199185519419198E-005
  5.199220276902421E-005
  5.199254255251362E-005
  5.199287472699799E-005
  5.199319930805615E-005
  5.199351629437226E-005
  5.199382585621438E-005
  5.199412808819699E-005
  5.199442293207439E-005
  5.199471052773365E-005
  5.199499070375755E-005
  5.199526391468810E-005
  5.199553001255978E-005
  5.199578908932498E-005
  5.199604114582889E-005
  5.199628625989535E-005
  5.199652429328333E-005
  5.199675559680682E-005
  5.199698007659617E-005
  5.199719783170920E-005
  5.199740879308053E-005
  5.199761305959724E-005
  5.199781055181020E-005
  5.199800152718850E-005
  5.199818588565499E-005
  5.199836362414398E-005
  5.199853476051569E-005
  5.199869932200873E-005
  5.199885734363784E-005
  5.199900887540707E-005
  5.199915396621814E-005
  5.199929247799764E-005
  5.199942453080521E-005
  5.199955004775160E-005
  5.199966907063000E-005
  5.199978158621917E-005
  5.199988762769766E-005
  5.199998715742797E-005
  5.200008014260255E-005
  5.200016656288401E-005
  5.200024642468859E-005
  5.200031972032123E-005
  5.200038639926297E-005
  5.200044640104910E-005
  5.200049973346029E-005
  5.200054636246269E-005
  5.200058623696050E-005
  5.200061928012409E-005
  5.200064548142239E-005
  5.200066476142905E-005
  5.200067708089372E-005
  5.200068237172498E-005
  5.200068055257427E-005
  5.200067156326205E-005
  5.200065532967392E-005
  5.200063175997311E-005
  5.200060077491920E-005
  5.200056228388826E-005
  5.200051616483440E-005
  5.200046235642758E-005
  5.200040071532349E-005
  5.200033115256401E-005
  5.200025350068082E-005
  5.200016787807763E-005
  5.200007398185951E-005
  5.199997159984492E-005
  5.199986060062671E-005
  5.199974074061478E-005
  5.199961192083573E-005
  5.199947407534338E-005
  5.199932686958752E-005
  5.199917022130754E-005
  5.199900387265921E-005
  5.199882769668171E-005
  5.199864136376246E-005
  5.199844474136560E-005
  5.199823756683457E-005
  5.199801955823962E-005
  5.199779052186632E-005
  5.199755013150667E-005
  5.199729810627618E-005
  5.199703415998742E-005
  5.199675795037750E-005
  5.199646924372902E-005
  5.199616763237654E-005
  5.199585266860145E-005
  5.199552412338490E-005
  5.199518159362921E-005
  5.199482471575098E-005
  5.199445267944635E-005
  5.199406556847164E-005
  5.199366273525516E-005
  5.199324339265139E-005
  5.199280757511378E-005
  5.199235458958929E-005
  5.199188345202071E-005
  5.199139384478882E-005
  5.199088526418489E-005
  5.199035698281308E-005
  5.198980833059172E-005
  5.198923867349258E-005
  5.198864712044933E-005
  5.198803343676274E-005
  5.198739667077105E-005
  5.198673517514224E-005
  5.198604843825319E-005
  5.198533594167137E-005
  5.198459607471040E-005
  5.198382789531936E-005
  5.198303080753263E-005
  5.198220313482197E-005
  5.198134385740149E-005
  5.198045188782041E-005
  5.197952588511766E-005
  5.197856430937439E-005
  5.197756558276260E-005
  5.197652857949899E-005
  5.197545137012799E-005
  5.197433242539358E-005
  5.197316988719547E-005
  5.197196180820112E-005
  5.197070627213872E-005
  5.196940299430005E-005
  5.196804924981375E-005
  5.196664201451055E-005
  5.196517801854037E-005
  5.196365597256468E-005
  5.196207230390927E-005
  5.196042389056193E-005
  5.195870795367632E-005
  5.195692132599640E-005
  5.195506078076151E-005
  5.195312287540285E-005
  5.195110400400982E-005
  5.194900032032165E-005
  5.194680793170928E-005
  5.194452254500258E-005
  5.194213987920804E-005
  5.193965543515691E-005
  5.193706528207716E-005
  5.193436350204333E-005
  5.193154301242479E-005
  5.192860183729232E-005
  5.192553765187548E-005
  5.192233892131724E-005
  5.191899742245808E-005
  5.191550836220403E-005
  5.191186353437935E-005
  5.190805710649086E-005
  5.190424199470834E-005
  5.190030073905697E-005
  5.189618030651528E-005
  5.189187189368179E-005
  5.188736435010234E-005
  5.188265027899474E-005
  5.187773936183962E-005
  5.187261389679124E-005
  5.186725847726549E-005
  5.186165809601474E-005
  5.185580501934706E-005
  5.184968932896110E-005
  5.184329912751676E-005
  5.183662331846857E-005
  5.182965276110472E-005
  5.182238494926743E-005
  5.181480447630976E-005
  5.180689546780770E-005
  5.179864747628631E-005
  5.179004636320989E-005
  5.178108323299282E-005
  5.177174420529125E-005
  5.176202414008463E-005
  5.175192733247555E-005
  5.174142740296003E-005
  5.173050870351007E-005
  5.171917020930786E-005
  5.170741365066624E-005
  5.169523617070573E-005
  5.168262318228918E-005
  5.166956713614371E-005
  5.165611282406725E-005
  5.164220084724651E-005
  5.162786882804074E-005
  5.161305396554801E-005
  5.159785412479077E-005
  5.158228067707224E-005
  5.156632069472883E-005
  5.154996307754406E-005
  5.153322499949498E-005
  5.151613788750044E-005
  5.149878489826721E-005
  5.148113313155858E-005
  5.146331905021719E-005
  5.144530039559790E-005
  5.142709639758513E-005
  5.140868100413569E-005
  5.139033438282478E-005
  5.137201867594069E-005
  5.135366812352360E-005
  5.133546135858947E-005
  5.131756796064935E-005
  5.129988938393221E-005
  5.128266294684135E-005
  5.126593610265433E-005
  5.124984529889260E-005
  5.123442090067925E-005
  5.121977203174246E-005
  5.120599257135845E-005
  5.119322520298618E-005
  5.118155796778509E-005
  5.117110016096889E-005
  5.116197169212098E-005
  5.115428739694043E-005
  5.114816102644754E-005
  5.114370883198023E-005
  5.114103234503730E-005
  5.114021726905319E-005
  5.114136507873449E-005
  5.114455245392875E-005
  5.114984075793514E-005
  5.115714356322596E-005
  5.116662500579010E-005
  5.117827399885076E-005
  5.119206731988391E-005
  5.120802023429253E-005
  5.122591155538333E-005
  5.124588880962494E-005
  5.126775533566185E-005
  5.129128104961356E-005
  5.131637195995673E-005
  5.134274973102596E-005
  5.137005499497981E-005
  5.139812103868253E-005
  5.142658078835425E-005
  5.145513445233830E-005
  5.148344888152231E-005
  5.151116658487182E-005
  5.153792954610328E-005
  5.156338178788068E-005
  5.158722364553993E-005
  5.160914162193763E-005
  5.162892335321759E-005
  5.164632216788836E-005
  5.166121797011028E-005
  5.167351712824019E-005
  5.168316752298257E-005
  5.169026788299555E-005
  5.169493854908251E-005
  5.169741674515788E-005
  5.169798025722038E-005
  5.169694693530416E-005
  5.169470290444755E-005
  5.169154349089147E-005
  5.168772480728506E-005
  5.168343415463840E-005
  5.167880185160401E-005
  5.167391259691780E-005
  5.166881669258035E-005
  5.166354543242021E-005
  5.165811308458830E-005
  5.165252989909598E-005
  5.164680467756324E-005
  5.164093970551588E-005
  5.163494100142450E-005
  5.162880645396295E-005
  5.162254084337836E-005
  5.161614341500249E-005
  5.160961550598474E-005
  5.160295875312847E-005
  5.159617013168404E-005
  5.158925298563767E-005
  5.158220569816974E-005
  5.157502974093456E-005
  5.156772332486562E-005
  5.156028530943184E-005
  5.155271808779911E-005
  5.154501855314317E-005
  5.153718526177279E-005
  5.152922014263286E-005
  5.152111947831319E-005
  5.151288220646317E-005
  5.150450999631040E-005
  5.149599956773977E-005
  5.148735076251993E-005
  5.147856165900369E-005
  5.146963000259114E-005
  5.146055734395050E-005
  5.145133938690774E-005
  5.144197561796407E-005
  5.143246613224426E-005
  5.142280711942749E-005
  5.141299810159954E-005
  5.140303744641750E-005
  5.139292429089015E-005
  5.138265447425890E-005
  5.137222895138766E-005
  5.136164560438614E-005
  5.135090123128140E-005
  5.133999505787493E-005
  5.132892505449381E-005
  5.131768922309926E-005
  5.130628589783915E-005
  5.129471294457163E-005
  5.128297032363108E-005
  5.127105526633626E-005
  5.125896424675638E-005
  5.124669646307024E-005
  5.123424958638029E-005
  5.122162197335306E-005
  5.120881067994973E-005
  5.119581422526129E-005
  5.118262941903381E-005
  5.116925395230957E-005
  5.115568713217163E-005
  5.114192468523658E-005
  5.112796695922231E-005
  5.111381008382879E-005
  5.109945087229272E-005
  5.108488806352439E-005
  5.107011921355409E-005
  5.105514151634002E-005
  5.103995269549763E-005
  5.102454971973192E-005
  5.100893042600052E-005
  5.099309204743081E-005
  5.097703198955146E-005
  5.096074748451345E-005
  5.094423601493542E-005
  5.092749459070448E-005
  5.091052055372797E-005
  5.089331111842153E-005
  5.087586310608346E-005
  5.085817383656973E-005
  5.084024068611329E-005
  5.082205997920808E-005
  5.080362913442184E-005
  5.078492474752936E-005
  5.076421306066186E-005
  5.074489983463713E-005
  5.072534299715572E-005
  5.070553661946189E-005
  5.068547291875106E-005
  5.066514715218103E-005
  5.064455449298584E-005
  5.062369056107041E-005
  5.060255085116430E-005
  5.058113193957214E-005
  5.055943044099876E-005
  5.053743735974497E-005
  5.051515560889315E-005
  5.049257874279555E-005
  5.046969851453252E-005
  5.044649704651771E-005
  5.042302239347832E-005
  5.039922176386034E-005
  5.037510180340119E-005
  5.035066210371278E-005
  5.032590643591903E-005
  5.030080151842259E-005
  5.027537538422252E-005
  5.024958322781369E-005
  5.022347368471601E-005
  5.019701735812243E-005
  5.017020989048813E-005
  5.014305879447228E-005
  5.011553429872784E-005
  5.008764923207914E-005
  5.005970043688535E-005
  5.003214679037887E-005
  5.000355484912648E-005
  4.997414155285871E-005
  4.994435254069721E-005
  4.991418489594253E-005
  4.988364694366007E-005
  4.985274442714271E-005
  4.982148241227377E-005
  4.978988778282889E-005
  4.975798110727405E-005
  4.972581115904449E-005
  4.969342118474897E-005
  4.966092441753249E-005
  4.962843946828663E-005
  4.959619592121923E-005
  4.956446815538772E-005
  4.953368168536631E-005
  4.950441948101574E-005
  4.947741224301666E-005
  4.945359312590802E-005
  4.943400894783962E-005
  4.941967680170597E-005
  4.941237379478380E-005
  4.941127334782012E-005
  4.941095736264077E-005
  4.941133783202160E-005
  4.941238898838275E-005
  4.941425167469607E-005
  4.941676337865649E-005
  4.942001578149137E-005
  4.942402409565192E-005
  4.942867187014545E-005
  4.943410307710517E-005
  4.944017449867028E-005
  4.944699888511546E-005
  4.945447209115628E-005
  4.946267019731009E-005
  4.947151328601712E-005
  4.948096258718176E-005
  4.949088765052633E-005
  4.950150782485382E-005
  4.951269914128532E-005
  4.952455534474570E-005
  4.953702505496019E-005
  4.955007121970294E-005
  4.956372414312891E-005
  4.957794448154372E-005
  4.959269080406714E-005
  4.960798694548447E-005
  4.962379499628026E-005
  4.963981526173902E-005
  4.965615440793608E-005
  4.967292027067806E-005
  4.969007060042160E-005
  4.970761303219292E-005
  4.972533210630742E-005
  4.974332893506763E-005
  4.976155816719855E-005
  4.977994283043589E-005
  4.979849291460154E-005
  4.981716603361048E-005
  4.983592703010429E-005
  4.985473266335264E-005
  4.987357618495855E-005
  4.989237697676303E-005
  4.991110623177970E-005
  4.992975568428686E-005
  4.987439543878468E-005
  4.980086946144680E-005
  4.972637229809448E-005
  4.965085300268905E-005
  4.957429062540083E-005
  4.949667140371262E-005
  4.941795842287505E-005
  4.933812080064665E-005
  4.925712631675670E-005
  4.917494170648775E-005
  4.909153072420446E-005
  4.900685738295637E-005
  4.892087538211600E-005
  4.883355202371591E-005
  4.874483543740896E-005
  4.865467281500468E-005
  4.856301128073034E-005
  4.846979639565931E-005
  4.837497052476339E-005
  4.827847153634527E-005
  4.818023596292988E-005
  4.808019618139191E-005
  4.797828222370841E-005
  4.787441903967219E-005
  4.776852850823783E-005
  4.766053060221593E-005
  4.755033918300967E-005
  4.743786527672547E-005
  4.732301536115712E-005
  4.720569197126836E-005
  4.708579364964008E-005
  4.696321388521673E-005
  4.683783156543051E-005
  4.670953769995227E-005
  4.657820963153224E-005
  4.644372516711032E-005
  4.630594943470364E-005
  4.616474580316605E-005
  4.601997040926668E-005
  4.587147155530402E-005
  4.571909401646619E-005
  4.556267178183586E-005
  4.540203550391853E-005
  4.523699897296391E-005
  4.506737423770020E-005
  4.489296952583019E-005
  4.471358727147738E-005
  4.452901755525466E-005
  4.433904025783706E-005
  4.414342550121742E-005
  4.394193376705714E-005
  4.373431357151817E-005
  4.352029428979100E-005
  4.329961618333769E-005
  4.307199758814787E-005
  4.283714013444581E-005
  4.259473654757523E-005
  4.234447424714115E-005
  4.208601999417302E-005
  4.181902606764961E-005
  4.154313211704387E-005
  4.125796779304617E-005
  4.096315028763423E-005
  4.065827837671883E-005
  4.034293496565805E-005
  4.001669035115917E-005
  3.967909631031150E-005
  3.932970575599435E-005
  3.896802984580703E-005
  3.859359442461120E-005
  3.820588811116590E-005
  3.780439264998274E-005
  3.738858343602297E-005
  3.695791538869524E-005
  3.651183182549758E-005
  3.604978191535755E-005
  3.557118861361696E-005
  3.507547958645605E-005
  3.456205331439910E-005
  3.403035496892845E-005
  3.347977855687178E-005
  3.290975686028267E-005
  3.231974162246296E-005
  3.170913106559549E-005
  3.107741509231800E-005
  3.042407171988840E-005
  2.974857160644746E-005
  2.905053546757097E-005
  2.832959819884589E-005
  2.758515054906412E-005
  2.681713450852923E-005
  2.602524673319870E-005
  2.520931786024417E-005
  2.436888278121536E-005
  2.350442199466418E-005
  2.261465406468955E-005
  2.170162124825235E-005
