  2.871100678604857E-005
  6.132102784367861E-006
  4.334370258346332E-006
  3.808488975260842E-006
  2.428642237504765E-006
  1.223724057211170E-006
  1.913053279764720E-007
  1.200000017881393E-006
  1.200000017881393E-006
  1.200000017881393E-006
  1.200000017881393E-006
  1.200000017881393E-006
  1.200000017881393E-006
  1.200000017881393E-006
  1.200000017881393E-006
  1.200000017881393E-006
  1.200000017881393E-006
  1.200000017881393E-006
  1.200000017881393E-006
  1.200000017881393E-006
  1.200000017881393E-006
  1.200000017881393E-006
  1.200000017881393E-006
  1.200000017881393E-006
  1.200000017881393E-006
  1.200000017881393E-006
  1.200000017881393E-006
  1.200000017881393E-006
  1.200000017881393E-006
  1.200000017881393E-006
  1.200000017881393E-006
  1.200000017881393E-006
  1.200000017881393E-006
  1.200000017881393E-006
  1.200000017881393E-006
  1.200000017881393E-006
  1.200000017881393E-006
  1.200000017881393E-006
  1.200000017881393E-006
  1.200000017881393E-006
  1.200000017881393E-006
  1.200000017881393E-006
  1.200000017881393E-006
  1.200000017881393E-006
  1.200000017881393E-006
  1.200000017881393E-006
  1.200000017881393E-006
  1.200000017881393E-006
  1.200000017881393E-006
  1.200000017881393E-006
  1.200000017881393E-006
  1.200000017881393E-006
  1.200000017881393E-006
  1.200000017881393E-006
  1.200000017881393E-006
  1.200000017881393E-006
  1.200000017881393E-006
  1.200000017881393E-006
  1.200000017881393E-006
  1.200000017881393E-006
  1.200000017881393E-006
  1.200000017881393E-006
  1.200000017881393E-006
  1.200000017881393E-006
  1.200000017881393E-006
  1.200000017881393E-006
  1.200000017881393E-006
  1.200000017881393E-006
  1.200000017881393E-006
  1.200000017881393E-006
  1.200000017881393E-006
  1.200000017881393E-006
  1.200000017881393E-006
  1.200000017881393E-006
  1.200000017881393E-006
  1.200000017881393E-006
  1.200000017881393E-006
  1.200000017881393E-006
  1.200000017881393E-006
  1.200000017881393E-006
  1.200000017881393E-006
  1.200000017881393E-006
  1.200000017881393E-006
  1.200000017881393E-006
  1.200000017881393E-006
  1.200000017881393E-006
  1.200000017881393E-006
  1.200000017881393E-006
  1.200000017881393E-006
  1.200000017881393E-006
  1.200000017881393E-006
  1.200000017881393E-006
  1.200000017881393E-006
  1.200000017881393E-006
  1.200000017881393E-006
  1.200000017881393E-006
  1.200000017881393E-006
  1.200000017881393E-006
  1.200000017881393E-006
  1.200000017881393E-006
  1.200000017881393E-006
  1.200000017881393E-006
  1.200000017881393E-006
  1.200000017881393E-006
  1.200000017881393E-006
  1.200000017881393E-006
  1.200000017881393E-006
  1.200000017881393E-006
  1.200000017881393E-006
  1.200000017881393E-006
  1.200000017881393E-006
  1.200000017881393E-006
  1.200000017881393E-006
  1.200000017881393E-006
  1.200000017881393E-006
  1.200000017881393E-006
  1.200000017881393E-006
  1.200000017881393E-006
  1.200000017881393E-006
  1.200000017881393E-006
  1.200000017881393E-006
  1.200000017881393E-006
  1.200000017881393E-006
  1.200000017881393E-006
  1.200000017881393E-006
  1.200000017881393E-006
  1.200000017881393E-006
  1.200000017881393E-006
  1.200000017881393E-006
  1.200000017881393E-006
  1.200000017881393E-006
  1.200000017881393E-006
  1.200000017881393E-006
  1.200000017881393E-006
  1.200000017881393E-006
  1.200000017881393E-006
  1.200000017881393E-006
  1.200000017881393E-006
  1.200000017881393E-006
  1.200000017881393E-006
  1.200000017881393E-006
  1.200000017881393E-006
  1.200000017881393E-006
  1.200000017881393E-006
  1.200000017881393E-006
  1.200000017881393E-006
  1.200000017881393E-006
  1.200000017881393E-006
  1.200000017881393E-006
  1.200000017881393E-006
  1.200000017881393E-006
  1.200000017881393E-006
  1.200000017881393E-006
  1.200000017881393E-006
  1.200000017881393E-006
  1.200000017881393E-006
  1.200000017881393E-006
  1.200000017881393E-006
  1.200000017881393E-006
  1.200000017881393E-006
  1.200000017881393E-006
  1.200000017881393E-006
  1.200000017881393E-006
  1.200000017881393E-006
  1.200000017881393E-006
  1.200000017881393E-006
  1.200000017881393E-006
  1.200000017881393E-006
  1.200000017881393E-006
  1.200000017881393E-006
  1.200000017881393E-006
  1.200000017881393E-006
  1.200000017881393E-006
  1.200000017881393E-006
  1.200000017881393E-006
  1.200000017881393E-006
  1.200000017881393E-006
  1.200000017881393E-006
  1.200000017881393E-006
  1.200000017881393E-006
  1.200000017881393E-006
  1.200000017881393E-006
  1.200000017881393E-006
  1.200000017881393E-006
  1.200000017881393E-006
  1.200000017881393E-006
  1.200000017881393E-006
  1.200000017881393E-006
  1.200000017881393E-006
  1.200000017881393E-006
  1.200000017881393E-006
  1.200000017881393E-006
  1.200000017881393E-006
  1.200000017881393E-006
  1.200000017881393E-006
  1.200000017881393E-006
  1.200000017881393E-006
  1.200000017881393E-006
  1.200000017881393E-006
  1.200000017881393E-006
  1.200000017881393E-006
  1.200000017881393E-006
  1.200000017881393E-006
  1.200000017881393E-006
  1.200000017881393E-006
  1.200000017881393E-006
  1.200000017881393E-006
  1.200000017881393E-006
  1.200000017881393E-006
  1.200000017881393E-006
  1.200000017881393E-006
  1.200000017881393E-006
  1.200000017881393E-006
  1.200000017881393E-006
  1.200000017881393E-006
  1.200000017881393E-006
  1.200000017881393E-006
  1.200000017881393E-006
  1.200000017881393E-006
  1.200000017881393E-006
  1.200000017881393E-006
  1.200000017881393E-006
  1.200000017881393E-006
  1.200000017881393E-006
  1.200000017881393E-006
  1.200000017881393E-006
  1.200000017881393E-006
  1.200000017881393E-006
  1.200000017881393E-006
  1.200000017881393E-006
  1.200000017881393E-006
  1.200000017881393E-006
  1.200000017881393E-006
  1.200000017881393E-006
  1.200000017881393E-006
  1.200000017881393E-006
  1.200000017881393E-006
  1.200000017881393E-006
  1.200000017881393E-006
  1.200000017881393E-006
  1.200000017881393E-006
  1.200000017881393E-006
  1.200000017881393E-006
  1.200000017881393E-006
  1.200000017881393E-006
  1.200000017881393E-006
  1.200000017881393E-006
  1.200000017881393E-006
  1.200000017881393E-006
  1.200000017881393E-006
  1.200000017881393E-006
  1.200000017881393E-006
  1.200000017881393E-006
  1.200000017881393E-006
  1.200000017881393E-006
  1.200000017881393E-006
  1.200000017881393E-006
  1.200000017881393E-006
  1.200000017881393E-006
  1.200000017881393E-006
  1.200000017881393E-006
  1.200000017881393E-006
  1.200000017881393E-006
  1.200000017881393E-006
  1.200000017881393E-006
  1.200000017881393E-006
  1.200000017881393E-006
  1.200000017881393E-006
  1.200000017881393E-006
  1.200000017881393E-006
  1.200000017881393E-006
  1.200000017881393E-006
  1.200000017881393E-006
  1.200000017881393E-006
  1.200000017881393E-006
  1.200000017881393E-006
  1.200000017881393E-006
  1.200000017881393E-006
  1.200000017881393E-006
  1.200000017881393E-006
  1.200000017881393E-006
  1.200000017881393E-006
  1.200000017881393E-006
  1.200000017881393E-006
  1.200000017881393E-006
  1.200000017881393E-006
  1.200000017881393E-006
  1.200000017881393E-006
  1.200000017881393E-006
  1.200000017881393E-006
  1.200000017881393E-006
  1.200000017881393E-006
  1.200000017881393E-006
  1.200000017881393E-006
  1.200000017881393E-006
  1.200000017881393E-006
  1.200000017881393E-006
  1.200000017881393E-006
  1.200000017881393E-006
  1.200000017881393E-006
  1.200000017881393E-006
  1.200000017881393E-006
  1.200000017881393E-006
  1.200000017881393E-006
  1.200000017881393E-006
  1.200000017881393E-006
  1.200000017881393E-006
  1.200000017881393E-006
  1.200000017881393E-006
  1.200000017881393E-006
  1.200000017881393E-006
  1.200000017881393E-006
  1.200000017881393E-006
  1.200000017881393E-006
  1.200000017881393E-006
  1.200000017881393E-006
  1.200000017881393E-006
  1.200000017881393E-006
  1.200000017881393E-006
  1.200000017881393E-006
  1.200000017881393E-006
  1.200000017881393E-006
  1.200000017881393E-006
  1.200000017881393E-006
  1.200000017881393E-006
  1.200000017881393E-006
  1.200000017881393E-006
  1.200000017881393E-006
  1.200000017881393E-006
  1.200000017881393E-006
  1.200000017881393E-006
  1.200000017881393E-006
  1.200000017881393E-006
  1.200000017881393E-006
  1.200000017881393E-006
  1.200000017881393E-006
  1.200000017881393E-006
  1.200000017881393E-006
  1.200000017881393E-006
  1.200000017881393E-006
  1.200000017881393E-006
  1.200000017881393E-006
  1.200000017881393E-006
  1.200000017881393E-006
  1.200000017881393E-006
  1.200000017881393E-006
  1.200000017881393E-006
  1.200000017881393E-006
  1.200000017881393E-006
  1.200000017881393E-006
  1.200000017881393E-006
  1.200000017881393E-006
  1.200000017881393E-006
  1.200000017881393E-006
  1.200000017881393E-006
  1.200000017881393E-006
  1.200000017881393E-006
  1.200000017881393E-006
  1.200000017881393E-006
  1.200000017881393E-006
  1.200000017881393E-006
  1.200000017881393E-006
  1.200000017881393E-006
  1.200000017881393E-006
  1.200000017881393E-006
  1.200000017881393E-006
  1.200000017881393E-006
  1.200000017881393E-006
  1.200000017881393E-006
  1.200000017881393E-006
  1.200000017881393E-006
  1.200000017881393E-006
  1.200000017881393E-006
  1.200000017881393E-006
  1.200000017881393E-006
  1.200000017881393E-006
  1.200000017881393E-006
  1.200000017881393E-006
  1.200000017881393E-006
  1.200000017881393E-006
  1.200000017881393E-006
  1.200000017881393E-006
  1.200000017881393E-006
  1.200000017881393E-006
  1.200000017881393E-006
  1.200000017881393E-006
  1.200000017881393E-006
  1.200000017881393E-006
  1.200000017881393E-006
  1.200000017881393E-006
  1.200000017881393E-006
  1.200000017881393E-006
  1.200000017881393E-006
  1.200000017881393E-006
  1.200000017881393E-006
  1.200000017881393E-006
  1.200000017881393E-006
  1.200000017881393E-006
  1.200000017881393E-006
  1.200000017881393E-006
  1.200000017881393E-006
  1.200000017881393E-006
  1.200000017881393E-006
  1.200000017881393E-006
  1.200000017881393E-006
  1.200000017881393E-006
  1.200000017881393E-006
  1.200000017881393E-006
  1.200000017881393E-006
  1.200000017881393E-006
  1.200000017881393E-006
  1.200000017881393E-006
  1.200000017881393E-006
  1.200000017881393E-006
  1.200000017881393E-006
  1.200000017881393E-006
  1.200000017881393E-006
  1.200000017881393E-006
  1.200000017881393E-006
  1.200000017881393E-006
  1.200000017881393E-006
  1.200000017881393E-006
  1.200000017881393E-006
  1.200000017881393E-006
  1.200000017881393E-006
  1.200000017881393E-006
  1.200000017881393E-006
  1.200000017881393E-006
  1.200000017881393E-006
  1.200000017881393E-006
  1.200000017881393E-006
  1.200000017881393E-006
  1.200000017881393E-006
  1.200000017881393E-006
  1.200000017881393E-006
  1.200000017881393E-006
  1.200000017881393E-006
  1.200000017881393E-006
  1.200000017881393E-006
  1.200000017881393E-006
  1.200000017881393E-006
  1.200000017881393E-006
  1.200000017881393E-006
  1.200000017881393E-006
  1.200000017881393E-006
  1.200000017881393E-006
  1.200000017881393E-006
  1.200000017881393E-006
  1.200000017881393E-006
  1.200000017881393E-006
  1.200000017881393E-006
  1.200000017881393E-006
  1.200000017881393E-006
  1.200000017881393E-006
  1.200000017881393E-006
  1.200000017881393E-006
  1.200000017881393E-006
  1.200000017881393E-006
  1.200000017881393E-006
  1.200000017881393E-006
  1.200000017881393E-006
  1.200000017881393E-006
  1.200000017881393E-006
  1.200000017881393E-006
  1.200000017881393E-006
  1.200000017881393E-006
  1.200000017881393E-006
  1.200000017881393E-006
  1.200000017881393E-006
  1.200000017881393E-006
  1.200000017881393E-006
  1.200000017881393E-006
  1.200000017881393E-006
  1.200000017881393E-006
  1.200000017881393E-006
  1.200000017881393E-006
  1.200000017881393E-006
  1.200000017881393E-006
  1.200000017881393E-006
  1.200000017881393E-006
  1.200000017881393E-006
  1.200000017881393E-006
  1.200000017881393E-006
  1.200000017881393E-006
  1.200000017881393E-006
  1.200000017881393E-006
  1.200000017881393E-006
  1.200000017881393E-006
  1.200000017881393E-006
  1.200000017881393E-006
  1.200000017881393E-006
  1.200000017881393E-006
  1.200000017881393E-006
  1.200000017881393E-006
  1.200000017881393E-006
  1.200000017881393E-006
  1.200000017881393E-006
  1.200000017881393E-006
  1.200000017881393E-006
  1.200000017881393E-006
  1.200000017881393E-006
  1.200000017881393E-006
  1.200000017881393E-006
  1.200000017881393E-006
  1.200000017881393E-006
  1.200000017881393E-006
  1.200000017881393E-006
  1.200000017881393E-006
  1.200000017881393E-006
  1.200000017881393E-006
  1.200000017881393E-006
  1.200000017881393E-006
  1.200000017881393E-006
  1.200000017881393E-006
  1.200000017881393E-006
  1.200000017881393E-006
  1.200000017881393E-006
  1.200000017881393E-006
  1.200000017881393E-006
  1.200000017881393E-006
  1.200000017881393E-006
  1.200000017881393E-006
  1.200000017881393E-006
  1.200000017881393E-006
  1.200000017881393E-006
  1.200000017881393E-006
  1.200000017881393E-006
  1.200000017881393E-006
  1.200000017881393E-006
  1.200000017881393E-006
  1.200000017881393E-006
  1.200000017881393E-006
  1.200000017881393E-006
  1.200000017881393E-006
  1.200000017881393E-006
  1.200000017881393E-006
  1.200000017881393E-006
  1.200000017881393E-006
  1.200000017881393E-006
  1.200000017881393E-006
  1.200000017881393E-006
  1.200000017881393E-006
  1.200000017881393E-006
  1.200000017881393E-006
  1.200000017881393E-006
  1.200000017881393E-006
  1.200000017881393E-006
  1.200000017881393E-006
  1.200000017881393E-006
  1.200000017881393E-006
  1.200000017881393E-006
  1.200000017881393E-006
  1.200000017881393E-006
  1.200000017881393E-006
  1.200000017881393E-006
  1.200000017881393E-006
  1.200000017881393E-006
  1.200000017881393E-006
  1.200000017881393E-006
  1.200000017881393E-006
  1.200000017881393E-006
  1.200000017881393E-006
  1.200000017881393E-006
  1.200000017881393E-006
  1.200000017881393E-006
  1.200000017881393E-006
  1.200000017881393E-006
  1.200000017881393E-006
  1.200000017881393E-006
  1.200000017881393E-006
  1.200000017881393E-006
  1.200000017881393E-006
  1.200000017881393E-006
  1.200000017881393E-006
  1.200000017881393E-006
  1.200000017881393E-006
  1.200000017881393E-006
  1.200000017881393E-006
  1.200000017881393E-006
  1.200000017881393E-006
  1.200000017881393E-006
  1.200000017881393E-006
  1.200000017881393E-006
  1.200000017881393E-006
  6.678946045907262E-008
  2.173453674500120E-007
  3.681110984419930E-007
  5.190863507994844E-007
  6.702692380889408E-007
  8.216571983862301E-007
  9.732472336761821E-007
  1.125035843456412E-006
  1.277020314943382E-006
  1.429197279356124E-006
  1.581563453157475E-006
  1.734115196701155E-006
  1.886849707822241E-006
  2.039763157461405E-006
  2.192852196597597E-006
  2.346113724930163E-006
  2.499543685333707E-006
  2.653139142590361E-006
  2.806896529476504E-006
  2.960812391710365E-006
  3.114883009972015E-006
  3.269104703406754E-006
  3.423474457610399E-006
  3.577988375725098E-006
  3.732642744704197E-006
  3.887434134366400E-006
  4.042359169428450E-006
  4.197413977986662E-006
  4.352594491504262E-006
  4.507897704326761E-006
  4.663319597114406E-006
  4.818856334661632E-006
  4.974504604859519E-006
  5.130260679979118E-006
  5.286120208800666E-006
  5.442079918673097E-006
  5.598136198644791E-006
  5.754284476810263E-006
  5.910521835363918E-006
  6.066843828855200E-006
  6.223246911576540E-006
  6.379727698458856E-006
  6.536281205872054E-006
  6.692904709170176E-006
  6.849593544255740E-006
  7.006344529845675E-006
  7.163152802599980E-006
  7.320015277964214E-006
  7.476927967141913E-006
  7.633886716480464E-006
  7.790887541945045E-006
  7.947926682834101E-006
  8.104999962298958E-006
  8.262103568593537E-006
  8.419233395476740E-006
  8.576385732460779E-006
  8.733556338037126E-006
  8.890741661155136E-006
  9.047937104514004E-006
  9.205139265184096E-006
  9.362343365832679E-006
  9.519546098220265E-006
  9.676743286157299E-006
  9.833930725758852E-006
  9.991104723581255E-006
  1.014826068138394E-005
  1.030539507860486E-005
  1.046250396086092E-005
  1.061958272039237E-005
  1.077662797675858E-005
  1.093363537108939E-005
  1.109060057060094E-005
  1.124752012715116E-005
  1.140439002724736E-005
  1.156120573938047E-005
  1.171796337330767E-005
  1.187465916577697E-005
  1.203128867128928E-005
  1.218784816400507E-005
  1.234433366512093E-005
  1.250074111489393E-005
  1.265706619403262E-005
  1.281330532373296E-005
  1.296945424354358E-005
  1.312550937859889E-005
  1.328146598062701E-005
  1.343732036127360E-005
  1.359306887682052E-005
  1.374870753224174E-005
  1.390423222497388E-005
  1.405963855621275E-005
  1.421492291114725E-005
  1.437008188441399E-005
  1.452511054119043E-005
  1.468000586434631E-005
  1.483476341266675E-005
  1.498937958721591E-005
  1.514385005295353E-005
  1.529817119053358E-005
  1.545233930650550E-005
  1.560635023755889E-005
  1.576020064272924E-005
  1.591388604471561E-005
  1.606740296072557E-005
  1.622074779857769E-005
  1.637391640388120E-005
  1.652690516213101E-005
  1.667971011047801E-005
  1.683232797587885E-005
  1.698475471358225E-005
  1.713698647601109E-005
  1.728901984058492E-005
  1.744085108577444E-005
  1.759247662012961E-005
  1.774389268983851E-005
  1.789509561034049E-005
  1.804608206849976E-005
  1.819684777614831E-005
  1.834738991474404E-005
  1.849770499509098E-005
  1.864778880828192E-005
  1.879763828868477E-005
  1.894725044848288E-005
  1.909662092158923E-005
  1.924574637533191E-005
  1.939462353945643E-005
  1.954325022786708E-005
  1.969162132016452E-005
  1.983973398411840E-005
  1.998758466031109E-005
  2.013517040841940E-005
  2.028248929176666E-005
  2.042953640807038E-005
  2.057630869345148E-005
  2.072280242898972E-005
  2.086901517696888E-005
  2.101494365582390E-005
  2.116058581545953E-005
  2.130593784250050E-005
  2.145099575517744E-005
  2.159575714066897E-005
  2.174021874424210E-005
  2.188437793186384E-005
  2.202823119912748E-005
  2.217177605384991E-005
  2.231500971104220E-005
  2.245792912675913E-005
  2.260053122197419E-005
  2.274281409483991E-005
  2.288477465713371E-005
  2.302640989575175E-005
  2.316771613049173E-005
  2.330869183494084E-005
  2.344933387209306E-005
  2.358963965299363E-005
  2.372960642163949E-005
  2.386923197541119E-005
  2.400851327036542E-005
  2.414744820474780E-005
  2.428603423297257E-005
  2.442426771495455E-005
  2.456214742963243E-005
  2.469967094778035E-005
  2.483683572522259E-005
  2.497363995439566E-005
  2.511008084546409E-005
  2.524615618371649E-005
  2.538186377815258E-005
  2.551720066220702E-005
  2.565216583044577E-005
  2.578675605719807E-005
  2.592097038851281E-005
  2.605480520935197E-005
  2.618825938926032E-005
  2.632133094037869E-005
  2.645401814112141E-005
  2.658631796943614E-005
  2.671822965774206E-005
  2.684975094974580E-005
  2.698087953289696E-005
  2.711161367785004E-005
  2.724195205371392E-005
  2.737189232811891E-005
  2.750143369070540E-005
  2.763057391247378E-005
  2.775931105242208E-005
  2.788764346612434E-005
  2.801556953840947E-005
  2.814308813556989E-005
  2.827019819396971E-005
  2.839689659358600E-005
  2.852318282291934E-005
  2.864905574496563E-005
  2.877451364431049E-005
  2.889955546796841E-005
  2.902417859653597E-005
  2.914838273742355E-005
  2.927216727749854E-005
  2.939552948124672E-005
  2.951846868465256E-005
  2.964098422925714E-005
  2.976307472368517E-005
  2.988473893028806E-005
  3.000597503328141E-005
  3.012678304690799E-005
  3.024716235506853E-005
  3.036711015352936E-005
  3.048662644222091E-005
  3.060571122743092E-005
  3.072436267382430E-005
  3.084257892389776E-005
  3.096036109431943E-005
  3.107770745269699E-005
  3.119461665346054E-005
  3.131108894605147E-005
  3.142712373003506E-005
  3.154271868426896E-005
  3.165787494330893E-005
  3.177259124275576E-005
  3.188686614915136E-005
  3.200070055207754E-005
  3.211409351262567E-005
  3.222704313266733E-005
  3.233955068105660E-005
  3.245161526135187E-005
  3.256323560477235E-005
  3.267441282236895E-005
  3.278514489212074E-005
  3.289543212037443E-005
  3.300527508443390E-005
  3.311467190879617E-005
  3.322362371222136E-005
  3.333213000186256E-005
  3.344018950720214E-005
  3.354780340802310E-005
  3.365497068529306E-005
  3.376169152838303E-005
  3.386796632732383E-005
  3.397379369957395E-005
  3.407917518685407E-005
  3.418410969816290E-005
  3.428859756183073E-005
  3.439263929660272E-005
  3.449623331431754E-005
  3.459938157308914E-005
  3.470208317751854E-005
  3.480433856109244E-005
  3.490614839943481E-005
  3.500751146621179E-005
  3.510842956942026E-005
  3.520890165536980E-005
  3.530892883141502E-005
  3.540851120100478E-005
  3.550764845703984E-005
  3.560634215859670E-005
  3.570459087280674E-005
  3.580239673818769E-005
  3.589975883440565E-005
  3.599667839343176E-005
  3.609315562387752E-005
  3.618919061487303E-005
  3.628478466240182E-005
  3.637993705341583E-005
  3.647464990110269E-005
  3.656892178492801E-005
  3.666275504559557E-005
  3.675614899659829E-005
  3.684910516490737E-005
  3.694162374124656E-005
  3.703370486395537E-005
  3.712535003447512E-005
  3.721655913832167E-005
  3.730733389182780E-005
  3.739767382651841E-005
  3.748758092380350E-005
  3.757705460503972E-005
  3.766609694684095E-005
  3.775470770252302E-005
  3.784288809632254E-005
  3.793063866741068E-005
  3.801796045765605E-005
  3.810485444425701E-005
  3.819132128208564E-005
  3.827736242981129E-005
  3.836297786012408E-005
  3.844816896867627E-005
  3.853293596149380E-005
  3.861728112791657E-005
  3.870120428059727E-005
  3.878470750320571E-005
  3.886779023277150E-005
  3.895045474048534E-005
  3.903270131245277E-005
  3.911453185973478E-005
  3.919594680788822E-005
  3.927694646054793E-005
  3.935753293138163E-005
  3.943770720790370E-005
  3.951747079631646E-005
  3.959682301860129E-005
  3.967576676541912E-005
  3.975430251804184E-005
  3.983243182119225E-005
  3.991015443335717E-005
  3.998747361016374E-005
  4.006438883506257E-005
  4.014090200448546E-005
  4.021701386314273E-005
  4.029272691783846E-005
  4.036804065142922E-005
  4.044295722755971E-005
  4.051747763042868E-005
  4.059160338135555E-005
  4.066533499388405E-005
  4.073867481526512E-005
  4.081162319812732E-005
  4.088418162237978E-005
  4.095635205672214E-005
  4.102813489018522E-005
  4.109953196004149E-005
  4.117054488562826E-005
  4.124117342120485E-005
  4.131142038812463E-005
  4.138128708298358E-005
  4.145077377369974E-005
  4.151988357663707E-005
  4.158861548834958E-005
  4.165697307222367E-005
  4.172495642513405E-005
  4.179256714159086E-005
  4.185980724825364E-005
  4.192667684396307E-005
  4.199317862652070E-005
  4.205931289449886E-005
  4.212508216305312E-005
  4.219048681982061E-005
  4.225552902717338E-005
  4.232020988249624E-005
  4.238453061490383E-005
  4.244849301559030E-005
  4.251209814915282E-005
  4.257534784068904E-005
  4.263824326381864E-005
  4.270078601334806E-005
  4.276297734965421E-005
  4.282481856113211E-005
  4.288631190604751E-005
  4.294745777208422E-005
  4.300825873010911E-005
  4.306871478901059E-005
  4.312882948600329E-005
  4.318860156449674E-005
  4.324803553875216E-005
  4.330712982606348E-005
  4.336588837530347E-005
  4.342431136192841E-005
  4.348240031286737E-005
  4.354015838964940E-005
  4.359758356117412E-005
  4.365468118213672E-005
  4.371144989974204E-005
  4.376789244435782E-005
  4.382401151587583E-005
  4.387980447386065E-005
  4.393527720131799E-005
  4.399042993392532E-005
  4.404526219926717E-005
  4.409977845712912E-005
  4.415397892585139E-005
  4.420786307497534E-005
  4.426143605679540E-005
  4.431469766651130E-005
  4.436764722485466E-005
  4.442028980394673E-005
  4.447262681344214E-005
  4.452465523367967E-005
  4.457638057760117E-005
  4.462780502865910E-005
  4.467892741846843E-005
  4.472974852321129E-005
  4.478027297220798E-005
  4.483050228637212E-005
  4.488043533332664E-005
  4.493007270714298E-005
  4.497941941214104E-005
  4.502847639898236E-005
  4.507724609673103E-005
  4.512572309079243E-005
  4.517391459342776E-005
  4.522182233577518E-005
  4.526944820428543E-005
  4.531679388532832E-005
  4.536385799345193E-005
  4.541063818979533E-005
  4.545714259994888E-005
  4.550337200877139E-005
  4.554932863995236E-005
  4.559501259712990E-005
  4.564042651182787E-005
  4.568557095713097E-005
  4.573044780500263E-005
  4.577505658555237E-005
  4.581939896609372E-005
  4.586346548480038E-005
  4.590727098861755E-005
  4.595081761537683E-005
  4.599410509932679E-005
  4.603713449153563E-005
  4.607990963115487E-005
  4.612242935153462E-005
  4.616469717511548E-005
  4.620670933272847E-005
  4.624847255059416E-005
  4.628999220247567E-005
  4.633125120926678E-005
  4.637219619558350E-005
  4.643005301171712E-005
  4.645342289068140E-005
  4.649386643588935E-005
  4.653389432199323E-005
  4.657369952426620E-005
  4.661325515686774E-005
  4.665258602380286E-005
  4.669167417056775E-005
  4.673052663481354E-005
  4.676914418033495E-005
  4.680753239916432E-005
  4.684568874278765E-005
  4.688361433957332E-005
  4.692131151227406E-005
  4.695877841478069E-005
  4.699601591853545E-005
  4.703302917442997E-005
  4.706981997914228E-005
  4.710638886388657E-005
  4.714273751828106E-005
  4.717886758794578E-005
  4.721477895842916E-005
  4.725047434466086E-005
  4.728595421791552E-005
  4.732121961549471E-005
  4.735627228861879E-005
  4.739111305419913E-005
  4.742574325566602E-005
  4.746016446488428E-005
  4.749437733503740E-005
  4.752838334914016E-005
  4.756218404619292E-005
  4.759577990139945E-005
  4.762917274277770E-005
  4.766236363272482E-005
  4.769535333256763E-005
  4.772814375001034E-005
  4.776073568917894E-005
  4.779313017314914E-005
  4.782532881591163E-005
  4.785733264268361E-005
  4.788914240642975E-005
  4.792075994059791E-005
  4.795218611936873E-005
  4.798342164318515E-005
  4.801446844246894E-005
  4.804532741508599E-005
  4.807599923804382E-005
  4.810648554326354E-005
  4.813678751946962E-005
  4.816690551742409E-005
  4.819684147953763E-005
  4.822659647906884E-005
  4.825617089973287E-005
  4.828556648619186E-005
  4.831478443442741E-005
  4.834382509993912E-005
  4.837269016000975E-005
  4.840138068133688E-005
  4.842989760476545E-005
  4.845824176345964E-005
  4.848641465728459E-005
  4.851441714064855E-005
  4.854224976997596E-005
  4.856991442427808E-005
  4.859741207378468E-005
  4.862474275396287E-005
  4.865190838771302E-005
  4.867891001129297E-005
  4.870574819998556E-005
  4.873242388642570E-005
  4.875893863410653E-005
  4.878529329944894E-005
  4.881148804971448E-005
  4.883752474825492E-005
  4.886340440872400E-005
  4.888912725797908E-005
  4.891469465807543E-005
  4.894010789918965E-005
  4.896536775081813E-005
  4.899047437185532E-005
  4.901542966917201E-005
  4.904023444779637E-005
  4.906488921888321E-005
  4.908939491783828E-005
  4.911375292237465E-005
  4.913796403671759E-005
  4.916202853005202E-005
  4.918594782905758E-005
  4.920972290815839E-005
  4.923335453921574E-005
  4.925684307352038E-005
  4.928019009747692E-005
  4.930339626657638E-005
  4.932646265970002E-005
  4.934938925521650E-005
  4.937217765797374E-005
  4.939482864022347E-005
  4.941734302265460E-005
  4.943972089482697E-005
  4.946196367299032E-005
  4.948407256913767E-005
  4.950604854252979E-005
  4.952789160467581E-005
  4.954960341121169E-005
  4.957118483193332E-005
  4.959263650604955E-005
  4.961395832884942E-005
  4.963515137971793E-005
  4.965621675884450E-005
  4.967715495217063E-005
  4.969796642242118E-005
  4.971865151434341E-005
  4.973921174750745E-005
  4.975964760779245E-005
  4.977995988983048E-005
  4.980014853917096E-005
  4.982021517528508E-005
  4.984016017381842E-005
  4.985998460688826E-005
  4.987968878952074E-005
  4.989927280446220E-005
  4.991873828990490E-005
  4.993808590457127E-005
  4.995731596488153E-005
  4.997642918369109E-005
  4.999542590357574E-005
  5.001430730473645E-005
  5.003307406019224E-005
  5.005172681189145E-005
  5.007026568454461E-005
  5.008869118137551E-005
  5.010700466639573E-005
  5.012520667315392E-005
  5.014329756510612E-005
  5.016127781845717E-005
  5.017914777934157E-005
  5.019690858925686E-005
  5.021456096018187E-005
  5.023210525568227E-005
  5.024954209232856E-005
  5.026687120527935E-005
  5.028409387115894E-005
  5.030121111808210E-005
  5.031822301291169E-005
  5.033513035048779E-005
  5.035193352765270E-005
  5.036863222678181E-005
  5.038522823519844E-005
  5.040172157629426E-005
  5.041811304814152E-005
  5.043440308736847E-005
  5.045059202135876E-005
  5.046668065862101E-005
  5.048266785657030E-005
  5.049855541002515E-005
  5.051434399199882E-005
  5.053003444203213E-005
  5.054562697881550E-005
  5.056112187565713E-005
  5.057651739485448E-005
  5.059181805460518E-005
  5.060702161003874E-005
  5.062213070921623E-005
  5.063714448238596E-005
  5.065206215907447E-005
  5.066688204242303E-005
  5.068160975080770E-005
  5.069624312763769E-005
  5.071078341018849E-005
  5.072523086497513E-005
  5.073958810190340E-005
  5.075385464198670E-005
  5.076802486358800E-005
  5.078210491026013E-005
  5.079609222772273E-005
  5.080999263156293E-005
  5.082379642514126E-005
  5.083751093555416E-005
  5.085113619662543E-005
  5.086467243891869E-005
  5.087811912507617E-005
  5.089147652577227E-005
  5.090474601870852E-005
  5.091792772161242E-005
  5.093102204744455E-005
  5.094402928063185E-005
  5.095694995010919E-005
  5.096978410444789E-005
  5.098253201712333E-005
  5.099519333815364E-005
  5.100776746608058E-005
  5.102025700009559E-005
  5.103266086081888E-005
  5.104498029261578E-005
  5.105721491150594E-005
  5.106936552552068E-005
  5.108143233517677E-005
  5.109341547402838E-005
  5.110531528171730E-005
  5.111713170423861E-005
  5.112886522230254E-005
  5.114051582165811E-005
  5.115208389214590E-005
  5.116356994684951E-005
  5.117497346643207E-005
  5.118629489763433E-005
  5.119753475231506E-005
  5.120869299061582E-005
  5.121977090947714E-005
  5.123076731626220E-005
  5.124168240044009E-005
  5.125251708239597E-005
  5.126327161317159E-005
  5.127394575401131E-005
  5.128453980043471E-005
  5.129505393526759E-005
  5.130548844870580E-005
  5.131584326704572E-005
  5.132611881314342E-005
  5.133631480228415E-005
  5.134643175148991E-005
  5.135646985376133E-005
  5.136642907771049E-005
  5.137630965736568E-005
  5.138611175513219E-005
  5.139583550560298E-005
  5.140548069153334E-005
  5.141504839088880E-005
  5.142453782480706E-005
  5.143394179169755E-005
  5.144326753389531E-005
  5.145251732986655E-005
  5.146169135640240E-005
  5.147078797427866E-005
  5.147980729333408E-005
  5.148874992023046E-005
  5.149761537032322E-005
  5.150640440368472E-005
  5.151511647535345E-005
  5.152375610680184E-005
  5.153231754836190E-005
  5.154080151617198E-005
  5.154920854184025E-005
  5.155753888358380E-005
  5.156579148140303E-005
  5.157396793886509E-005
  5.158206827554105E-005
  5.159009251295793E-005
  5.159804067296962E-005
  5.160591277924453E-005
  5.161370885399148E-005
  5.162142891949859E-005
  5.162907299676418E-005
  5.163664110557448E-005
  5.164413326344918E-005
  5.165154948658290E-005
  5.165888978865457E-005
  5.166615418115241E-005
  5.167334267290729E-005
  5.168045527052083E-005
  5.168749197770443E-005
  5.169445279543905E-005
  5.170133772179404E-005
  5.170814675227784E-005
  5.171487987923006E-005
  5.172153708680452E-005
  5.172811834379226E-005
  5.173462360089059E-005
  5.174105279105027E-005
  5.174740582851511E-005
  5.175368260806474E-005
  5.175988300468143E-005
  5.176600687264311E-005
  5.177205404535439E-005
  5.177802433429791E-005
  5.178391752931849E-005
  5.178973339709433E-005
  5.179547168258707E-005
  5.180113210738052E-005
  5.180671437046332E-005
  5.181221814874639E-005
  5.181764309711553E-005
  5.182298885002304E-005
  5.182825502180864E-005
  5.183344120891049E-005
  5.183854699115803E-005
  5.184357193414425E-005
  5.184851559098194E-005
  5.185337750590911E-005
  5.185815721557387E-005
  5.186285425353513E-005
  5.186746815212867E-005
  5.187199844656442E-005
  5.187644467812314E-005
  5.188080639726072E-005
  5.188508316734790E-005
  5.188927456873655E-005
  5.189338020137712E-005
  5.189739968931424E-005
  5.190133268370309E-005
  5.190517886669097E-005
  5.190893795462923E-005
  5.191260970180453E-005
  5.191619390364724E-005
  5.191969039996548E-005
  5.192309907840527E-005
  5.192641987728651E-005
  5.192965278864711E-005
  5.193279786123077E-005
  5.193585520301597E-005
  5.193882498416065E-005
  5.194170743892805E-005
  5.194450286865285E-005
  5.194721164334300E-005
  5.194983420397336E-005
  5.195237106425333E-005
  5.195482281217970E-005
  5.195719011152904E-005
  5.195947370318732E-005
  5.196167440603283E-005
  5.196379311788028E-005
  5.196583081586936E-005
  5.196778855708971E-005
  5.196966747828185E-005
  5.197146879597592E-005
  5.197319380574147E-005
  5.197484388163171E-005
  5.197642047484588E-005
  5.197792511254850E-005
  5.197935939596023E-005
  5.198072499841218E-005
  5.198202366269093E-005
  5.198325719850985E-005
  5.198442747915208E-005
  5.198553643804371E-005
  5.198658606474036E-005
  5.198757840079825E-005
  5.198851553510997E-005
  5.198939959878156E-005
  5.199023275988650E-005
  5.199101721767090E-005
  5.199175519647779E-005
  5.199244893927290E-005
  5.199310070066402E-005
  5.199371273973375E-005
  5.199428731223073E-005
  5.199482666219429E-005
  5.199533301311571E-005
  5.199580855829729E-005
  5.199625545037139E-005
  5.199667578972426E-005
  5.199707161186193E-005
  5.199744487316632E-005
  5.199779743511295E-005
  5.199813104658291E-005
  5.199844732407728E-005
  5.199874772970389E-005
  5.199903354698095E-005
  5.199930585444479E-005
  5.199956549750868E-005
  5.199981305914398E-005
  5.200004883044218E-005
  5.200027278242242E-005
  5.200048454112995E-005
  5.200068336846975E-005
  5.200086815170754E-005
  5.200103740501368E-005
  5.200118928646406E-005
  5.200132163347818E-005
  5.200143201858301E-005
  5.200151782568452E-005
  5.200157634394481E-005
  5.200160487326188E-005
  5.200160083199250E-005
  5.200156185544775E-005
  5.200148587368952E-005
  5.200137116009150E-005
  5.200121634709630E-005
  5.200102041163521E-005
  5.200078263733931E-005
  5.200050256313589E-005
  5.200017992763238E-005
  5.199981461651618E-005
  5.199940661748389E-005
  5.199895598449180E-005
  5.199846281132401E-005
  5.199792721323052E-005
  5.199734931505377E-005
  5.199672924409639E-005
  5.199606712630050E-005
  5.199536308462849E-005
  5.199461723865276E-005
  5.199382970483390E-005
  5.199300059712053E-005
  5.199213002766123E-005
  5.199121810729227E-005
  5.199026494613074E-005
  5.198927065382835E-005
  5.198823533986776E-005
  5.198715911371084E-005
  5.198604208479355E-005
  5.198488436262882E-005
  5.198368605673915E-005
  5.198244727665307E-005
  5.198116813172683E-005
  5.197984873124460E-005
  5.197848918419982E-005
  5.197708959934671E-005
  5.197565008509392E-005
  5.197417074941217E-005
  5.197265169976246E-005
  5.197109304313155E-005
  5.196949488590589E-005
  5.196785733385615E-005
  5.196618049207257E-005
  5.196446446492754E-005
  5.196270935603012E-005
  5.196091526825037E-005
  5.195908230354864E-005
  5.195721056313598E-005
  5.195530014724212E-005
  5.195335115521571E-005
  5.195136368546263E-005
  5.194933783538434E-005
  5.194727370146904E-005
  5.194517137912518E-005
  5.194303096263213E-005
  5.194085254534682E-005
  5.193863621946162E-005
  5.193638207609240E-005
  5.193409020519806E-005
  5.193176069550208E-005
  5.192939363475639E-005
  5.192698910939154E-005
  5.192454720468392E-005
  5.192206800456770E-005
  5.191955159194249E-005
  5.191699804827800E-005
  5.191440745384874E-005
  5.191177988760358E-005
  5.190911542723435E-005
  5.190641414913263E-005
  5.190367612816513E-005
  5.190090143816717E-005
  5.189809015135178E-005
  5.189524233862773E-005
  5.189235806955041E-005
  5.188943741228320E-005
  5.188648043337356E-005
  5.188348719825351E-005
  5.188045777060948E-005
  5.187739221286191E-005
  5.187429058587598E-005
  5.187115294896831E-005
  5.186797936013696E-005
  5.186476987565108E-005
  5.186152455035972E-005
  5.185824343753297E-005
  5.185492658895969E-005
  5.185157405475693E-005
  5.184818588350170E-005
  5.184476212220857E-005
  5.184130281621636E-005
  5.183780800927852E-005
  5.183427774353435E-005
  5.183071205941186E-005
  5.182711099575269E-005
  5.182347458967537E-005
  5.181980287661516E-005
  5.181609589027556E-005
  5.181235366272101E-005
  5.180857622431888E-005
  5.180476360352769E-005
  5.180091582717263E-005
  5.179703292032835E-005
  5.179311490623647E-005
  5.178916180635883E-005
  5.178517364038078E-005
  5.178115042607944E-005
  5.177709217957821E-005
  5.177299891497875E-005
  5.176887064459521E-005
  5.176470737883238E-005
  5.176050912629580E-005
  5.175627589358242E-005
  5.175200768544880E-005
  5.174770450470306E-005
  5.174336635222880E-005
  5.173899322690418E-005
  5.173458512571463E-005
  5.173014204358975E-005
  5.172566397354648E-005
  5.172115090652433E-005
  5.171660283143706E-005
  5.171201973522243E-005
  5.170740160269818E-005
  5.170274841673683E-005
  5.169806015791078E-005
  5.169333680496200E-005
  5.168857833424243E-005
  5.168378472029682E-005
  5.167895593526542E-005
  5.167409194932633E-005
  5.166919273033935E-005
  5.166425824406890E-005
  5.165928845402455E-005
  5.165428332167666E-005
  5.164924280600931E-005
  5.164416686390336E-005
  5.163905545009432E-005
  5.163390851680831E-005
  5.162872601416932E-005
  5.162350788991940E-005
  5.161825408953196E-005
  5.161296455609764E-005
  5.160763923038950E-005
  5.160227805073018E-005
  5.159688095329349E-005
  5.159144787158878E-005
  5.158597873691546E-005
  5.158047347794451E-005
  5.157493202112623E-005
  5.156935429030456E-005
  5.156374020681597E-005
  5.155808968964912E-005
  5.155240265520903E-005
  5.154667901734812E-005
  5.154091868734768E-005
  5.153512157400428E-005
  5.152928758355665E-005
  5.152341661944599E-005
  5.151750858284239E-005
  5.151156337196041E-005
  5.150558088245054E-005
  5.149956100744987E-005
  5.149350363728389E-005
  5.148740865948873E-005
  5.148127595907443E-005
  5.147510539024307E-005
  5.146888654537511E-005
  5.146263334806480E-005
  5.145635090165290E-005
  5.145002899097057E-005
  5.144366728480585E-005
  5.143725365959682E-005
  5.143082769965586E-005
  5.142434870435884E-005
  5.141783397711023E-005
  5.141128115646816E-005
  5.140468553029031E-005
  5.139804511630542E-005
  5.139137917388594E-005
  5.138467052557672E-005
  5.137790253271071E-005
  5.137110163521888E-005
  5.136426880571241E-005
  5.135740375393159E-005
  5.135049605137034E-005
  5.134353032025571E-005
  5.133652119581585E-005
  5.132949140981072E-005
  5.132241540027484E-005
  5.131527071081439E-005
  5.130812710854888E-005
  5.130091559476864E-005
  5.129367363467141E-005
  5.128638067699510E-005
  5.127904097718976E-005
  5.127167660534307E-005
  5.126426115605964E-005
  5.125680772471938E-005
  5.124927057863167E-005
  5.124173101385201E-005
  5.123414476290513E-005
  5.122650301772049E-005
  5.121883509064983E-005
  5.121112190665510E-005
  5.120334351377856E-005
  5.119553748589727E-005
  5.118767085958570E-005
  5.117976342905473E-005
  5.117180209101524E-005
  5.116381972242483E-005
  5.115577226828812E-005
  5.114769360366150E-005
  5.113953273017504E-005
  5.113136997999993E-005
  5.112311965129750E-005
  5.111481629609491E-005
  5.110650906574875E-005
  5.109813013922668E-005
  5.108971641438714E-005
  5.108122286035090E-005
  5.107271945785546E-005
  5.106411251060860E-005
  5.105551523385457E-005
  5.104683834168591E-005
  5.103811680879565E-005
  5.102935907962138E-005
  5.102050842195071E-005
  5.101161063721091E-005
  5.100269989109494E-005
  5.099369515179168E-005
  5.098470287885169E-005
  5.097561953682273E-005
  5.096648429695893E-005
  5.095729377574313E-005
  5.094803371273767E-005
  5.093871738012383E-005
  5.092937741793677E-005
  5.091998020601230E-005
  5.091052194109278E-005
  5.090097828979064E-005
  5.089140214626556E-005
  5.088173895415201E-005
  5.087203207774168E-005
  5.086230387498313E-005
  5.085314319929749E-005
  5.084406609985801E-005
  5.083492129867524E-005
  5.082577673183537E-005
  5.081654906678325E-005
  5.080726405213100E-005
  5.079791894822483E-005
  5.078853871170776E-005
  5.077909833639614E-005
  5.076959496419845E-005
  5.076001822599563E-005
  5.075037853841367E-005
  5.074070519130934E-005
  5.073096519683143E-005
  5.072116687728261E-005
  5.071130602309738E-005
  5.070136334732159E-005
  5.069141696734592E-005
  5.068130391132065E-005
  5.067127126336167E-005
  5.066107321628058E-005
  5.065085649807698E-005
  5.064053613017007E-005
  5.063017188092958E-005
  5.061975683672732E-005
  5.060919733496077E-005
  5.059864756718332E-005
  5.058804178793219E-005
  5.057736436429518E-005
  5.056658793456355E-005
  5.055575334149539E-005
  5.054487381101954E-005
  5.053389246125391E-005
  5.052279632886337E-005
  5.051170483703057E-005
  5.050042378575556E-005
  5.048913512348575E-005
  5.047784177196098E-005
  5.046640560064736E-005
  5.045490662766526E-005
  5.044328937143857E-005
  5.043163412897182E-005
  5.041987377739644E-005
  5.040804897749535E-005
  5.039613309685333E-005
  5.038413925636439E-005
  5.037205333808917E-005
  5.035985944093155E-005
  5.034758899523734E-005
  5.033532078888047E-005
  5.032287017935174E-005
  5.031030769614353E-005
  5.029772997459261E-005
  5.028510862003206E-005
  5.027223085367335E-005
  5.025937815609493E-005
  5.024644054771451E-005
  5.023331962864879E-005
  5.022004658136698E-005
  5.020672484449038E-005
  5.019336499320803E-005
  5.017979461742468E-005
  5.016622897322506E-005
  5.015242959875929E-005
  5.013868759554292E-005
  5.012464451786979E-005
  5.011059502215998E-005
  5.009632847068086E-005
  5.008199593066941E-005
  5.006761336773211E-005
  5.005301644257186E-005
  5.003817283841950E-005
  5.002329707996776E-005
  5.000818940792078E-005
  4.999309955166888E-005
  4.997778886580860E-005
  4.996232676310653E-005
  4.994679011101778E-005
  4.993089519488014E-005
  4.991502055655061E-005
  4.989890556182187E-005
  4.988247335564142E-005
  4.986597499286404E-005
  4.984915083606891E-005
  4.983220945977503E-005
  4.981499914722153E-005
  4.979761328809306E-005
  4.978001237046505E-005
  4.976217753305909E-005
  4.974398062155038E-005
  4.972534025827597E-005
  4.970647205191924E-005
  4.968751543168371E-005
  4.966807835738520E-005
  4.964838542692717E-005
  4.962808750830219E-005
  4.960759867107350E-005
  4.958670284753718E-005
  4.956544030105352E-005
  4.954352881831029E-005
  4.952119050046068E-005
  4.949828533545075E-005
  4.947477361712386E-005
  4.945061592200574E-005
  4.942576395007225E-005
  4.940016780385571E-005
  4.937377322546253E-005
  4.934652107685534E-005
  4.931834715918447E-005
  4.928918198145242E-005
  4.925895051591451E-005
  4.922757193851544E-005
  4.919495937829746E-005
  4.916101967337089E-005
  4.912565308878639E-005
  4.908875308270328E-005
  4.905020599683733E-005
  4.900989071416423E-005
  4.896767820024026E-005
  4.892343082841926E-005
  4.887700131773761E-005
  4.882823096765505E-005
  4.877780767928289E-005
  4.872719092110806E-005
  4.867641468670483E-005
  4.862549998570458E-005
  4.857447723943912E-005
  4.852338740524731E-005
  4.847228315164973E-005
  4.842123004588546E-005
  4.837030778187716E-005
  4.831961139106854E-005
  4.826925242293705E-005
  4.821936008600562E-005
  4.817008223973181E-005
  4.812158625457320E-005
  4.807405961712523E-005
  4.802771028035356E-005
  4.798276662713338E-005
  4.793947702064975E-005
  4.789810886953214E-005
  4.785894709444142E-005
  4.782229177776626E-005
  4.778845366961186E-005
  4.775774932983487E-005
  4.773054754128804E-005
  4.770712922536538E-005
  4.768782532210716E-005
  4.767294348736813E-005
  4.766276677466009E-005
  4.765754483246179E-005
  4.765748256291414E-005
  4.766272708063658E-005
  4.767335307645157E-005
  4.768934660620715E-005
  4.771058757226657E-005
  4.773683108586109E-005
  4.776768832079315E-005
  4.780260758733492E-005
  4.784085674957068E-005
  4.788150844375865E-005
  4.792343008853170E-005
  4.796528129916548E-005
  4.800552230201900E-005
  4.804254773405892E-005
  4.807372146514224E-005
  4.809799534545734E-005
  4.811347707771238E-005
  4.811934781625440E-005
  4.811449033041064E-005
  4.809953293991952E-005
  4.807748783306226E-005
  4.805208851097182E-005
  4.802460028356850E-005
  4.799698749349464E-005
  4.796891986441963E-005
  4.794050888045921E-005
  4.791183898760122E-005
  4.788289502654005E-005
  4.785404761970200E-005
  4.782445711375637E-005
  4.779489561366049E-005
  4.776495172134259E-005
  4.773476590315496E-005
  4.770420061185971E-005
  4.767352651258131E-005
  4.764262322228875E-005
  4.761137057523242E-005
  4.757988760064598E-005
  4.754779332226995E-005
  4.751595825323357E-005
  4.748356578241191E-005
  4.745098239304406E-005
  4.741845645000644E-005
  4.738536154860237E-005
  4.735217760994427E-005
  4.731842036617850E-005
  4.728449765949141E-005
  4.725001597050482E-005
  4.721584290786216E-005
  4.718129606274600E-005
  4.714672344632928E-005
  4.711151298093477E-005
  4.707601737408221E-005
  4.704034935395467E-005
  4.700410834254692E-005
  4.696766578213584E-005
  4.693099635772024E-005
  4.689397148062484E-005
  4.685661514382908E-005
  4.681862413977646E-005
  4.678103700836476E-005
  4.674275918025628E-005
  4.670414591374266E-005
  4.666520222454541E-005
  4.662611076221141E-005
  4.658609056346605E-005
  4.654631065007281E-005
  4.650600884485090E-005
  4.646537240374518E-005
  4.642440559358602E-005
  4.638298714203310E-005
  4.634089056686429E-005
  4.629853860425418E-005
  4.625494387463109E-005
  4.621179359186933E-005
  4.616857155516544E-005
  4.612509750336862E-005
  4.608122471437888E-005
  4.603703239387639E-005
  4.599246056201156E-005
  4.594765604806415E-005
  4.590257651624137E-005
  4.585730241618979E-005
  4.581206831782675E-005
  4.576702650926176E-005
  4.572242297823567E-005
  4.567871284184103E-005
  4.563645842084447E-005
  4.559636869669126E-005
  4.555927160657548E-005
  4.552659299662984E-005
  4.549784671896854E-005
  4.546958863904623E-005
  4.544180130676571E-005
  4.541447783871741E-005
  4.538766186605850E-005
  4.536128880376145E-005
  4.533543081004946E-005
  4.531009072473043E-005
  4.528525791279955E-005
  4.526088330154707E-005
  4.523702975905881E-005
  4.521355119287136E-005
  4.519091478378431E-005
  4.516865164800473E-005
  4.514712262213917E-005
  4.512589834542486E-005
  4.510532177617932E-005
  4.508495091783605E-005
  4.506539929065481E-005
  4.504632431161016E-005
  4.502751123510872E-005
  4.500924464620009E-005
  4.499143130267229E-005
  4.497411900292488E-005
  4.495736465397560E-005
  4.494114841864413E-005
  4.492556264561473E-005
  4.491039492938992E-005
  4.489571069673587E-005
  4.488128818246629E-005
  4.486750669438288E-005
  4.485421804446908E-005
  4.484067807923554E-005
  4.482754695059985E-005
  4.481480583745093E-005
  4.480243898310222E-005
  4.479044336968695E-005
  4.477839683222873E-005
  4.476652961449604E-005
  4.475494941526348E-005
  4.474304573355695E-005
  4.473136888326335E-005
  4.471945929817956E-005
  4.470657646481325E-005
  4.462980227639626E-005
  4.453744460560062E-005
  4.444464212314130E-005
  4.435134819600937E-005
  4.425735912978222E-005
  4.416283064975987E-005
  4.406761139153600E-005
  4.397166541333983E-005
  4.387497822038378E-005
  4.377746528315852E-005
  4.367922298225535E-005
  4.358007342772620E-005
  4.348006635200441E-005
  4.337901550472341E-005
  4.327708296043927E-005
  4.317399586389334E-005
  4.306985996037636E-005
  4.296462358876591E-005
  4.285816771676799E-005
  4.275050192921229E-005
  4.264144062061937E-005
  4.253098925908154E-005
  4.241919145136034E-005
  4.230587816623227E-005
  4.219096353056351E-005
  4.207442006242308E-005
  4.195621147260325E-005
  4.183627848079892E-005
  4.171445020027250E-005
  4.159063291588248E-005
  4.146489713192257E-005
  4.133698686245743E-005
  4.120683874822497E-005
  4.107446204815056E-005
  4.093970530531985E-005
  4.080243569422848E-005
  4.066258742517999E-005
  4.052005423250579E-005
  4.037474003998959E-005
  4.022645846820520E-005
  4.007515147442648E-005
  3.992065090809539E-005
  3.976284761153295E-005
  3.960155357242499E-005
  3.943663680320799E-005
  3.926799662623869E-005
  3.909545106982275E-005
  3.891880242868101E-005
  3.873788479594223E-005
  3.855252345906149E-005
  3.836251593281180E-005
  3.816768982031783E-005
  3.796781326981133E-005
  3.776266960073304E-005
  3.755202382943061E-005
  3.733564453067297E-005
  3.711326688224929E-005
  3.688462159585929E-005
  3.664944843079968E-005
  3.640743346988249E-005
  3.615825653760943E-005
  3.590160193248744E-005
  3.563713803443635E-005
  3.536450633820961E-005
  3.508333306816481E-005
  3.479321479054196E-005
  3.449373386111232E-005
  3.418446154159589E-005
  3.386492471540044E-005
  3.353464689142576E-005
  3.319309426351089E-005
  3.283974113916760E-005
  3.247402901481055E-005
  3.209536741601394E-005
  3.170312416486543E-005
  3.129664466434287E-005
  3.087523783314251E-005
  3.043818265772481E-005
  2.998470456192734E-005
  2.951402158707379E-005
  2.902527339683617E-005
  2.851760483885595E-005
  2.799012252628997E-005
  2.744184033935853E-005
  2.687179704229333E-005
  2.627896415533102E-005
  2.566225347875416E-005
  2.502062480122624E-005
  2.435299031103417E-005
  2.365803904686349E-005
  2.293478303630312E-005
  2.218201171643332E-005
  2.139855490190014E-005
  2.058298966845001E-005
  1.973452285775103E-005
  1.885108494202452E-005
  1.793291909813068E-005
