  2.864245396705111E-005
  5.227856783862869E-006
  3.263219115698819E-006
  3.197024212967568E-006
  1.391521354697148E-006
  1.575690137572144E-006
  1.200000017881393E-006
  2.573802973900208E-007
  1.200000017881393E-006
  1.200000017881393E-006
  1.200000017881393E-006
  1.200000017881393E-006
  1.200000017881393E-006
  1.200000017881393E-006
  1.200000017881393E-006
  1.200000017881393E-006
  1.200000017881393E-006
  1.200000017881393E-006
  1.200000017881393E-006
  1.200000017881393E-006
  1.200000017881393E-006
  1.200000017881393E-006
  1.200000017881393E-006
  1.200000017881393E-006
  1.200000017881393E-006
  1.200000017881393E-006
  1.200000017881393E-006
  1.200000017881393E-006
  1.200000017881393E-006
  1.200000017881393E-006
  1.200000017881393E-006
  1.200000017881393E-006
  1.200000017881393E-006
  1.200000017881393E-006
  1.200000017881393E-006
  1.200000017881393E-006
  1.200000017881393E-006
  1.200000017881393E-006
  1.200000017881393E-006
  1.200000017881393E-006
  1.200000017881393E-006
  1.200000017881393E-006
  1.200000017881393E-006
  1.200000017881393E-006
  1.200000017881393E-006
  1.200000017881393E-006
  1.200000017881393E-006
  1.200000017881393E-006
  1.200000017881393E-006
  1.200000017881393E-006
  1.200000017881393E-006
  1.200000017881393E-006
  1.200000017881393E-006
  1.200000017881393E-006
  1.200000017881393E-006
  1.200000017881393E-006
  1.200000017881393E-006
  1.200000017881393E-006
  1.200000017881393E-006
  1.200000017881393E-006
  1.200000017881393E-006
  1.200000017881393E-006
  1.200000017881393E-006
  1.200000017881393E-006
  1.200000017881393E-006
  1.200000017881393E-006
  1.200000017881393E-006
  1.200000017881393E-006
  1.200000017881393E-006
  1.200000017881393E-006
  1.200000017881393E-006
  1.200000017881393E-006
  1.200000017881393E-006
  1.200000017881393E-006
  1.200000017881393E-006
  1.200000017881393E-006
  1.200000017881393E-006
  1.200000017881393E-006
  1.200000017881393E-006
  1.200000017881393E-006
  1.200000017881393E-006
  1.200000017881393E-006
  1.200000017881393E-006
  1.200000017881393E-006
  1.200000017881393E-006
  1.200000017881393E-006
  1.200000017881393E-006
  1.200000017881393E-006
  1.200000017881393E-006
  1.200000017881393E-006
  1.200000017881393E-006
  1.200000017881393E-006
  1.200000017881393E-006
  1.200000017881393E-006
  1.200000017881393E-006
  1.200000017881393E-006
  1.200000017881393E-006
  1.200000017881393E-006
  1.200000017881393E-006
  1.200000017881393E-006
  1.200000017881393E-006
  1.200000017881393E-006
  1.200000017881393E-006
  1.200000017881393E-006
  1.200000017881393E-006
  1.200000017881393E-006
  1.200000017881393E-006
  1.200000017881393E-006
  1.200000017881393E-006
  1.200000017881393E-006
  1.200000017881393E-006
  1.200000017881393E-006
  1.200000017881393E-006
  1.200000017881393E-006
  1.200000017881393E-006
  1.200000017881393E-006
  1.200000017881393E-006
  1.200000017881393E-006
  1.200000017881393E-006
  1.200000017881393E-006
  1.200000017881393E-006
  1.200000017881393E-006
  1.200000017881393E-006
  1.200000017881393E-006
  1.200000017881393E-006
  1.200000017881393E-006
  1.200000017881393E-006
  1.200000017881393E-006
  1.200000017881393E-006
  1.200000017881393E-006
  1.200000017881393E-006
  1.200000017881393E-006
  1.200000017881393E-006
  1.200000017881393E-006
  1.200000017881393E-006
  1.200000017881393E-006
  1.200000017881393E-006
  1.200000017881393E-006
  1.200000017881393E-006
  1.200000017881393E-006
  1.200000017881393E-006
  1.200000017881393E-006
  1.200000017881393E-006
  1.200000017881393E-006
  1.200000017881393E-006
  1.200000017881393E-006
  1.200000017881393E-006
  1.200000017881393E-006
  1.200000017881393E-006
  1.200000017881393E-006
  1.200000017881393E-006
  1.200000017881393E-006
  1.200000017881393E-006
  1.200000017881393E-006
  1.200000017881393E-006
  1.200000017881393E-006
  1.200000017881393E-006
  1.200000017881393E-006
  1.200000017881393E-006
  1.200000017881393E-006
  1.200000017881393E-006
  1.200000017881393E-006
  1.200000017881393E-006
  1.200000017881393E-006
  1.200000017881393E-006
  1.200000017881393E-006
  1.200000017881393E-006
  1.200000017881393E-006
  1.200000017881393E-006
  1.200000017881393E-006
  1.200000017881393E-006
  1.200000017881393E-006
  1.200000017881393E-006
  1.200000017881393E-006
  1.200000017881393E-006
  1.200000017881393E-006
  1.200000017881393E-006
  1.200000017881393E-006
  1.200000017881393E-006
  1.200000017881393E-006
  1.200000017881393E-006
  1.200000017881393E-006
  1.200000017881393E-006
  1.200000017881393E-006
  1.200000017881393E-006
  1.200000017881393E-006
  1.200000017881393E-006
  1.200000017881393E-006
  1.200000017881393E-006
  1.200000017881393E-006
  1.200000017881393E-006
  1.200000017881393E-006
  1.200000017881393E-006
  1.200000017881393E-006
  1.200000017881393E-006
  1.200000017881393E-006
  1.200000017881393E-006
  1.200000017881393E-006
  1.200000017881393E-006
  1.200000017881393E-006
  1.200000017881393E-006
  1.200000017881393E-006
  1.200000017881393E-006
  1.200000017881393E-006
  1.200000017881393E-006
  1.200000017881393E-006
  1.200000017881393E-006
  1.200000017881393E-006
  1.200000017881393E-006
  1.200000017881393E-006
  1.200000017881393E-006
  1.200000017881393E-006
  1.200000017881393E-006
  1.200000017881393E-006
  1.200000017881393E-006
  1.200000017881393E-006
  1.200000017881393E-006
  1.200000017881393E-006
  1.200000017881393E-006
  1.200000017881393E-006
  1.200000017881393E-006
  1.200000017881393E-006
  1.200000017881393E-006
  1.200000017881393E-006
  1.200000017881393E-006
  1.200000017881393E-006
  1.200000017881393E-006
  1.200000017881393E-006
  1.200000017881393E-006
  1.200000017881393E-006
  1.200000017881393E-006
  1.200000017881393E-006
  1.200000017881393E-006
  1.200000017881393E-006
  1.200000017881393E-006
  1.200000017881393E-006
  1.200000017881393E-006
  1.200000017881393E-006
  1.200000017881393E-006
  1.200000017881393E-006
  1.200000017881393E-006
  1.200000017881393E-006
  1.200000017881393E-006
  1.200000017881393E-006
  1.200000017881393E-006
  1.200000017881393E-006
  1.200000017881393E-006
  1.200000017881393E-006
  1.200000017881393E-006
  1.200000017881393E-006
  1.200000017881393E-006
  1.200000017881393E-006
  1.200000017881393E-006
  1.200000017881393E-006
  1.200000017881393E-006
  1.200000017881393E-006
  1.200000017881393E-006
  1.200000017881393E-006
  1.200000017881393E-006
  1.200000017881393E-006
  1.200000017881393E-006
  1.200000017881393E-006
  1.200000017881393E-006
  1.200000017881393E-006
  1.200000017881393E-006
  1.200000017881393E-006
  1.200000017881393E-006
  1.200000017881393E-006
  1.200000017881393E-006
  1.200000017881393E-006
  1.200000017881393E-006
  1.200000017881393E-006
  1.200000017881393E-006
  1.200000017881393E-006
  1.200000017881393E-006
  1.200000017881393E-006
  1.200000017881393E-006
  1.200000017881393E-006
  1.200000017881393E-006
  1.200000017881393E-006
  1.200000017881393E-006
  1.200000017881393E-006
  1.200000017881393E-006
  1.200000017881393E-006
  1.200000017881393E-006
  1.200000017881393E-006
  1.200000017881393E-006
  1.200000017881393E-006
  1.200000017881393E-006
  1.200000017881393E-006
  1.200000017881393E-006
  1.200000017881393E-006
  1.200000017881393E-006
  1.200000017881393E-006
  1.200000017881393E-006
  1.200000017881393E-006
  1.200000017881393E-006
  1.200000017881393E-006
  1.200000017881393E-006
  1.200000017881393E-006
  1.200000017881393E-006
  1.200000017881393E-006
  1.200000017881393E-006
  1.200000017881393E-006
  1.200000017881393E-006
  1.200000017881393E-006
  1.200000017881393E-006
  1.200000017881393E-006
  1.200000017881393E-006
  1.200000017881393E-006
  1.200000017881393E-006
  1.200000017881393E-006
  1.200000017881393E-006
  1.200000017881393E-006
  1.200000017881393E-006
  1.200000017881393E-006
  1.200000017881393E-006
  1.200000017881393E-006
  1.200000017881393E-006
  1.200000017881393E-006
  1.200000017881393E-006
  1.200000017881393E-006
  1.200000017881393E-006
  1.200000017881393E-006
  1.200000017881393E-006
  1.200000017881393E-006
  1.200000017881393E-006
  1.200000017881393E-006
  1.200000017881393E-006
  1.200000017881393E-006
  1.200000017881393E-006
  1.200000017881393E-006
  1.200000017881393E-006
  1.200000017881393E-006
  1.200000017881393E-006
  1.200000017881393E-006
  1.200000017881393E-006
  1.200000017881393E-006
  1.200000017881393E-006
  1.200000017881393E-006
  1.200000017881393E-006
  1.200000017881393E-006
  1.200000017881393E-006
  1.200000017881393E-006
  1.200000017881393E-006
  1.200000017881393E-006
  1.200000017881393E-006
  1.200000017881393E-006
  1.200000017881393E-006
  1.200000017881393E-006
  1.200000017881393E-006
  1.200000017881393E-006
  1.200000017881393E-006
  1.200000017881393E-006
  1.200000017881393E-006
  1.200000017881393E-006
  1.200000017881393E-006
  1.200000017881393E-006
  1.200000017881393E-006
  1.200000017881393E-006
  1.200000017881393E-006
  1.200000017881393E-006
  1.200000017881393E-006
  1.200000017881393E-006
  1.200000017881393E-006
  1.200000017881393E-006
  1.200000017881393E-006
  1.200000017881393E-006
  1.200000017881393E-006
  1.200000017881393E-006
  1.200000017881393E-006
  1.200000017881393E-006
  1.200000017881393E-006
  1.200000017881393E-006
  1.200000017881393E-006
  1.200000017881393E-006
  1.200000017881393E-006
  1.200000017881393E-006
  1.200000017881393E-006
  1.200000017881393E-006
  1.200000017881393E-006
  1.200000017881393E-006
  1.200000017881393E-006
  1.200000017881393E-006
  1.200000017881393E-006
  1.200000017881393E-006
  1.200000017881393E-006
  1.200000017881393E-006
  1.200000017881393E-006
  1.200000017881393E-006
  1.200000017881393E-006
  1.200000017881393E-006
  1.200000017881393E-006
  1.200000017881393E-006
  1.200000017881393E-006
  1.200000017881393E-006
  1.200000017881393E-006
  1.200000017881393E-006
  1.200000017881393E-006
  1.200000017881393E-006
  1.200000017881393E-006
  1.200000017881393E-006
  1.200000017881393E-006
  1.200000017881393E-006
  1.200000017881393E-006
  1.200000017881393E-006
  1.200000017881393E-006
  1.200000017881393E-006
  1.200000017881393E-006
  1.200000017881393E-006
  1.200000017881393E-006
  1.200000017881393E-006
  1.200000017881393E-006
  1.200000017881393E-006
  1.200000017881393E-006
  1.200000017881393E-006
  1.200000017881393E-006
  1.200000017881393E-006
  1.200000017881393E-006
  1.200000017881393E-006
  1.200000017881393E-006
  1.200000017881393E-006
  1.200000017881393E-006
  1.200000017881393E-006
  1.200000017881393E-006
  1.200000017881393E-006
  1.200000017881393E-006
  1.200000017881393E-006
  1.200000017881393E-006
  1.200000017881393E-006
  1.200000017881393E-006
  1.200000017881393E-006
  1.200000017881393E-006
  1.200000017881393E-006
  1.200000017881393E-006
  1.200000017881393E-006
  1.200000017881393E-006
  1.200000017881393E-006
  1.200000017881393E-006
  1.200000017881393E-006
  1.200000017881393E-006
  1.200000017881393E-006
  1.200000017881393E-006
  1.200000017881393E-006
  1.200000017881393E-006
  1.200000017881393E-006
  1.200000017881393E-006
  1.200000017881393E-006
  1.200000017881393E-006
  1.200000017881393E-006
  1.200000017881393E-006
  1.200000017881393E-006
  1.200000017881393E-006
  1.200000017881393E-006
  1.200000017881393E-006
  1.200000017881393E-006
  1.200000017881393E-006
  1.200000017881393E-006
  1.200000017881393E-006
  1.200000017881393E-006
  1.200000017881393E-006
  1.200000017881393E-006
  1.200000017881393E-006
  1.200000017881393E-006
  1.200000017881393E-006
  1.200000017881393E-006
  1.200000017881393E-006
  1.200000017881393E-006
  1.200000017881393E-006
  1.200000017881393E-006
  1.200000017881393E-006
  1.200000017881393E-006
  1.200000017881393E-006
  1.200000017881393E-006
  1.200000017881393E-006
  1.200000017881393E-006
  1.200000017881393E-006
  1.200000017881393E-006
  1.200000017881393E-006
  1.200000017881393E-006
  1.200000017881393E-006
  1.200000017881393E-006
  1.200000017881393E-006
  1.200000017881393E-006
  1.200000017881393E-006
  1.200000017881393E-006
  1.200000017881393E-006
  1.200000017881393E-006
  1.200000017881393E-006
  1.200000017881393E-006
  1.200000017881393E-006
  1.200000017881393E-006
  1.200000017881393E-006
  1.200000017881393E-006
  1.200000017881393E-006
  1.200000017881393E-006
  1.200000017881393E-006
  1.200000017881393E-006
  1.200000017881393E-006
  1.200000017881393E-006
  1.200000017881393E-006
  1.200000017881393E-006
  1.200000017881393E-006
  1.200000017881393E-006
  1.200000017881393E-006
  1.200000017881393E-006
  1.200000017881393E-006
  1.200000017881393E-006
  1.200000017881393E-006
  1.200000017881393E-006
  1.200000017881393E-006
  1.200000017881393E-006
  1.200000017881393E-006
  1.200000017881393E-006
  1.200000017881393E-006
  1.200000017881393E-006
  1.200000017881393E-006
  1.200000017881393E-006
  1.200000017881393E-006
  1.200000017881393E-006
  1.200000017881393E-006
  1.200000017881393E-006
  1.200000017881393E-006
  1.200000017881393E-006
  1.200000017881393E-006
  1.200000017881393E-006
  1.200000017881393E-006
  1.200000017881393E-006
  1.200000017881393E-006
  1.200000017881393E-006
  1.200000017881393E-006
  1.200000017881393E-006
  1.200000017881393E-006
  1.200000017881393E-006
  1.200000017881393E-006
  1.200000017881393E-006
  1.200000017881393E-006
  1.200000017881393E-006
  1.200000017881393E-006
  1.200000017881393E-006
  1.200000017881393E-006
  1.200000017881393E-006
  1.200000017881393E-006
  1.200000017881393E-006
  1.200000017881393E-006
  1.200000017881393E-006
  1.200000017881393E-006
  1.200000017881393E-006
  1.200000017881393E-006
  1.200000017881393E-006
  1.200000017881393E-006
  1.200000017881393E-006
  1.200000017881393E-006
  1.200000017881393E-006
  1.200000017881393E-006
  1.200000017881393E-006
  1.200000017881393E-006
  1.200000017881393E-006
  1.200000017881393E-006
  1.200000017881393E-006
  1.200000017881393E-006
  1.200000017881393E-006
  1.200000017881393E-006
  1.200000017881393E-006
  1.200000017881393E-006
  1.200000017881393E-006
  1.200000017881393E-006
  1.200000017881393E-006
  1.200000017881393E-006
  1.200000017881393E-006
  1.200000017881393E-006
  1.200000017881393E-006
  1.200000017881393E-006
  1.200000017881393E-006
  1.200000017881393E-006
  1.200000017881393E-006
  1.200000017881393E-006
  1.200000017881393E-006
  1.200000017881393E-006
  7.910619440671646E-008
  2.458561187123351E-007
  4.127743148969015E-007
  5.798612383991028E-007
  7.471132907136656E-007
  9.145253877572603E-007
  1.082092169746196E-006
  1.249807903281632E-006
  1.417667410025745E-006
  1.585664617231646E-006
  1.753794535689495E-006
  1.922050759240209E-006
  2.090428514699069E-006
  2.258921392131688E-006
  2.427524457566263E-006
  2.596231962031064E-006
  2.765038160876358E-006
  2.933937381010290E-006
  3.102924115775564E-006
  3.271991921744888E-006
  3.441136569594429E-006
  3.610351394636065E-006
  3.779630887886643E-006
  3.948970158816215E-006
  4.118361886173759E-006
  4.287802121491340E-006
  4.457284503078319E-006
  4.626803351810451E-006
  4.796352769723323E-006
  4.965927439813104E-006
  5.135521916040638E-006
  5.305130745991124E-006
  5.474747447204865E-006
  5.644366915993398E-006
  5.813983934828769E-006
  5.983592193568000E-006
  6.153186198714266E-006
  6.322761152315643E-006
  6.492310867164552E-006
  6.661829238311568E-006
  6.831311810429616E-006
  7.000752797052853E-006
  7.170145973271647E-006
  7.339486964045876E-006
  7.508769111024269E-006
  7.677987838324648E-006
  7.847137847493482E-006
  8.016212108284193E-006
  8.185207485490183E-006
  8.354116821256087E-006
  8.522935598721642E-006
  8.691658000370042E-006
  8.860279620709626E-006
  9.028794374582199E-006
  9.197196430158206E-006
  9.365482216043032E-006
  9.533644618022719E-006
  9.701679709971010E-006
  9.869581264392025E-006
  1.003734570631191E-005
  1.020496679185132E-005
  1.037244004724164E-005
  1.053975897264772E-005
  1.070692049872776E-005
  1.087391773920530E-005
  1.104074717427717E-005
  1.120740336966081E-005
  1.137388100821517E-005
  1.154017594364052E-005
  1.170628247084509E-005
  1.187219624341803E-005
  1.203791249152818E-005
  1.220342671228912E-005
  1.236873367781682E-005
  1.253382894119451E-005
  1.269870795960399E-005
  1.286336619467227E-005
  1.302779828333624E-005
  1.319200036451343E-005
  1.335596808134449E-005
  1.351969643675560E-005
  1.368318146612475E-005
  1.384641878178441E-005
  1.400940348441733E-005
  1.417213127563033E-005
  1.433459889672369E-005
  1.449680163129406E-005
  1.465873461756869E-005
  1.482039442287291E-005
  1.498177712100495E-005
  1.514287732256253E-005
  1.530369229443371E-005
  1.546421798495887E-005
  1.562444976079878E-005
  1.578438457556335E-005
  1.594401762350779E-005
  1.610334596262190E-005
  1.626236507739596E-005
  1.642107198007331E-005
  1.657946313581923E-005
  1.673753352718079E-005
  1.689528045252307E-005
  1.705270028752120E-005
  1.720979021485420E-005
  1.736654556341201E-005
  1.752296389737974E-005
  1.767904104292361E-005
  1.783477472402334E-005
  1.799016029095919E-005
  1.814519557680361E-005
  1.829987726750686E-005
  1.845420082198431E-005
  1.860816549274993E-005
  1.876176681262850E-005
  1.891500137486003E-005
  1.906786717039566E-005
  1.922036165561412E-005
  1.937248048324670E-005
  1.952422136201833E-005
  1.967558311606246E-005
  1.982656054050642E-005
  1.997715191521638E-005
  2.012735535483069E-005
  2.027716813855859E-005
  2.042658632306946E-005
  2.057560814554487E-005
  2.072423065706975E-005
  2.087245450221680E-005
  2.102027386862407E-005
  2.116768703614878E-005
  2.131469193681711E-005
  2.146128622729796E-005
  2.160746823914727E-005
  2.175323625368426E-005
  2.189858821472870E-005
  2.204352061482293E-005
  2.218803206550778E-005
  2.233212068002747E-005
  2.247578424174696E-005
  2.261902153200627E-005
  2.276182978784094E-005
  2.290420802521710E-005
  2.304615590354475E-005
  2.318766968591188E-005
  2.332874767048040E-005
  2.346938912752992E-005
  2.360959098253214E-005
  2.374935364197464E-005
  2.388867454632892E-005
  2.402755256125889E-005
  2.416598599330438E-005
  2.430397387184759E-005
  2.444151447974859E-005
  2.457860691959406E-005
  2.471524971989126E-005
  2.485144170003522E-005
  2.498718149425795E-005
  2.512246876583444E-005
  2.525730069805246E-005
  2.539167647773378E-005
  2.552559680756970E-005
  2.565905998889548E-005
  2.579206545208496E-005
  2.592461182246052E-005
  2.605669780325016E-005
  2.618832234383569E-005
  2.631948656774281E-005
  2.645018837805992E-005
  2.658042705633176E-005
  2.671020106019795E-005
  2.683951068104015E-005
  2.696835640551054E-005
  2.709673599790889E-005
  2.722464978009077E-005
  2.735209731242443E-005
  2.747907729344028E-005
  2.760558940494656E-005
  2.773163434019927E-005
  2.785721052867822E-005
  2.798231919299723E-005
  2.810695835711745E-005
  2.823112796041636E-005
  2.835482818162387E-005
  2.847805910972784E-005
  2.860082096246698E-005
  2.872311271228326E-005
  2.884493335720046E-005
  2.896628468725032E-005
  2.908716614434636E-005
  2.920757765407556E-005
  2.932751829794646E-005
  2.944698870461159E-005
  2.956598969449798E-005
  2.968452124228577E-005
  2.980258164458768E-005
  2.992017309272621E-005
  3.003729486221096E-005
  3.015394724467633E-005
  3.027012983518053E-005
  3.038584463243340E-005
  3.050109094825692E-005
  3.061586834641037E-005
  3.073017848570480E-005
  3.084402093288367E-005
  3.095739523221238E-005
  3.107030351919198E-005
  3.118274571636511E-005
  3.129472154603681E-005
  3.140623168427725E-005
  3.151727765569090E-005
  3.162785874903600E-005
  3.173797522129614E-005
  3.184762957357902E-005
  3.195682074928027E-005
  3.206554911268122E-005
  3.217381707671167E-005
  3.228162310656908E-005
  3.238896936002583E-005
  3.249585662254995E-005
  3.260228407509615E-005
  3.270825431812803E-005
  3.281376632942049E-005
  3.291882180557939E-005
  3.302342239922259E-005
  3.312756680901034E-005
  3.323125730642905E-005
  3.333449491286268E-005
  3.343727923608860E-005
  3.353961277019928E-005
  3.364149435974283E-005
  3.374292654883422E-005
  3.384391041292871E-005
  3.394444536551431E-005
  3.404453348013394E-005
  3.414417473401571E-005
  3.424337143486495E-005
  3.434212414604654E-005
  3.444043313843899E-005
  3.453830091519678E-005
  3.463572565412222E-005
  3.473271142770263E-005
  3.482925761462046E-005
  3.492536615782721E-005
  3.502103813709873E-005
  3.511627375360874E-005
  3.521107509925381E-005
  3.530544141713597E-005
  3.539937644234375E-005
  3.549287948978485E-005
  3.558595267317915E-005
  3.567859675144490E-005
  3.577081281937708E-005
  3.586260270765378E-005
  3.595396611495210E-005
  3.604490658247599E-005
  3.613542198637278E-005
  3.622551668088388E-005
  3.631518987598101E-005
  3.640444429181279E-005
  3.649328013260551E-005
  3.658169925940307E-005
  3.666970274266670E-005
  3.675729152096937E-005
  3.684446743363758E-005
  3.693123098009233E-005
  3.701758468656423E-005
  3.710352812432854E-005
  3.718906447840724E-005
  3.727419309624477E-005
  3.735891724311613E-005
  3.744323670012133E-005
  3.752715416117683E-005
  3.761066933846337E-005
  3.769378527079380E-005
  3.777650200010910E-005
  3.785882164987718E-005
  3.794074503135012E-005
  3.802227399460502E-005
  3.810340918550502E-005
  3.818415268467876E-005
  3.826450577349602E-005
  3.834446946593377E-005
  3.842404543035258E-005
  3.850323493378342E-005
  3.858203987107410E-005
  3.866046072083962E-005
  3.873849991464930E-005
  3.881615771475275E-005
  3.889343632191334E-005
  3.897033627238297E-005
  3.904686031150264E-005
  3.912300871631686E-005
  3.919878391915072E-005
  3.927418622570894E-005
  3.934921824109913E-005
  3.942387962174360E-005
  3.949817336771014E-005
  3.957210000162683E-005
  3.964566232565201E-005
  3.971886002355365E-005
  3.979169604805075E-005
  3.986416973518674E-005
  3.993628480599863E-005
  4.000804118043015E-005
  4.007944185768902E-005
  4.015048600673422E-005
  4.022117674250656E-005
  4.029151461656190E-005
  4.036150234099392E-005
  4.043113995824775E-005
  4.050042960271079E-005
  4.056937217767613E-005
  4.063797017430268E-005
  4.070622365293604E-005
  4.077413489111293E-005
  4.084170486429096E-005
  4.090893618843810E-005
  4.097582832970846E-005
  4.104238427038156E-005
  4.110860496882195E-005
  4.117449189133224E-005
  4.124004561305801E-005
  4.130526918055817E-005
  4.137016297730121E-005
  4.143472823947606E-005
  4.149896676103756E-005
  4.156288069626373E-005
  4.162646948509270E-005
  4.168973694731887E-005
  4.175268284489991E-005
  4.181530895090784E-005
  4.187761722400274E-005
  4.193960809523211E-005
  4.200128354044109E-005
  4.206264587839422E-005
  4.212369407811998E-005
  4.218443215891263E-005
  4.224486001961142E-005
  4.230497916198880E-005
  4.236479235487868E-005
  4.242429803958570E-005
  4.248350094518183E-005
  4.254240010023384E-005
  4.260099795335569E-005
  4.265929595014147E-005
  4.271729489479723E-005
  4.277499703439357E-005
  4.283240207861369E-005
  4.288951361360196E-005
  4.294633043311023E-005
  4.300285664749919E-005
  4.305909124523324E-005
  4.311503734202260E-005
  4.317069493669321E-005
  4.322606661149938E-005
  4.328115247652822E-005
  4.333595506976690E-005
  4.339047455143503E-005
  4.344471355461545E-005
  4.349867166881743E-005
  4.355235285333077E-005
  4.360575487502164E-005
  4.365888272492570E-005
  4.371173433207974E-005
  4.376431404430917E-005
  4.381662087897012E-005
  4.386865783212434E-005
  4.392042542096563E-005
  4.397192409082188E-005
  4.402315752471356E-005
  4.407412343388026E-005
  4.412482630458440E-005
  4.417526616456737E-005
  4.422544357520596E-005
  4.427536275099662E-005
  4.432501976224927E-005
  4.437442080856896E-005
  4.442356554186616E-005
  4.447245309795623E-005
  4.452108847066062E-005
  4.456947007175480E-005
  4.461759963124315E-005
  4.466548025849300E-005
  4.471311083582616E-005
  4.476049239461052E-005
  4.480762948912832E-005
  4.485452009951033E-005
  4.490116511022792E-005
  4.494756896321342E-005
  4.499373177088013E-005
  4.503965034105939E-005
  4.508533133422177E-005
  4.513077584061184E-005
  4.517598157645194E-005
  4.522094991226152E-005
  4.526568529171020E-005
  4.531018872943991E-005
  4.535445810079294E-005
  4.539849394234383E-005
  4.544230223943600E-005
  4.548588233736414E-005
  4.552923679285579E-005
  4.557235902873929E-005
  4.561525647767351E-005
  4.565793174123458E-005
  4.570038526453329E-005
  4.574261744780255E-005
  4.578462950893778E-005
  4.582641366868816E-005
  4.586798130489651E-005
  4.590933362313529E-005
  4.595047068505518E-005
  4.599139294953588E-005
  4.603210328493586E-005
  4.607260048217368E-005
  4.611288747140024E-005
  4.615296194002070E-005
  4.619282804064324E-005
  4.623247600063596E-005
  4.627190873474794E-005
  4.631109685129525E-005
  4.636066823881514E-005
  4.638890797003107E-005
  4.642763026768014E-005
  4.646604419708885E-005
  4.650426875639827E-005
  4.654228668178622E-005
  4.658011406088594E-005
  4.661773951960887E-005
  4.665516769339059E-005
  4.669239938308330E-005
  4.672943737611722E-005
  4.676628124926667E-005
  4.680293102131364E-005
  4.683938888884360E-005
  4.687565550163169E-005
  4.691173160401995E-005
  4.694761861543462E-005
  4.698331714151558E-005
  4.701882777464480E-005
  4.705415232557967E-005
  4.708929086972873E-005
  4.712424476569326E-005
  4.715901535976806E-005
  4.719360231825915E-005
  4.722800796231915E-005
  4.726222811395544E-005
  4.729626434034932E-005
  4.733012312972859E-005
  4.736380406573038E-005
  4.739730868076357E-005
  4.743063769692812E-005
  4.746379073703759E-005
  4.749677003584475E-005
  4.752957559971954E-005
  4.756220798298708E-005
  4.759466886407523E-005
  4.762695827087668E-005
  4.765907744029333E-005
  4.769102753999119E-005
  4.772280837340080E-005
  4.775442164908188E-005
  4.778586816970150E-005
  4.781714808158713E-005
  4.784826294659903E-005
  4.787921346794847E-005
  4.790999980446439E-005
  4.794062366661335E-005
  4.797108537043043E-005
  4.800138540263178E-005
  4.803152546638997E-005
  4.806150572715890E-005
  4.809132686791427E-005
  4.812099008880699E-005
  4.815049599791943E-005
  4.817984494209810E-005
  4.820903855150843E-005
  4.823807718122582E-005
  4.826696104299605E-005
  4.829569178740382E-005
  4.832426982312206E-005
  4.835269545954384E-005
  4.838097001186412E-005
  4.840909426839930E-005
  4.843706815615411E-005
  4.846489315658775E-005
  4.849257035861384E-005
  4.852009915893892E-005
  4.854748122648013E-005
  4.857471758062092E-005
  4.860180800584633E-005
  4.862875356926131E-005
  4.865555538671474E-005
  4.868221367348796E-005
  4.870872893005233E-005
  4.873510239462709E-005
  4.876133463471428E-005
  4.878742564374869E-005
  4.881337686232930E-005
  4.883918914007019E-005
  4.886486207277253E-005
  4.889039704959722E-005
  4.891579499157951E-005
  4.894105593706046E-005
  4.896618044635924E-005
  4.899116987197536E-005
  4.901602476291299E-005
  4.904074448876606E-005
  4.906533105055866E-005
  4.908978499151201E-005
  4.911410624476895E-005
  4.913829544909914E-005
  4.916235387874947E-005
  4.918628201967661E-005
  4.921007946145132E-005
  4.923374776378657E-005
  4.925728764041938E-005
  4.928069920002279E-005
  4.930398261659981E-005
  4.932713934144755E-005
  4.935016978812000E-005
  4.937307400122475E-005
  4.939585267718228E-005
  4.941850679711912E-005
  4.944103671563523E-005
  4.946344274087564E-005
  4.948572538196994E-005
  4.950788555552902E-005
  4.952992394917546E-005
  4.955184013218879E-005
  4.957363520959846E-005
  4.959531014956518E-005
  4.961686545546022E-005
  4.963830082013303E-005
  4.965961702767764E-005
  4.968081527078071E-005
  4.970189592867500E-005
  4.972285874574499E-005
  4.974370433796378E-005
  4.976443391161841E-005
  4.978504779659074E-005
  4.980554596233735E-005
  4.982592856333932E-005
  4.984619697644291E-005
  4.986635146157378E-005
  4.988639254228591E-005
  4.990631949516070E-005
  4.992613389827777E-005
  4.994583612618044E-005
  4.996542675327515E-005
  4.998490580132465E-005
  5.000427313283005E-005
  5.002353013391380E-005
  5.004267731124539E-005
  5.006171499791702E-005
  5.008064258555457E-005
  5.009946112864170E-005
  5.011817153297170E-005
  5.013677405001031E-005
  5.015526885787540E-005
  5.017365576296466E-005
  5.019193596482904E-005
  5.021010976135933E-005
  5.022817771314453E-005
  5.024614018620527E-005
  5.026399623746424E-005
  5.028174749453573E-005
  5.029939457474553E-005
  5.031693730718948E-005
  5.033437662978546E-005
  5.035171181546996E-005
  5.036894336803816E-005
  5.038607256164301E-005
  5.040309957173942E-005
  5.042002452547098E-005
  5.043684791193763E-005
  5.045356862182400E-005
  5.047018877193432E-005
  5.048670844316570E-005
  5.050312785052653E-005
  5.051944750958282E-005
  5.053566691513357E-005
  5.055178643392389E-005
  5.056780686675065E-005
  5.058372903675249E-005
  5.059955229465980E-005
  5.061527874857994E-005
  5.063090750676635E-005
  5.064643662646628E-005
  5.066187019008005E-005
  5.067720560626552E-005
  5.069244490025916E-005
  5.070758633760961E-005
  5.072263567485624E-005
  5.073758320625457E-005
  5.075243821625668E-005
  5.076719621093219E-005
  5.078186058738548E-005
  5.079642985005900E-005
  5.081090629030957E-005
  5.082528714590366E-005
  5.083956903808360E-005
  5.085376253848232E-005
  5.086785983825166E-005
  5.088186442416094E-005
  5.089577559052412E-005
  5.090959578875357E-005
  5.092332862911608E-005
  5.093695846885912E-005
  5.095049952590709E-005
  5.096394513559082E-005
  5.097730139491180E-005
  5.099056603380126E-005
  5.100373700710887E-005
  5.101681748337774E-005
  5.102980739577048E-005
  5.104270602326203E-005
  5.105551347510778E-005
  5.106823068580084E-005
  5.108085777503938E-005
  5.109339513206107E-005
  5.110584291385165E-005
  5.111820121502983E-005
  5.113047036227353E-005
  5.114264995768853E-005
  5.115474001787151E-005
  5.116673978860625E-005
  5.117865134597441E-005
  5.119047444435334E-005
  5.120220879171558E-005
  5.121385511778330E-005
  5.122541347537644E-005
  5.123688404152120E-005
  5.124826650717202E-005
  5.125956155821331E-005
  5.127076896918926E-005
  5.128188919084412E-005
  5.129292234570229E-005
  5.130386795051337E-005
  5.131472685043763E-005
  5.132549901174629E-005
  5.133618247789137E-005
  5.134678007278102E-005
  5.135729087950191E-005
  5.136771637172923E-005
  5.137805455624661E-005
  5.138830653324078E-005
  5.139847128519002E-005
  5.140855009514079E-005
  5.141854154936772E-005
  5.142844647580051E-005
  5.143826384334479E-005
  5.144799374593517E-005
  5.145763571770782E-005
  5.146718950876541E-005
  5.147665424175346E-005
  5.148603003554835E-005
  5.149531619421402E-005
  5.150451194474492E-005
  5.151361670500342E-005
  5.152262994829343E-005
  5.153155042296549E-005
  5.154037791870796E-005
  5.154911099723508E-005
  5.155774934999486E-005
  5.156629131767163E-005
  5.157472889863758E-005
  5.158307095836681E-005
  5.159131405629013E-005
  5.159945791506149E-005
  5.160750031279878E-005
  5.161544279197302E-005
  5.162328055803162E-005
  5.163101375988407E-005
  5.163864628382567E-005
  5.164616812529605E-005
  5.165358295829523E-005
  5.166088788930183E-005
  5.166808251497164E-005
  5.167516994170862E-005
  5.168214441275271E-005
  5.168900759266787E-005
  5.169575983184466E-005
  5.170239427294987E-005
  5.170891540722474E-005
  5.171532004523957E-005
  5.172160949060781E-005
  5.172778437502297E-005
  5.173384009895393E-005
  5.173977835353980E-005
  5.174559946414994E-005
  5.175130306310264E-005
  5.175688878291587E-005
  5.176235714847941E-005
  5.176770691592652E-005
  5.177293945603318E-005
  5.177805544581606E-005
  5.178305457840663E-005
  5.178793745824482E-005
  5.179270481768228E-005
  5.179735781908674E-005
  5.180189668420959E-005
  5.180632345466810E-005
  5.181064170810810E-005
  5.181484878223510E-005
  5.181894757891930E-005
  5.182294575405728E-005
  5.182684191481749E-005
  5.183063641115852E-005
  5.183433231084927E-005
  5.183793259858593E-005
  5.184144037637050E-005
  5.184485905161612E-005
  5.184819249222802E-005
  5.185144450245758E-005
  5.185461973571286E-005
  5.185772207311525E-005
  5.186075669077194E-005
  5.186372822795636E-005
  5.186664282479926E-005
  5.186950544742950E-005
  5.187232242693005E-005
  5.187509924590589E-005
  5.187784190986604E-005
  5.188055681841382E-005
  5.188324992235861E-005
  5.188592737773214E-005
  5.188859518951346E-005
  5.189125884667090E-005
  5.189392398586551E-005
  5.189659591042198E-005
  5.189927740925231E-005
  5.190197172693817E-005
  5.190468097145881E-005
  5.190740642143832E-005
  5.191014787775216E-005
  5.191290421013132E-005
  5.191567244108351E-005
  5.191844866333596E-005
  5.192122813123994E-005
  5.192400462550859E-005
  5.192677084678403E-005
  5.192951988030913E-005
  5.193224479621816E-005
  5.193493921089618E-005
  5.193759734799023E-005
  5.194021425702980E-005
  5.194278584735595E-005
  5.194530888643315E-005
  5.194778081212397E-005
  5.195019984647188E-005
  5.195256464522051E-005
  5.195487415919017E-005
  5.195712777345007E-005
  5.195932493683434E-005
  5.196146545283938E-005
  5.196354918643434E-005
  5.196557594188749E-005
  5.196754572744090E-005
  5.196945850736119E-005
  5.197131431071128E-005
  5.197311315572474E-005
  5.197485509859388E-005
  5.197654022904334E-005
  5.197816860072901E-005
  5.197974026307298E-005
  5.198125534104126E-005
  5.198271382034659E-005
  5.198411588738473E-005
  5.198546154937146E-005
  5.198675095302099E-005
  5.198798417410610E-005
  5.198916130724291E-005
  5.199028236211580E-005
  5.199134753631397E-005
  5.199235689967747E-005
  5.199331051472205E-005
  5.199420847761204E-005
  5.199505091197617E-005
  5.199583789695494E-005
  5.199656952597341E-005
  5.199724589780939E-005
  5.199786710995542E-005
  5.199843323857097E-005
  5.199894442470037E-005
  5.199940073835872E-005
  5.199980228102110E-005
  5.200014915271502E-005
  5.200044141564683E-005
  5.200067921580245E-005
  5.200086262020003E-005
  5.200099172763438E-005
  5.200106664147957E-005
  5.200108745211237E-005
  5.200105425441402E-005
  5.200096714159237E-005
  5.200082620937458E-005
  5.200063154927339E-005
  5.200038325723437E-005
  5.200008141879073E-005
  5.199972612530069E-005
  5.199931747208688E-005
  5.199885555315364E-005
  5.199834045661223E-005
  5.199777226196322E-005
  5.199715107115492E-005
  5.199647696765766E-005
  5.199575004562112E-005
  5.199497038217497E-005
  5.199413805050499E-005
  5.199325317545382E-005
  5.199231579385277E-005
  5.199132602782530E-005
  5.199028393847581E-005
  5.198918960057925E-005
  5.198804309638160E-005
  5.198684455429741E-005
  5.198559400993984E-005
  5.198429152152381E-005
  5.198293720573398E-005
  5.198153116727582E-005
  5.198007343840428E-005
  5.197856405385330E-005
  5.197700313447082E-005
  5.197539076993031E-005
  5.197372699646589E-005
  5.197201192423873E-005
  5.197024562430526E-005
  5.196842811664928E-005
  5.196655946904112E-005
  5.196463982030150E-005
  5.196266918506119E-005
  5.196064758378464E-005
  5.195857514686374E-005
  5.195645194175807E-005
  5.195427800289768E-005
  5.195205343255374E-005
  5.194977826034843E-005
  5.194745243223077E-005
  5.194507621408183E-005
  5.194264951219399E-005
  5.194017242680576E-005
  5.193764492220401E-005
  5.193506727444551E-005
  5.193243940607444E-005
  5.192976120133663E-005
  5.192703302994402E-005
  5.192425459015466E-005
  5.192142617035265E-005
  5.191854784153330E-005
  5.191561955752435E-005
  5.191264129416759E-005
  5.190961302684319E-005
  5.190653505051662E-005
  5.190340725672393E-005
  5.190022971067025E-005
  5.189700231954117E-005
  5.189372530735999E-005
  5.189039872573921E-005
  5.188702230589875E-005
  5.188359639549307E-005
  5.188012075228299E-005
  5.187659567900080E-005
  5.187302089760992E-005
  5.186939674698228E-005
  5.186572295058393E-005
  5.186199955639430E-005
  5.185822673655858E-005
  5.185440443726917E-005
  5.185053256845966E-005
  5.184661131204338E-005
  5.184264069668137E-005
  5.183862044756962E-005
  5.183455078671723E-005
  5.183043177760277E-005
  5.182626304859188E-005
  5.182204507170880E-005
  5.181777735125801E-005
  5.181346032008472E-005
  5.180909375957751E-005
  5.180467761515258E-005
  5.180021190785898E-005
  5.179569658899275E-005
  5.179113184828300E-005
  5.178651716047365E-005
  5.178185276642114E-005
  5.177713890393547E-005
  5.177237525425966E-005
  5.176756193672638E-005
  5.176269852364803E-005
  5.175778522863628E-005
  5.175282217447813E-005
  5.174780926575688E-005
  5.174274607439022E-005
  5.173763268903506E-005
  5.173246915648577E-005
  5.172725513689616E-005
  5.172199107687342E-005
  5.171667668058345E-005
  5.171131128535838E-005
  5.170589549623301E-005
  5.170042929217657E-005
  5.169491205253972E-005
  5.168934412864123E-005
  5.168372473461616E-005
  5.167805437378944E-005
  5.167233274155874E-005
  5.166655970313824E-005
  5.166073510790256E-005
  5.165485872672505E-005
  5.164893074105850E-005
  5.164295098821881E-005
  5.163691856653911E-005
  5.163083383743729E-005
  5.162469647269163E-005
  5.161850641883783E-005
  5.161226363813237E-005
  5.160596771252774E-005
  5.159961811119321E-005
  5.159321528688778E-005
  5.158675861764154E-005
  5.158024725494060E-005
  5.157368185237812E-005
  5.156706173659067E-005
  5.156038667990294E-005
  5.155365625395553E-005
  5.154687037432114E-005
  5.154002828151370E-005
  5.153313019480827E-005
  5.152617540125207E-005
  5.151916408637630E-005
  5.151209450040887E-005
  5.150496810108742E-005
  5.149778218173061E-005
  5.149053755350153E-005
  5.148323358883067E-005
  5.147587079033868E-005
  5.146844781291217E-005
  5.146096290296742E-005
  5.145341680767391E-005
  5.144580918822789E-005
  5.143813805795544E-005
  5.143040356171594E-005
  5.142260611564245E-005
  5.141474287783717E-005
  5.140681386078374E-005
  5.139881911471002E-005
  5.139075623306324E-005
  5.138262501594896E-005
  5.137442496344003E-005
  5.136615458713068E-005
  5.135781296299967E-005
  5.134939911044192E-005
  5.134091166184825E-005
  5.133234991238431E-005
  5.132371204150969E-005
  5.131499700508246E-005
  5.130620259755055E-005
  5.129732890532631E-005
  5.128837273516005E-005
  5.127933360991174E-005
  5.127020909163584E-005
  5.126099847036883E-005
  5.125169894898661E-005
  5.124230900290439E-005
  5.123282538373503E-005
  5.122325169641885E-005
  5.121359378986655E-005
  5.120383150561122E-005
  5.119396748183990E-005
  5.118399940520301E-005
  5.117392229711664E-005
  5.116373617956720E-005
  5.115343571682769E-005
  5.114301879003837E-005
  5.113248241143919E-005
  5.112182318093100E-005
  5.111103462516912E-005
  5.110011892275063E-005
  5.108907291084549E-005
  5.107788975264684E-005
  5.106656608559028E-005
  5.105509923708599E-005
  5.104348060128130E-005
  5.103170944170342E-005
  5.101977975025291E-005
  5.100768815104749E-005
  5.099542571805226E-005
  5.098299238506027E-005
  5.097038062173246E-005
  5.095758677337641E-005
  5.094460513720989E-005
  5.093142950725342E-005
  5.091805711871142E-005
  5.090447975212746E-005
  5.089069468113908E-005
  5.087669492103224E-005
  5.086247575258611E-005
  5.084803151570614E-005
  5.083336277261997E-005
  5.081848661959600E-005
  5.080337281062126E-005
  5.078801713261523E-005
  5.077241645446052E-005
  5.075656980315884E-005
  5.074047028096187E-005
  5.072412284965749E-005
  5.070752282590028E-005
  5.069065963078758E-005
  5.067354198188294E-005
  5.065616799027353E-005
  5.063853874125197E-005
  5.062064841395146E-005
  5.060250668848510E-005
  5.058412074035680E-005
  5.056549441303150E-005
  5.054663521836756E-005
  5.052755134552705E-005
  5.050825315355401E-005
  5.048875858458144E-005
  5.046907589824615E-005
  5.044922362902555E-005
  5.042921508019825E-005
  5.040909353521763E-005
  5.038885828553781E-005
  5.036853539130097E-005
  5.034815248222953E-005
  5.032774768668941E-005
  5.030735712789102E-005
  5.028700332100013E-005
  5.026672290730720E-005
  5.024656493407912E-005
  5.022656391509290E-005
  5.020679361432938E-005
  5.018727254905019E-005
  5.016807188548555E-005
  5.014924369296222E-005
  5.013084038655222E-005
  5.011291632766340E-005
  5.009630889255792E-005
  5.008054697190159E-005
  5.006546017135088E-005
  5.005110195606453E-005
  5.003752946462914E-005
  5.002480745441832E-005
  5.001299098938811E-005
  5.000212066548779E-005
  4.999226519850372E-005
  4.998345639556009E-005
  4.997575906039323E-005
  4.996915531328844E-005
  4.996368991621576E-005
  4.995939797945253E-005
  4.995624577455141E-005
  4.995420391219493E-005
  4.995325164855742E-005
  4.995334159787806E-005
  4.995440526508578E-005
  4.995635030390937E-005
  4.995906625355565E-005
  4.996241917070739E-005
  4.996625385042773E-005
  4.997038246447796E-005
  4.997459141317063E-005
  4.997867997267640E-005
  4.998239247071540E-005
  4.998552388746286E-005
  4.998784179620316E-005
  4.998910278798771E-005
  4.998910694124340E-005
  4.998762700080487E-005
  4.998455301338074E-005
  4.997983740493212E-005
  4.997347536837405E-005
  4.996553030633522E-005
  4.995610614236292E-005
  4.994534523332477E-005
  4.993359431201935E-005
  4.992103924612139E-005
  4.990785695839093E-005
  4.989421886421619E-005
  4.988033624313455E-005
  4.986608711286599E-005
  4.985173740311753E-005
  4.983707936062684E-005
  4.982224258592594E-005
  4.980729723286222E-005
  4.979219149108433E-005
  4.977705967321242E-005
  4.976167160215860E-005
  4.974630427463872E-005
  4.973083188048060E-005
  4.971511387292984E-005
  4.969932706263215E-005
  4.968348983586584E-005
  4.966747630487538E-005
  4.965133014517504E-005
  4.963514366967245E-005
  4.961881209193832E-005
  4.960240645948675E-005
  4.958587405553034E-005
  4.956928643128512E-005
  4.955245881401349E-005
  4.953569470946715E-005
  4.951867175220080E-005
  4.950160515282188E-005
  4.948446460822582E-005
  4.946716602494921E-005
  4.944979643683462E-005
  4.943240251916055E-005
  4.941480618773691E-005
  4.939717246953781E-005
  4.937932960490395E-005
  4.936138302142099E-005
  4.934343746854288E-005
  4.932521083681509E-005
  4.930713305194203E-005
  4.928878662850956E-005
  4.927033912212693E-005
  4.925181980880555E-005
  4.923313719085826E-005
  4.921429885674852E-005
  4.919539627340328E-005
  4.917645794424618E-005
  4.915728279016588E-005
  4.913815359496365E-005
  4.911878421254812E-005
  4.909946092113226E-005
  4.907990637200606E-005
  4.906022240810453E-005
  4.904039911021228E-005
  4.902042705044072E-005
  4.900052883017092E-005
  4.898043504886793E-005
  4.896018563815467E-005
  4.893976952637069E-005
  4.891923515154779E-005
  4.889868213008902E-005
  4.887794769769092E-005
  4.885717496109078E-005
  4.883595615268735E-005
  4.881498099561789E-005
  4.879382172439189E-005
  4.877226133452044E-005
  4.875085322190347E-005
  4.872930573532006E-005
  4.870750395975344E-005
  4.868574613782693E-005
  4.866370684592127E-005
  4.864148731996057E-005
  4.861936092295831E-005
  4.859695480404832E-005
  4.857438612031186E-005
  4.855185352347403E-005
  4.852881826464188E-005
  4.850599377029346E-005
  4.848289831451190E-005
  4.845964773362634E-005
  4.843638575713339E-005
  4.841296900818945E-005
  4.838928912878804E-005
  4.836547384717119E-005
  4.834152608820347E-005
  4.831751931656087E-005
  4.829312386349783E-005
  4.826893779871923E-005
  4.824443401769205E-005
  4.821977799482371E-005
  4.819483557762894E-005
  4.817001675213272E-005
  4.814498814794812E-005
  4.811959290085194E-005
  4.809416834298437E-005
  4.806861985319342E-005
  4.804290335682600E-005
  4.801698164116179E-005
  4.799090132526467E-005
  4.796473473044206E-005
  4.793833769590133E-005
  4.791182420706791E-005
  4.788507379998231E-005
  4.785821205704252E-005
  4.783103039174307E-005
  4.780396118628753E-005
  4.777642529935006E-005
  4.774901519168760E-005
  4.772133882485794E-005
  4.769342033442839E-005
  4.766536042305615E-005
  4.763711375470863E-005
  4.760866112243402E-005
  4.757986772251923E-005
  4.755128595944402E-005
  4.752242001993470E-005
  4.749293919824530E-005
  4.746393666276206E-005
  4.743438982670306E-005
  4.740431700676777E-005
  4.737463888575838E-005
  4.734453415277690E-005
  4.731423895696965E-005
  4.728374239881850E-005
  4.725306955991455E-005
  4.722218917263119E-005
  4.719101317232935E-005
  4.715966351212463E-005
  4.712813467745820E-005
  4.709672402313820E-005
  4.706455836114105E-005
  4.703283825615722E-005
  4.700059713559502E-005
  4.696841698492343E-005
  4.693570814585323E-005
  4.690278780574561E-005
  4.686897865650058E-005
  4.683624157634101E-005
  4.680277310337630E-005
  4.676880929793899E-005
  4.673475249279218E-005
  4.670046162728275E-005
  4.666592844244151E-005
  4.663128857826314E-005
  4.659618557590451E-005
  4.656107628970108E-005
  4.652543638378926E-005
  4.648975078225059E-005
  4.645348163231281E-005
  4.641737351505593E-005
  4.638106761874476E-005
  4.634439472283679E-005
  4.630730309656753E-005
  4.627017894273684E-005
  4.623266589300483E-005
  4.619463634402313E-005
  4.615656452421612E-005
  4.611765003928798E-005
  4.607853744726013E-005
  4.603951863060452E-005
  4.600078514444214E-005
  4.596111632129896E-005
  4.592168339872293E-005
  4.588200248327861E-005
  4.584177203150841E-005
  4.580130628803106E-005
  4.576057891612279E-005
  4.571950069001042E-005
  4.567816467642117E-005
  4.563670194630818E-005
  4.559462915189602E-005
  4.555227343090388E-005
  4.550986079044247E-005
  4.546693676790985E-005
  4.542350346527212E-005
  4.538029802524213E-005
  4.533648572135580E-005
  4.529211357946167E-005
  4.524799134001794E-005
  4.520306989851138E-005
  4.515817839237612E-005
  4.511252228969469E-005
  4.506678441372217E-005
  4.502092400395016E-005
  4.497462864624349E-005
  4.492766831643016E-005
  4.488061641176898E-005
  4.483328855595631E-005
  4.478556595597252E-005
  4.473719089302054E-005
  4.468896077734825E-005
  4.464000216679142E-005
  4.459091122903725E-005
  4.454220964936308E-005
  4.449381743300755E-005
  4.444606359811401E-005
  4.439890339420101E-005
  4.435367857642984E-005
  4.431084364632323E-005
  4.427082419224467E-005
  4.423536557034634E-005
  4.420533401041666E-005
  4.418347639941439E-005
  4.416831727721574E-005
  4.415405577194751E-005
  4.414056985535368E-005
  4.412785429662368E-005
  4.411567823413288E-005
  4.410434705776554E-005
  4.409386451385310E-005
  4.408402040086342E-005
  4.407487194697233E-005
  4.406649741978550E-005
  4.405884564505525E-005
  4.405186123054116E-005
  4.404571594563324E-005
  4.404019297560373E-005
  4.403548346891927E-005
  4.403154473845808E-005
  4.402828687473276E-005
  4.402590377437415E-005
  4.402416310769663E-005
  4.402328351648899E-005
  4.402312642586390E-005
  4.402376060665459E-005
  4.402512476616087E-005
  4.402734423570899E-005
  4.403020930938315E-005
  4.403396651839289E-005
  4.403841509012444E-005
  4.404366042051255E-005
  4.404969892408099E-005
  4.405642354430447E-005
  4.406394605428548E-005
  4.407223510612868E-005
  4.408119310209334E-005
  4.409090910065675E-005
  4.410135365307052E-005
  4.411251603416951E-005
  4.412406887876029E-005
  4.413622893285684E-005
  4.414902691176985E-005
  4.416245987562915E-005
  4.417651563992813E-005
  4.419117022345101E-005
  4.420636973960389E-005
  4.422199530633961E-005
  4.414801366526241E-005
  4.405273964052384E-005
  4.395698569365887E-005
  4.386071982350807E-005
  4.376394465221056E-005
  4.366658312651584E-005
  4.356859815411669E-005
  4.346995649962014E-005
  4.337062286181959E-005
  4.327055475495845E-005
  4.316971163803612E-005
  4.306805299680368E-005
  4.296554027122869E-005
  4.286212688806537E-005
  4.275776567067276E-005
  4.265241583364882E-005
  4.254602802004202E-005
  4.243855351384574E-005
  4.232994242551386E-005
  4.222014122196442E-005
  4.210909657306709E-005
  4.199675479563160E-005
  4.188305593199358E-005
  4.176794543291121E-005
  4.165135729464831E-005
  4.153323267441067E-005
  4.141350601495698E-005
  4.129211165523211E-005
  4.116898104691478E-005
  4.104404338635475E-005
  4.091722423315387E-005
  4.078844945666252E-005
  4.065764005428506E-005
  4.052471559129293E-005
  4.038959263705382E-005
  4.025218695196024E-005
  4.011239250404416E-005
  3.997013243492585E-005
  3.982527803778251E-005
  3.967774442915144E-005
  3.952744974043657E-005
  3.937428734258377E-005
  3.921814953611461E-005
  3.905892249724532E-005
  3.889648945053562E-005
  3.873072936518599E-005
  3.856151181884790E-005
  3.838870104841931E-005
  3.821217341237025E-005
  3.803178939605281E-005
  3.784740434424066E-005
  3.765886731267398E-005
  3.746602422735284E-005
  3.726871189326172E-005
  3.706676527259779E-005
  3.686000909579868E-005
  3.664825077382652E-005
  3.643131750814302E-005
  3.620901428841631E-005
  3.598113987931050E-005
  3.574748537813602E-005
  3.550783342785954E-005
  3.526195877114536E-005
  3.500962576891152E-005
  3.475059205008134E-005
  3.448460740836950E-005
  3.421139840248197E-005
  3.393070255972166E-005
  3.364223386215361E-005
  3.334570496637706E-005
  3.304080751091344E-005
  3.272722376067397E-005
  3.240462623394575E-005
  3.207267706059174E-005
  3.173101104653937E-005
  3.137926173542320E-005
  3.101705450281313E-005
  3.064400277228595E-005
  3.025968688986264E-005
  2.986370043561037E-005
  2.945559409120092E-005
  2.903492364556877E-005
  2.860123419706057E-005
  2.815402272912667E-005
  2.769281281585204E-005
  2.721709244936502E-005
  2.672632117383450E-005
  2.622000444844654E-005
  2.569761856559231E-005
  2.515847498523352E-005
  2.460214214351261E-005
  2.402801665950763E-005
  2.343551693187024E-005
  2.282384979978359E-005
  2.219269175451912E-005
  2.154069745868724E-005
  2.086827491446579E-005
