  2.859306402694851E-005
  3.124707175489650E-006
  3.850300530866664E-006
  2.349976837091939E-006
  8.662898523544313E-007
  1.200000017881393E-006
  6.423728525750051E-007
  1.200000017881393E-006
  1.200000017881393E-006
  1.200000017881393E-006
  1.200000017881393E-006
  1.200000017881393E-006
  1.200000017881393E-006
  1.200000017881393E-006
  1.200000017881393E-006
  1.200000017881393E-006
  1.200000017881393E-006
  1.200000017881393E-006
  1.200000017881393E-006
  1.200000017881393E-006
  1.200000017881393E-006
  1.200000017881393E-006
  1.200000017881393E-006
  1.200000017881393E-006
  1.200000017881393E-006
  1.200000017881393E-006
  1.200000017881393E-006
  1.200000017881393E-006
  1.200000017881393E-006
  1.200000017881393E-006
  1.200000017881393E-006
  1.200000017881393E-006
  1.200000017881393E-006
  1.200000017881393E-006
  1.200000017881393E-006
  1.200000017881393E-006
  1.200000017881393E-006
  1.200000017881393E-006
  1.200000017881393E-006
  1.200000017881393E-006
  1.200000017881393E-006
  1.200000017881393E-006
  1.200000017881393E-006
  1.200000017881393E-006
  1.200000017881393E-006
  1.200000017881393E-006
  1.200000017881393E-006
  1.200000017881393E-006
  1.200000017881393E-006
  1.200000017881393E-006
  1.200000017881393E-006
  1.200000017881393E-006
  1.200000017881393E-006
  1.200000017881393E-006
  1.200000017881393E-006
  1.200000017881393E-006
  1.200000017881393E-006
  1.200000017881393E-006
  1.200000017881393E-006
  1.200000017881393E-006
  1.200000017881393E-006
  1.200000017881393E-006
  1.200000017881393E-006
  1.200000017881393E-006
  1.200000017881393E-006
  1.200000017881393E-006
  1.200000017881393E-006
  1.200000017881393E-006
  1.200000017881393E-006
  1.200000017881393E-006
  1.200000017881393E-006
  1.200000017881393E-006
  1.200000017881393E-006
  1.200000017881393E-006
  1.200000017881393E-006
  1.200000017881393E-006
  1.200000017881393E-006
  1.200000017881393E-006
  1.200000017881393E-006
  1.200000017881393E-006
  1.200000017881393E-006
  1.200000017881393E-006
  1.200000017881393E-006
  1.200000017881393E-006
  1.200000017881393E-006
  1.200000017881393E-006
  1.200000017881393E-006
  1.200000017881393E-006
  1.200000017881393E-006
  1.200000017881393E-006
  1.200000017881393E-006
  1.200000017881393E-006
  1.200000017881393E-006
  1.200000017881393E-006
  1.200000017881393E-006
  1.200000017881393E-006
  1.200000017881393E-006
  1.200000017881393E-006
  1.200000017881393E-006
  1.200000017881393E-006
  1.200000017881393E-006
  1.200000017881393E-006
  1.200000017881393E-006
  1.200000017881393E-006
  1.200000017881393E-006
  1.200000017881393E-006
  1.200000017881393E-006
  1.200000017881393E-006
  1.200000017881393E-006
  1.200000017881393E-006
  1.200000017881393E-006
  1.200000017881393E-006
  1.200000017881393E-006
  1.200000017881393E-006
  1.200000017881393E-006
  1.200000017881393E-006
  1.200000017881393E-006
  1.200000017881393E-006
  1.200000017881393E-006
  1.200000017881393E-006
  1.200000017881393E-006
  1.200000017881393E-006
  1.200000017881393E-006
  1.200000017881393E-006
  1.200000017881393E-006
  1.200000017881393E-006
  1.200000017881393E-006
  1.200000017881393E-006
  1.200000017881393E-006
  1.200000017881393E-006
  1.200000017881393E-006
  1.200000017881393E-006
  1.200000017881393E-006
  1.200000017881393E-006
  1.200000017881393E-006
  1.200000017881393E-006
  1.200000017881393E-006
  1.200000017881393E-006
  1.200000017881393E-006
  1.200000017881393E-006
  1.200000017881393E-006
  1.200000017881393E-006
  1.200000017881393E-006
  1.200000017881393E-006
  1.200000017881393E-006
  1.200000017881393E-006
  1.200000017881393E-006
  1.200000017881393E-006
  1.200000017881393E-006
  1.200000017881393E-006
  1.200000017881393E-006
  1.200000017881393E-006
  1.200000017881393E-006
  1.200000017881393E-006
  1.200000017881393E-006
  1.200000017881393E-006
  1.200000017881393E-006
  1.200000017881393E-006
  1.200000017881393E-006
  1.200000017881393E-006
  1.200000017881393E-006
  1.200000017881393E-006
  1.200000017881393E-006
  1.200000017881393E-006
  1.200000017881393E-006
  1.200000017881393E-006
  1.200000017881393E-006
  1.200000017881393E-006
  1.200000017881393E-006
  1.200000017881393E-006
  1.200000017881393E-006
  1.200000017881393E-006
  1.200000017881393E-006
  1.200000017881393E-006
  1.200000017881393E-006
  1.200000017881393E-006
  1.200000017881393E-006
  1.200000017881393E-006
  1.200000017881393E-006
  1.200000017881393E-006
  1.200000017881393E-006
  1.200000017881393E-006
  1.200000017881393E-006
  1.200000017881393E-006
  1.200000017881393E-006
  1.200000017881393E-006
  1.200000017881393E-006
  1.200000017881393E-006
  1.200000017881393E-006
  1.200000017881393E-006
  1.200000017881393E-006
  1.200000017881393E-006
  1.200000017881393E-006
  1.200000017881393E-006
  1.200000017881393E-006
  1.200000017881393E-006
  1.200000017881393E-006
  1.200000017881393E-006
  1.200000017881393E-006
  1.200000017881393E-006
  1.200000017881393E-006
  1.200000017881393E-006
  1.200000017881393E-006
  1.200000017881393E-006
  1.200000017881393E-006
  1.200000017881393E-006
  1.200000017881393E-006
  1.200000017881393E-006
  1.200000017881393E-006
  1.200000017881393E-006
  1.200000017881393E-006
  1.200000017881393E-006
  1.200000017881393E-006
  1.200000017881393E-006
  1.200000017881393E-006
  1.200000017881393E-006
  1.200000017881393E-006
  1.200000017881393E-006
  1.200000017881393E-006
  1.200000017881393E-006
  1.200000017881393E-006
  1.200000017881393E-006
  1.200000017881393E-006
  1.200000017881393E-006
  1.200000017881393E-006
  1.200000017881393E-006
  1.200000017881393E-006
  1.200000017881393E-006
  1.200000017881393E-006
  1.200000017881393E-006
  1.200000017881393E-006
  1.200000017881393E-006
  1.200000017881393E-006
  1.200000017881393E-006
  1.200000017881393E-006
  1.200000017881393E-006
  1.200000017881393E-006
  1.200000017881393E-006
  1.200000017881393E-006
  1.200000017881393E-006
  1.200000017881393E-006
  1.200000017881393E-006
  1.200000017881393E-006
  1.200000017881393E-006
  1.200000017881393E-006
  1.200000017881393E-006
  1.200000017881393E-006
  1.200000017881393E-006
  1.200000017881393E-006
  1.200000017881393E-006
  1.200000017881393E-006
  1.200000017881393E-006
  1.200000017881393E-006
  1.200000017881393E-006
  1.200000017881393E-006
  1.200000017881393E-006
  1.200000017881393E-006
  1.200000017881393E-006
  1.200000017881393E-006
  1.200000017881393E-006
  1.200000017881393E-006
  1.200000017881393E-006
  1.200000017881393E-006
  1.200000017881393E-006
  1.200000017881393E-006
  1.200000017881393E-006
  1.200000017881393E-006
  1.200000017881393E-006
  1.200000017881393E-006
  1.200000017881393E-006
  1.200000017881393E-006
  1.200000017881393E-006
  1.200000017881393E-006
  1.200000017881393E-006
  1.200000017881393E-006
  1.200000017881393E-006
  1.200000017881393E-006
  1.200000017881393E-006
  1.200000017881393E-006
  1.200000017881393E-006
  1.200000017881393E-006
  1.200000017881393E-006
  1.200000017881393E-006
  1.200000017881393E-006
  1.200000017881393E-006
  1.200000017881393E-006
  1.200000017881393E-006
  1.200000017881393E-006
  1.200000017881393E-006
  1.200000017881393E-006
  1.200000017881393E-006
  1.200000017881393E-006
  1.200000017881393E-006
  1.200000017881393E-006
  1.200000017881393E-006
  1.200000017881393E-006
  1.200000017881393E-006
  1.200000017881393E-006
  1.200000017881393E-006
  1.200000017881393E-006
  1.200000017881393E-006
  1.200000017881393E-006
  1.200000017881393E-006
  1.200000017881393E-006
  1.200000017881393E-006
  1.200000017881393E-006
  1.200000017881393E-006
  1.200000017881393E-006
  1.200000017881393E-006
  1.200000017881393E-006
  1.200000017881393E-006
  1.200000017881393E-006
  1.200000017881393E-006
  1.200000017881393E-006
  1.200000017881393E-006
  1.200000017881393E-006
  1.200000017881393E-006
  1.200000017881393E-006
  1.200000017881393E-006
  1.200000017881393E-006
  1.200000017881393E-006
  1.200000017881393E-006
  1.200000017881393E-006
  1.200000017881393E-006
  1.200000017881393E-006
  1.200000017881393E-006
  1.200000017881393E-006
  1.200000017881393E-006
  1.200000017881393E-006
  1.200000017881393E-006
  1.200000017881393E-006
  1.200000017881393E-006
  1.200000017881393E-006
  1.200000017881393E-006
  1.200000017881393E-006
  1.200000017881393E-006
  1.200000017881393E-006
  1.200000017881393E-006
  1.200000017881393E-006
  1.200000017881393E-006
  1.200000017881393E-006
  1.200000017881393E-006
  1.200000017881393E-006
  1.200000017881393E-006
  1.200000017881393E-006
  1.200000017881393E-006
  1.200000017881393E-006
  1.200000017881393E-006
  1.200000017881393E-006
  1.200000017881393E-006
  1.200000017881393E-006
  1.200000017881393E-006
  1.200000017881393E-006
  1.200000017881393E-006
  1.200000017881393E-006
  1.200000017881393E-006
  1.200000017881393E-006
  1.200000017881393E-006
  1.200000017881393E-006
  1.200000017881393E-006
  1.200000017881393E-006
  1.200000017881393E-006
  1.200000017881393E-006
  1.200000017881393E-006
  1.200000017881393E-006
  1.200000017881393E-006
  1.200000017881393E-006
  1.200000017881393E-006
  1.200000017881393E-006
  1.200000017881393E-006
  1.200000017881393E-006
  1.200000017881393E-006
  1.200000017881393E-006
  1.200000017881393E-006
  1.200000017881393E-006
  1.200000017881393E-006
  1.200000017881393E-006
  1.200000017881393E-006
  1.200000017881393E-006
  1.200000017881393E-006
  1.200000017881393E-006
  1.200000017881393E-006
  1.200000017881393E-006
  1.200000017881393E-006
  1.200000017881393E-006
  1.200000017881393E-006
  1.200000017881393E-006
  1.200000017881393E-006
  1.200000017881393E-006
  1.200000017881393E-006
  1.200000017881393E-006
  1.200000017881393E-006
  1.200000017881393E-006
  1.200000017881393E-006
  1.200000017881393E-006
  1.200000017881393E-006
  1.200000017881393E-006
  1.200000017881393E-006
  1.200000017881393E-006
  1.200000017881393E-006
  1.200000017881393E-006
  1.200000017881393E-006
  1.200000017881393E-006
  1.200000017881393E-006
  1.200000017881393E-006
  1.200000017881393E-006
  1.200000017881393E-006
  1.200000017881393E-006
  1.200000017881393E-006
  1.200000017881393E-006
  1.200000017881393E-006
  1.200000017881393E-006
  1.200000017881393E-006
  1.200000017881393E-006
  1.200000017881393E-006
  1.200000017881393E-006
  1.200000017881393E-006
  1.200000017881393E-006
  1.200000017881393E-006
  1.200000017881393E-006
  1.200000017881393E-006
  1.200000017881393E-006
  1.200000017881393E-006
  1.200000017881393E-006
  1.200000017881393E-006
  1.200000017881393E-006
  1.200000017881393E-006
  1.200000017881393E-006
  1.200000017881393E-006
  1.200000017881393E-006
  1.200000017881393E-006
  1.200000017881393E-006
  1.200000017881393E-006
  1.200000017881393E-006
  1.200000017881393E-006
  1.200000017881393E-006
  1.200000017881393E-006
  1.200000017881393E-006
  1.200000017881393E-006
  1.200000017881393E-006
  1.200000017881393E-006
  1.200000017881393E-006
  1.200000017881393E-006
  1.200000017881393E-006
  1.200000017881393E-006
  1.200000017881393E-006
  1.200000017881393E-006
  1.200000017881393E-006
  1.200000017881393E-006
  1.200000017881393E-006
  1.200000017881393E-006
  1.200000017881393E-006
  1.200000017881393E-006
  1.200000017881393E-006
  1.200000017881393E-006
  1.200000017881393E-006
  1.200000017881393E-006
  1.200000017881393E-006
  1.200000017881393E-006
  1.200000017881393E-006
  1.200000017881393E-006
  1.200000017881393E-006
  1.200000017881393E-006
  1.200000017881393E-006
  1.200000017881393E-006
  1.200000017881393E-006
  1.200000017881393E-006
  1.200000017881393E-006
  1.200000017881393E-006
  1.200000017881393E-006
  1.200000017881393E-006
  1.200000017881393E-006
  1.200000017881393E-006
  1.200000017881393E-006
  1.200000017881393E-006
  1.200000017881393E-006
  1.200000017881393E-006
  1.200000017881393E-006
  1.200000017881393E-006
  1.200000017881393E-006
  1.200000017881393E-006
  1.200000017881393E-006
  1.200000017881393E-006
  1.200000017881393E-006
  1.200000017881393E-006
  1.200000017881393E-006
  1.200000017881393E-006
  1.200000017881393E-006
  1.200000017881393E-006
  1.200000017881393E-006
  1.200000017881393E-006
  1.200000017881393E-006
  1.200000017881393E-006
  1.200000017881393E-006
  1.200000017881393E-006
  1.200000017881393E-006
  1.200000017881393E-006
  1.200000017881393E-006
  1.200000017881393E-006
  1.200000017881393E-006
  1.200000017881393E-006
  1.200000017881393E-006
  1.200000017881393E-006
  1.200000017881393E-006
  1.200000017881393E-006
  1.200000017881393E-006
  1.200000017881393E-006
  1.200000017881393E-006
  1.200000017881393E-006
  1.200000017881393E-006
  1.200000017881393E-006
  1.200000017881393E-006
  1.200000017881393E-006
  1.200000017881393E-006
  1.200000017881393E-006
  1.200000017881393E-006
  1.200000017881393E-006
  1.200000017881393E-006
  1.200000017881393E-006
  1.200000017881393E-006
  1.200000017881393E-006
  1.200000017881393E-006
  1.200000017881393E-006
  1.200000017881393E-006
  1.200000017881393E-006
  1.200000017881393E-006
  1.200000017881393E-006
  1.200000017881393E-006
  1.200000017881393E-006
  1.200000017881393E-006
  1.200000017881393E-006
  1.200000017881393E-006
  1.200000017881393E-006
  1.200000017881393E-006
  1.200000017881393E-006
  1.200000017881393E-006
  1.200000017881393E-006
  1.200000017881393E-006
  1.200000017881393E-006
  1.200000017881393E-006
  1.200000017881393E-006
  1.200000017881393E-006
  1.200000017881393E-006
  1.200000017881393E-006
  1.200000017881393E-006
  1.200000017881393E-006
  1.200000017881393E-006
  1.200000017881393E-006
  1.200000017881393E-006
  1.200000017881393E-006
  1.200000017881393E-006
  1.200000017881393E-006
  1.200000017881393E-006
  1.200000017881393E-006
  1.200000017881393E-006
  1.200000017881393E-006
  1.200000017881393E-006
  1.200000017881393E-006
  1.200000017881393E-006
  1.200000017881393E-006
  1.200000017881393E-006
  1.200000017881393E-006
  1.200000017881393E-006
  1.200000017881393E-006
  1.200000017881393E-006
  1.200000017881393E-006
  1.200000017881393E-006
  1.200000017881393E-006
  1.200000017881393E-006
  1.200000017881393E-006
  1.200000017881393E-006
  1.200000017881393E-006
  1.200000017881393E-006
  1.200000017881393E-006
  1.200000017881393E-006
  1.200000017881393E-006
  1.200000017881393E-006
  1.244248143611702E-007
  3.017276204593856E-007
  4.791464982001328E-007
  6.566791860393054E-007
  8.343193383517129E-007
  1.012059727735502E-006
  1.189893369481273E-006
  1.367813300575724E-006
  1.545811499475550E-006
  1.723881579328406E-006
  1.902015292542249E-006
  2.080206868800164E-006
  2.258448744531148E-006
  2.436733868983840E-006
  2.615054482647533E-006
  2.793404366659503E-006
  2.971776109475155E-006
  3.150162876782574E-006
  3.328557485261495E-006
  3.506951882949414E-006
  3.685340720623550E-006
  3.863716328501671E-006
  4.042071818270462E-006
  4.220401148480943E-006
  4.398695784044758E-006
  4.576949325307948E-006
  4.755155709155037E-006
  4.933308350694331E-006
  5.111399601276827E-006
  5.289423909437028E-006
  5.467372402149566E-006
  5.645240533227019E-006
  5.823021179915492E-006
  6.000707926800668E-006
  6.178292918486342E-006
  6.355771314672331E-006
  6.533135918795808E-006
  6.710379890218165E-006
  6.887497935062838E-006
  7.064482918306093E-006
  7.241329235753119E-006
  7.418028990248284E-006
  7.594578005221757E-006
  7.770969332628176E-006
  7.947196038003512E-006
  8.123253323557674E-006
  8.299134407971974E-006
  8.474833546997741E-006
  8.650345339366851E-006
  8.825662800252790E-006
  9.000780734008642E-006
  9.175693279634133E-006
  9.350394937282308E-006
  9.524880193463946E-006
  9.699142165042408E-006
  9.873177111074596E-006
  1.004697837215083E-005
  1.022054033347401E-005
  1.039385820369556E-005
  1.056692657279993E-005
  1.073973973849263E-005
  1.091229312412871E-005
  1.108458085435292E-005
  1.125659818327965E-005
  1.142833957271206E-005
  1.159980050083708E-005
  1.177097563681770E-005
  1.194186121111674E-005
  1.211245051987728E-005
  1.228274083611515E-005
  1.245272492236972E-005
  1.262240046364953E-005
  1.279176143695734E-005
  1.296080435656499E-005
  1.312952435827032E-005
  1.329791646560320E-005
  1.346597725290861E-005
  1.363370146189906E-005
  1.380108460057289E-005
  1.396812453801567E-005
  1.413481456955446E-005
  1.430115221473772E-005
  1.446713365039588E-005
  1.463275376277507E-005
  1.479800960180901E-005
  1.496289663028086E-005
  1.512741175771003E-005
  1.529155116461946E-005
  1.545531069821462E-005
  1.561868768060780E-005
  1.578167769201294E-005
  1.594427752514483E-005
  1.610648471251554E-005
  1.626829488946463E-005
  1.642970440727694E-005
  1.659071116645386E-005
  1.675131165933297E-005
  1.691150303801339E-005
  1.707128082399316E-005
  1.723064380459597E-005
  1.738958839204694E-005
  1.754811136599044E-005
  1.770621059701935E-005
  1.786388290442729E-005
  1.802112616164460E-005
  1.817793669753194E-005
  1.833431264142461E-005
  1.849025208232572E-005
  1.864575082146327E-005
  1.880080907945084E-005
  1.895542261650473E-005
  1.910958836175817E-005
  1.926330690163652E-005
  1.941657326326345E-005
  1.956938628947815E-005
  1.972174586454586E-005
  1.987364701705656E-005
  2.002508824125408E-005
  2.017607064608102E-005
  2.032658915984159E-005
  2.047664250388478E-005
  2.062622921146657E-005
  2.077535011381441E-005
  2.092400037522576E-005
  2.107217866270191E-005
  2.121988385726635E-005
  2.136711541475249E-005
  2.151387226267120E-005
  2.166015145618328E-005
  2.180595185201177E-005
  2.195127230168163E-005
  2.209611162946629E-005
  2.224047001071671E-005
  2.238434546005762E-005
  2.252773630187534E-005
  2.267064216284869E-005
  2.281306148407390E-005
  2.295499260577381E-005
  2.309643606562328E-005
  2.323739051671112E-005
  2.337785474536077E-005
  2.351782870576579E-005
  2.365731165173478E-005
  2.379630233438038E-005
  2.393480063532884E-005
  2.407280515968386E-005
  2.421031781576546E-005
  2.434733558592143E-005
  2.448385871806570E-005
  2.461988640024911E-005
  2.475541673770859E-005
  2.489045121879149E-005
  2.502499046963329E-005
  2.515903334150485E-005
  2.529257966852611E-005
  2.542562880564810E-005
  2.555818075095298E-005
  2.569023600371618E-005
  2.582179374864043E-005
  2.595285322714519E-005
  2.608341561027249E-005
  2.621348091825483E-005
  2.634304891219674E-005
  2.647211958092907E-005
  2.660069227974674E-005
  2.672876792665165E-005
  2.685634652154787E-005
  2.698342859196865E-005
  2.711001437090719E-005
  2.723610400095184E-005
  2.736169857599222E-005
  2.748679709870516E-005
  2.761139924346909E-005
  2.773550694665296E-005
  2.785912081198917E-005
  2.798224047897294E-005
  2.810486760239474E-005
  2.822699935950108E-005
  2.834864002146255E-005
  2.846978896160036E-005
  2.859044564470458E-005
  2.871061230209772E-005
  2.883028800108387E-005
  2.894947375080017E-005
  2.906817156765551E-005
  2.918638192672055E-005
  2.930410343205759E-005
  2.942133800782540E-005
  2.953808782617604E-005
  2.965435202851787E-005
  2.977013120138988E-005
  2.988542609960990E-005
  3.000024014422862E-005
  3.011457120139720E-005
  3.022842115668019E-005
  3.034179086778698E-005
  3.045468302075976E-005
  3.056709455884632E-005
  3.067902970322424E-005
  3.079048903917040E-005
  3.090147262463837E-005
  3.101198135265506E-005
  3.112201781567380E-005
  3.123158162175105E-005
  3.134067317594898E-005
  3.144929652055311E-005
  3.155744986170978E-005
  3.166513452933098E-005
  3.177235329359230E-005
  3.187910650127163E-005
  3.198539430369906E-005
  3.209121892512865E-005
  3.219658132360940E-005
  3.230148259066346E-005
  3.240592460589961E-005
  3.250990721065144E-005
  3.261343252366223E-005
  3.271650229207465E-005
  3.281911610454925E-005
  3.292127696714089E-005
  3.302298506949035E-005
  3.312424178811608E-005
  3.322504967021571E-005
  3.332540723070467E-005
  3.342531857753244E-005
  3.352478464710001E-005
  3.362380431756645E-005
  3.372238198078443E-005
  3.382051689963383E-005
  3.391821191998618E-005
  3.401546714139642E-005
  3.411228405888046E-005
  3.420866592354422E-005
  3.430461081726558E-005
  3.440012267121583E-005
  3.449520186540115E-005
  3.458985036718025E-005
  3.468406973760022E-005
  3.477785982508542E-005
  3.487122419171382E-005
  3.496416209952156E-005
  3.505667702114109E-005
  3.514876906758759E-005
  3.524044011851892E-005
  3.533169149924626E-005
  3.542252424956795E-005
  3.551294148766986E-005
  3.560294208667846E-005
  3.569253015205082E-005
  3.578170478271125E-005
  3.587046911040321E-005
  3.595882352943175E-005
  3.604677041911569E-005
  3.613431058135205E-005
  3.622144586727792E-005
  3.630817803923060E-005
  3.639450749452067E-005
  3.648043702809145E-005
  3.656596687574409E-005
  3.665109997975420E-005
  3.673583550995896E-005
  3.682017782318614E-005
  3.690412576923677E-005
  3.698768310940885E-005
  3.707084946950850E-005
  3.715362816074850E-005
  3.723601903323754E-005
  3.731802468192228E-005
  3.739964581961802E-005
  3.748088463714159E-005
  3.756174238736696E-005
  3.764222013264785E-005
  3.772231977622039E-005
  3.780204277640374E-005
  3.788139089808243E-005
  3.796036506322005E-005
  3.803896746371781E-005
  3.811719856560359E-005
  3.819506132816503E-005
  3.827255558962485E-005
  3.834968434495942E-005
  3.842644779470990E-005
  3.850284882927189E-005
  3.857888724212835E-005
  3.865456610851533E-005
  3.872988576734569E-005
  3.880484875821942E-005
  3.887945511289773E-005
  3.895370786366789E-005
  3.902760705757015E-005
  3.910115591416412E-005
  3.917435407910020E-005
  3.924720483073398E-005
  3.931970777856535E-005
  3.939186606359948E-005
  3.946367983792374E-005
  3.953515179157701E-005
  3.960628151068603E-005
  3.967707240298971E-005
  3.974752467161321E-005
  3.981764138489245E-005
  3.988742185971080E-005
  3.995686963285430E-005
  4.002598372092851E-005
  4.009476759084639E-005
  4.016322162388841E-005
  4.023134844141972E-005
  4.029914821972054E-005
  4.036662321180572E-005
  4.043377356806546E-005
  4.050060243679923E-005
  4.056711016053162E-005
  4.063329931850586E-005
  4.069916900185819E-005
  4.076472301879683E-005
  4.082996110194178E-005
  4.089488649283075E-005
  4.095949836010690E-005
  4.102379960172791E-005
  4.108779095666206E-005
  4.115147491798043E-005
  4.121485094470522E-005
  4.127792192633460E-005
  4.134068875151881E-005
  4.140315340569651E-005
  4.146531559832492E-005
  4.152717843541400E-005
  4.158874284055436E-005
  4.165000951264343E-005
  4.171097980034626E-005
  4.177165676475741E-005
  4.183203932909733E-005
  4.189213021668193E-005
  4.195193079272781E-005
  4.201144201593645E-005
  4.207066463695080E-005
  4.212960193045957E-005
  4.218825268685646E-005
  4.224662018784939E-005
  4.230470505054409E-005
  4.236250780636097E-005
  4.242003069421928E-005
  4.247727559866068E-005
  4.253424137443590E-005
  4.259093267439739E-005
  4.264734754374513E-005
  4.270348973618001E-005
  4.275935942642171E-005
  4.281495753173008E-005
  4.287028644118321E-005
  4.292534570205291E-005
  4.298013816494929E-005
  4.303466441240581E-005
  4.308892568970414E-005
  4.314292373608115E-005
  4.319665840700208E-005
  4.325013321745930E-005
  4.330334634286051E-005
  4.335630268743688E-005
  4.340899931004913E-005
  4.346144181579587E-005
  4.351362714747408E-005
  4.356556018223389E-005
  4.361723898248616E-005
  4.366866759992841E-005
  4.371984442778157E-005
  4.377077368039560E-005
  4.382145321756032E-005
  4.387188791429809E-005
  4.392207433708196E-005
  4.397201826615921E-005
  4.402171731359583E-005
  4.407117501353992E-005
  4.412039122825313E-005
  4.416936763017626E-005
  4.421810547674202E-005
  4.426660458927803E-005
  4.431486931704722E-005
  4.436289562733726E-005
  4.441068991101049E-005
  4.445824953938894E-005
  4.450557747357039E-005
  4.455267564490949E-005
  4.459954141376237E-005
  4.464618052961413E-005
  4.469259054366947E-005
  4.473877391531752E-005
  4.478473307685680E-005
  4.483046574354321E-005
  4.487597537643506E-005
  4.492126517538705E-005
  4.496632923742931E-005
  4.501117518530350E-005
  4.505580376273103E-005
  4.510020976575823E-005
  4.514440117140716E-005
  4.518837749428826E-005
  4.523213598229693E-005
  4.527568109052270E-005
  4.531901509831753E-005
  4.536213555886264E-005
  4.540504345627760E-005
  4.544774299782218E-005
  4.549023509738727E-005
  4.553251524456041E-005
  4.557458884851877E-005
  4.561645898577252E-005
  4.565812457939436E-005
  4.569958206296320E-005
  4.574083625911065E-005
  4.578189032132803E-005
  4.582274491423476E-005
  4.586340037103907E-005
  4.590384870875974E-005
  4.594410038412180E-005
  4.598415794234690E-005
  4.602401988255608E-005
  4.606368796046959E-005
  4.610315968985688E-005
  4.614243012572813E-005
  4.618151436901889E-005
  4.622040211652389E-005
  4.625906944746952E-005
  4.630561578948230E-005
  4.633587191952478E-005
  4.637408298948938E-005
  4.641202535881159E-005
  4.644979029130469E-005
  4.648736481374050E-005
  4.652474700839908E-005
  4.656194264830510E-005
  4.659895845988817E-005
  4.663579462264424E-005
  4.667245227841957E-005
  4.670893081658941E-005
  4.674523022736957E-005
  4.678135162136282E-005
  4.681729590929236E-005
  4.685306338279605E-005
  4.688865522329317E-005
  4.692407188348652E-005
  4.695931388439463E-005
  4.699438291100827E-005
  4.702927862154532E-005
  4.706400254503892E-005
  4.709855548739241E-005
  4.713293739683750E-005
  4.716715029583516E-005
  4.720119371186931E-005
  4.723506917840749E-005
  4.726877763972015E-005
  4.730231860624598E-005
  4.733569433257752E-005
  4.736890468595177E-005
  4.740195043282874E-005
  4.743483311144258E-005
  4.746755205970193E-005
  4.750010916276919E-005
  4.753249634493160E-005
  4.756472322556205E-005
  4.759679215480135E-005
  4.762870257756257E-005
  4.766045485255624E-005
  4.769205014798550E-005
  4.772348793406314E-005
  4.775476968745424E-005
  4.778589626562216E-005
  4.781686686397645E-005
  4.784768366344780E-005
  4.787834693911751E-005
  4.790885654188952E-005
  4.793921426054144E-005
  4.796942017435184E-005
  4.799947467934122E-005
  4.802937924070824E-005
  4.805913377165367E-005
  4.808873909443663E-005
  4.811819644255732E-005
  4.814750555803954E-005
  4.817666753006663E-005
  4.820568311005617E-005
  4.823455253342448E-005
  4.826327679060019E-005
  4.829185647559315E-005
  4.832029181920652E-005
  4.834858382482546E-005
  4.837673344890149E-005
  4.840474034027041E-005
  4.843260563848720E-005
  4.846033000100292E-005
  4.848791382891025E-005
  4.851535788326886E-005
  4.854266291718478E-005
  4.856982903501456E-005
  4.859685692353896E-005
  4.862374755645722E-005
  4.865050116053411E-005
  4.867711832252974E-005
  4.870359966135774E-005
  4.872994595260667E-005
  4.875615700002003E-005
  4.878223421766337E-005
  4.880817824599215E-005
  4.883398842460879E-005
  4.885966648378689E-005
  4.888521282189702E-005
  4.891062722739423E-005
  4.893591081383725E-005
  4.896106423130460E-005
  4.898608781344981E-005
  4.901098150263538E-005
  4.903574675807264E-005
  4.906038404696049E-005
  4.908489280295818E-005
  4.910927438979122E-005
  4.913352957135924E-005
  4.915765811057029E-005
  4.918166047064591E-005
  4.920553797145716E-005
  4.922929093542489E-005
  4.925291843524394E-005
  4.927642255775081E-005
  4.929980364566704E-005
  4.932306145266853E-005
  4.934619639421546E-005
  4.936920976598026E-005
  4.939210177763504E-005
  4.941487194502433E-005
  4.943752164084939E-005
  4.946005152822098E-005
  4.948246154296220E-005
  4.950475149599673E-005
  4.952692298615035E-005
  4.954897632397043E-005
  4.957091130217416E-005
  4.959272820026908E-005
  4.961442845657418E-005
  4.963601210386918E-005
  4.965747910403354E-005
  4.967882992796200E-005
  4.970006550142879E-005
  4.972118627820202E-005
  4.974219204700703E-005
  4.976308308364510E-005
  4.978386056406046E-005
  4.980452482960157E-005
  4.982507594466681E-005
  4.984551367092164E-005
  4.986583944176043E-005
  4.988605362897158E-005
  4.990615624783302E-005
  4.992614668056702E-005
  4.994602675197682E-005
  4.996579674717191E-005
  4.998545644285482E-005
  5.000500585100170E-005
  5.002444593554235E-005
  5.004377739460984E-005
  5.006300010996783E-005
  5.008211427103908E-005
  5.010111993211522E-005
  5.012001829430084E-005
  5.013880936942822E-005
  5.015749375521448E-005
  5.017607045927514E-005
  5.019454074035903E-005
  5.021290540881838E-005
  5.023116463313486E-005
  5.024931842587808E-005
  5.026736602060053E-005
  5.028530929607349E-005
  5.030314828107662E-005
  5.032088328719415E-005
  5.033851419967919E-005
  5.035604078378483E-005
  5.037346437220374E-005
  5.039078516980732E-005
  5.040800358701370E-005
  5.042511932576716E-005
  5.044213190321504E-005
  5.045904331919624E-005
  5.047585317327467E-005
  5.049256179893789E-005
  5.050916966997634E-005
  5.052567561938689E-005
  5.054208116012152E-005
  5.055838688034826E-005
  5.057459253318748E-005
  5.059069879588123E-005
  5.060670528156393E-005
  5.062261165059409E-005
  5.063841945376436E-005
  5.065412855734567E-005
  5.066973954187719E-005
  5.068525260307407E-005
  5.070066698114098E-005
  5.071598306255641E-005
  5.073120164470504E-005
  5.074632372772454E-005
  5.076134803329155E-005
  5.077627666491045E-005
  5.079110892999412E-005
  5.080584233862988E-005
  5.082048139417551E-005
  5.083502443742485E-005
  5.084947244263933E-005
  5.086382356327528E-005
  5.087807679460060E-005
  5.089223859398967E-005
  5.090630348031507E-005
  5.092027367626123E-005
  5.093414823800149E-005
  5.094792880594722E-005
  5.096161317497156E-005
  5.097521037812963E-005
  5.098870845418774E-005
  5.100211438641328E-005
  5.101542584551876E-005
  5.102864741856479E-005
  5.104176898438539E-005
  5.105480278451374E-005
  5.106774131904178E-005
  5.108058542374629E-005
  5.109333863925814E-005
  5.110600002314446E-005
  5.111857262913468E-005
  5.113104626421679E-005
  5.114342674456053E-005
  5.115571671267747E-005
  5.116791561534454E-005
  5.118002300972215E-005
  5.119203779275496E-005
  5.120396190059597E-005
  5.121579484539084E-005
  5.122753681823295E-005
  5.123918820586145E-005
  5.125074921992286E-005
  5.126221969919071E-005
  5.127359976848249E-005
  5.128488971204512E-005
  5.129608753129657E-005
  5.130719547034702E-005
  5.131821333036106E-005
  5.132914157369363E-005
  5.133997987096515E-005
  5.135072868528842E-005
  5.136138836055250E-005
  5.137195870885537E-005
  5.138243977191660E-005
  5.139283151686079E-005
  5.140313416817049E-005
  5.141334771637017E-005
  5.142347223365670E-005
  5.143350797959234E-005
  5.144345476740559E-005
  5.145331230620814E-005
  5.146308181962800E-005
  5.147276168622482E-005
  5.148235343417308E-005
  5.149185731234581E-005
  5.150127272252189E-005
  5.151059956930965E-005
  5.151983807117605E-005
  5.152898909327661E-005
  5.153805201741349E-005
  5.154702612393618E-005
  5.155591256281991E-005
  5.156471123201721E-005
  5.157342188858115E-005
  5.158204468499180E-005
  5.159057980804493E-005
  5.159902711327432E-005
  5.160738671096617E-005
  5.161565857676918E-005
  5.162384277408049E-005
  5.163193955871322E-005
  5.163994868043693E-005
  5.164787009077940E-005
  5.165570406363777E-005
  5.166345085319774E-005
  5.167110290689573E-005
  5.167866776098755E-005
  5.168615093395977E-005
  5.169354364340420E-005
  5.170084946213988E-005
  5.170806832051448E-005
  5.171520268665730E-005
  5.172224773481244E-005
  5.172920577499236E-005
  5.173607638125628E-005
  5.174285919399973E-005
  5.174955838353144E-005
  5.175616752063843E-005
  5.176268979217581E-005
  5.176912757009869E-005
  5.177547476065761E-005
  5.178173534946182E-005
  5.178790908881502E-005
  5.179399585664818E-005
  5.179999558791365E-005
  5.180590822394285E-005
  5.181173368665177E-005
  5.181747186964670E-005
  5.182312263434756E-005
  5.182868580749350E-005
  5.183416117902292E-005
  5.183954850078798E-005
  5.184484748482539E-005
  5.185005780259820E-005
  5.185517908417914E-005
  5.186021091847260E-005
  5.186515285400621E-005
  5.187000440165462E-005
  5.187476503767167E-005
  5.187943420958082E-005
  5.188401134211080E-005
  5.188849584478459E-005
  5.189288711868073E-005
  5.189718456152865E-005
  5.190138757103821E-005
  5.190549554744375E-005
  5.190950789647674E-005
  5.191342403710453E-005
  5.191724341259006E-005
  5.192096550514035E-005
  5.192458985112907E-005
  5.192811605580825E-005
  5.193154380575808E-005
  5.193487287914885E-005
  5.193810315422053E-005
  5.194123461580239E-005
  5.194426736092561E-005
  5.194720160366395E-005
  5.195003767918172E-005
  5.195277604761727E-005
  5.195541729701812E-005
  5.195796214646587E-005
  5.196041144807160E-005
  5.196276618887404E-005
  5.196502749198861E-005
  5.196719661710962E-005
  5.196927496039975E-005
  5.197126405366906E-005
  5.197316556265721E-005
  5.197498128460008E-005
  5.197671314473694E-005
  5.197836319203639E-005
  5.197993359355592E-005
  5.198142662792872E-005
  5.198284467730177E-005
  5.198419021806678E-005
  5.198546580983204E-005
  5.198667408287033E-005
  5.198781772349305E-005
  5.198889945744326E-005
  5.198992203080226E-005
  5.199088818851525E-005
  5.199180064988959E-005
  5.199266208111603E-005
  5.199347506435410E-005
  5.199424206335632E-005
  5.199496538532202E-005
  5.199564713898243E-005
  5.199628955828017E-005
  5.199689362076915E-005
  5.199746073569968E-005
  5.199799200004002E-005
  5.199848729546155E-005
  5.199894663029733E-005
  5.199936978933080E-005
  5.199975516536876E-005
  5.200010123281743E-005
  5.200040552468743E-005
  5.200066533806759E-005
  5.200087811981270E-005
  5.200103962734321E-005
  5.200114665811568E-005
  5.200119592961507E-005
  5.200118463112711E-005
  5.200111037841212E-005
  5.200097135412293E-005
  5.200076626143765E-005
  5.200049422517935E-005
  5.200015478975282E-005
  5.199974761979371E-005
  5.199927260777368E-005
  5.199872969480928E-005
  5.199811890074166E-005
  5.199744019107658E-005
  5.199669361991456E-005
  5.199587919620304E-005
  5.199499692910077E-005
  5.199404683561970E-005
  5.199302892210538E-005
  5.199194320332276E-005
  5.199078968863059E-005
  5.198956840761540E-005
  5.198827934900467E-005
  5.198692255901869E-005
  5.198549798226722E-005
  5.198400566671469E-005
  5.198244573116731E-005
  5.198081809118978E-005
  5.197912278713153E-005
  5.197735975941762E-005
  5.197552907881222E-005
  5.197363089170678E-005
  5.197166507967538E-005
  5.196963160119034E-005
  5.196753062567012E-005
  5.196536206489625E-005
  5.196312601555135E-005
  5.196082241538140E-005
  5.195845126529940E-005
  5.195601271189562E-005
  5.195350666513515E-005
  5.195093310832713E-005
  5.194829221953821E-005
  5.194558377234780E-005
  5.194280790730113E-005
  5.193996484579739E-005
  5.193705418877859E-005
  5.193407629569143E-005
  5.193103078463148E-005
  5.192791822991813E-005
  5.192473826540299E-005
  5.192149088839953E-005
  5.191817625586745E-005
  5.191479427793111E-005
  5.191134515672620E-005
  5.190782861755085E-005
  5.190424469644619E-005
  5.190059366144700E-005
  5.189687530087112E-005
  5.189308967250762E-005
  5.188923681102656E-005
  5.188531646241711E-005
  5.188132914187632E-005
  5.187727452118334E-005
  5.187315258789559E-005
  5.186896346717982E-005
  5.186470700791719E-005
  5.186038329773120E-005
  5.185599243043854E-005
  5.185153434338483E-005
  5.184700900072510E-005
  5.184241637632887E-005
  5.183775647298510E-005
  5.183302939332122E-005
  5.182823496799984E-005
  5.182337330203092E-005
  5.181844439558654E-005
  5.181344809240801E-005
  5.180838449451217E-005
  5.180325361069937E-005
  5.179805545087605E-005
  5.179278996928372E-005
  5.178745709422385E-005
  5.178205687156376E-005
  5.177658922823897E-005
  5.177105431208594E-005
  5.176545183041744E-005
  5.175978202873107E-005
  5.175404467955595E-005
  5.174824008172289E-005
  5.174236795283164E-005
  5.173642827877505E-005
  5.173042114203387E-005
  5.172434639147955E-005
  5.171820394833659E-005
  5.171199403494569E-005
  5.170571657063405E-005
  5.169937116168170E-005
  5.169295832471209E-005
  5.168647777406605E-005
  5.167992941165342E-005
  5.167331326482854E-005
  5.166662929186514E-005
  5.165987746418583E-005
  5.165305786691576E-005
  5.164617007123432E-005
  5.163921464746038E-005
  5.163219104947200E-005
  5.162509960151514E-005
  5.161793977037844E-005
  5.161071193783459E-005
  5.160341589236794E-005
  5.159605116820662E-005
  5.158861894306929E-005
  5.158111807680432E-005
  5.157354876578871E-005
  5.156591094514925E-005
  5.155820455771206E-005
  5.155042966271703E-005
  5.154258613568915E-005
  5.153467364603392E-005
  5.152669267318066E-005
  5.151864280213834E-005
  5.151052444222846E-005
  5.150233680543580E-005
  5.149407994814919E-005
  5.148575398963357E-005
  5.147735888022076E-005
  5.146889438554538E-005
  5.146036061659751E-005
  5.145175735254574E-005
  5.144308412880543E-005
  5.143434167879437E-005
  5.142552917652433E-005
  5.141664704901772E-005
  5.140769498683377E-005
  5.139867262041442E-005
  5.138958016963691E-005
  5.138041733737932E-005
  5.137118421960357E-005
  5.136188026172606E-005
  5.135250571839031E-005
  5.134306038435534E-005
  5.133354400456368E-005
  5.132395653216785E-005
  5.131429824798450E-005
  5.130456830418996E-005
  5.129476661965052E-005
  5.128489326123512E-005
  5.127494780710031E-005
  5.126493046341240E-005
  5.125484066250271E-005
  5.124467869009159E-005
  5.123444383700486E-005
  5.122413616514840E-005
  5.121375525607879E-005
  5.120330099945558E-005
  5.119277290368008E-005
  5.118217130155111E-005
  5.117149553246886E-005
  5.116074480688661E-005
  5.114992000366379E-005
  5.113902009512727E-005
  5.112804526676571E-005
  5.111699454385876E-005
  5.110586745892788E-005
  5.109466402188817E-005
  5.108338445690870E-005
  5.107202767336504E-005
  5.106059343004487E-005
  5.104908148882221E-005
  5.103749093475764E-005
  5.102582144637348E-005
  5.101407258316399E-005
  5.100224385541032E-005
  5.099033453698675E-005
  5.097834391554979E-005
  5.096627198331702E-005
  5.095411707485163E-005
  5.094187971027691E-005
  5.092955801276800E-005
  5.091715260073599E-005
  5.090466083079173E-005
  5.089208354096566E-005
  5.087941925778796E-005
  5.086666674841440E-005
  5.085382462180531E-005
  5.084089285414440E-005
  5.082786942738274E-005
  5.081475363930539E-005
  5.080154342232777E-005
  5.078823845156478E-005
  5.077483670149335E-005
  5.076133663758801E-005
  5.074773661474425E-005
  5.073403582850185E-005
  5.072023045256446E-005
  5.070632075602254E-005
  5.069230329977957E-005
  5.067817650743048E-005
  5.066393717581879E-005
  5.064958612249289E-005
  5.063511786179123E-005
  5.062052957205441E-005
  5.060582105006459E-005
  5.059098501675685E-005
  5.057602375508493E-005
  5.056092870182655E-005
  5.054570023737861E-005
  5.053033169997694E-005
  5.051482262034489E-005
  5.049916676617871E-005
  5.048336053401190E-005
  5.046740152758161E-005
  5.045128408457614E-005
  5.043499298421352E-005
  5.041853802963495E-005
  5.040191299045958E-005
  5.038511264966295E-005
  5.036812867572425E-005
  5.035095147081131E-005
  5.033363471933379E-005
  5.031617431243323E-005
  5.029850461526349E-005
  5.028060306199436E-005
  5.026250820938525E-005
  5.024417302595605E-005
  5.022558438660822E-005
  5.020681708264020E-005
  5.018778226567473E-005
  5.016849591870091E-005
  5.014898834031490E-005
  5.012924739110785E-005
  5.010923465816659E-005
  5.008897067997613E-005
  5.006847054069467E-005
  5.004767853827498E-005
  5.002663365309065E-005
  5.000533410438787E-005
  4.998379322163445E-005
  4.996199815940876E-005
  4.993996144412642E-005
  4.991768641157754E-005
  4.989521552808116E-005
  4.987241577953709E-005
  4.984949273555893E-005
  4.982638517758889E-005
  4.980312300364679E-005
  4.977970578982035E-005
  4.975615651861025E-005
  4.973250062576258E-005
  4.970876655620440E-005
  4.968498596721938E-005
  4.966119387043548E-005
  4.963742873893544E-005
  4.961373257715529E-005
  4.959015094237560E-005
  4.956673292810245E-005
  4.954353123512889E-005
  4.952060304174835E-005
  4.949800872007408E-005
  4.947581198486620E-005
  4.945407741706990E-005
  4.943286845991879E-005
  4.941224768048400E-005
  4.939228275136203E-005
  4.937396319244687E-005
  4.935671824472787E-005
  4.934032731095691E-005
  4.932484473413898E-005
  4.931031787621060E-005
  4.929678513911910E-005
  4.928427378387232E-005
  4.927279755467206E-005
  4.926235413751875E-005
  4.925292249373079E-005
  4.924446009098882E-005
  4.923687061514046E-005
  4.923007652818311E-005
  4.922395808649500E-005
  4.921835738352944E-005
  4.921313893522789E-005
  4.920805127669890E-005
  4.920287915497430E-005
  4.919721224272555E-005
  4.919082196064365E-005
  4.918352008729015E-005
  4.917507199464907E-005
  4.916524283874628E-005
  4.915386880132185E-005
  4.914086903200644E-005
  4.912626981042399E-005
  4.911021009952878E-005
  4.909292587043054E-005
  4.907469877757439E-005
  4.905579636328122E-005
  4.903642158896514E-005
  4.901673035259072E-005
  4.899681247935485E-005
  4.897672955903332E-005
  4.895648960103340E-005
  4.893613166037694E-005
  4.891563605494135E-005
  4.889502952727030E-005
  4.887429974943066E-005
  4.885346282300239E-005
  4.883250602385951E-005
  4.881144498833210E-005
  4.879027646297389E-005
  4.876901562797604E-005
  4.874763241499502E-005
  4.872614429295915E-005
  4.870455452562792E-005
  4.868286615827131E-005
  4.866106556870343E-005
  4.863916837812009E-005
  4.861716154048543E-005
  4.859505336157530E-005
  4.857283834615935E-005
  4.855052471244080E-005
  4.852811496598702E-005
  4.850557904208332E-005
  4.848297065582402E-005
  4.846021762684810E-005
  4.843739934917647E-005
  4.841445488095757E-005
  4.839140589875880E-005
  4.836825260718235E-005
  4.834500229670411E-005
  4.832163740127860E-005
  4.829818069450992E-005
  4.827461197812549E-005
  4.825091735076655E-005
  4.822713680693730E-005
  4.820324191860755E-005
  4.817924534685970E-005
  4.815513538073043E-005
  4.813091745987142E-005
  4.810658946514941E-005
  4.808217103639254E-005
  4.805761082080601E-005
  4.803295272217540E-005
  4.800820461548401E-005
  4.798331080325788E-005
  4.795833851524110E-005
  4.793321814948589E-005
  4.790801824567663E-005
  4.788267910116096E-005
  4.785724692820182E-005
  4.783167673973494E-005
  4.780600884706014E-005
  4.778021089501005E-005
  4.775431647000773E-005
  4.772828991533864E-005
  4.770219312730236E-005
  4.767590863144824E-005
  4.764954397887109E-005
  4.762305223303336E-005
  4.759646128483421E-005
  4.756971553041842E-005
  4.754285689810732E-005
  4.751590411156253E-005
  4.748879243081039E-005
  4.746157572039772E-005
  4.743423680468776E-005
  4.740679316724334E-005
  4.737918332227028E-005
  4.735147954535717E-005
  4.732362011217716E-005
  4.729566755191521E-005
  4.726758199293618E-005
  4.723935692200061E-005
  4.721100673628565E-005
  4.718252978141739E-005
  4.715391189995950E-005
  4.712517054548198E-005
  4.709631558414122E-005
  4.706731451161462E-005
  4.703816419633434E-005
  4.700891308394617E-005
  4.697951235145122E-005
  4.694997332499095E-005
  4.692029970610234E-005
  4.689047431389238E-005
  4.686055528784920E-005
  4.683046081674943E-005
  4.680023259536769E-005
  4.676987174949084E-005
  4.673936558033273E-005
  4.670871810404459E-005
  4.667796861690336E-005
  4.664700296902698E-005
  4.661592304189238E-005
  4.658470205157561E-005
  4.655333398211516E-005
  4.652182767795783E-005
  4.649014014315008E-005
  4.645832831423954E-005
  4.642639303588808E-005
  4.639428309789828E-005
  4.636202326435268E-005
  4.632965445820411E-005
  4.629704384017100E-005
  4.626432310760587E-005
  4.623145248503326E-005
  4.619842116852899E-005
  4.616528086284823E-005
  4.613187996025762E-005
  4.609841881060027E-005
  4.606470505916269E-005
  4.603087509318383E-005
  4.599687486664850E-005
  4.596270370970508E-005
  4.592848424882606E-005
  4.589394161200937E-005
  4.585929097579570E-005
  4.582445668722727E-005
  4.578946311310339E-005
  4.575428386373469E-005
  4.571901596739083E-005
  4.568357231307912E-005
  4.564787465113561E-005
  4.561200698222772E-005
  4.557602066012265E-005
  4.553962464028031E-005
  4.550331861031112E-005
  4.546676661433481E-005
  4.542987547939411E-005
  4.539247818578231E-005
  4.535530303996206E-005
  4.531787832778553E-005
  4.528045372371124E-005
  4.524275619997992E-005
  4.520488287860500E-005
  4.516682073446033E-005
  4.512854022458243E-005
  4.509013706425879E-005
  4.505150448135831E-005
  4.501267718825096E-005
  4.497366620635722E-005
  4.493441003828941E-005
  4.489515256346796E-005
  4.485543162595788E-005
  4.481572574951452E-005
  4.477571578531974E-005
  4.473539285765520E-005
  4.469491070382518E-005
  4.465433189415622E-005
  4.461347281824404E-005
  4.457245020101827E-005
  4.453137135447394E-005
  4.448994930943015E-005
  4.444813166953857E-005
  4.440610549668453E-005
  4.436399001237100E-005
  4.432155760768298E-005
  4.427892069808007E-005
  4.423607875892912E-005
  4.419296863196844E-005
  4.414967213547013E-005
  4.410614762172905E-005
  4.406234275152174E-005
  4.401833213760837E-005
  4.397411753147837E-005
  4.392959175573131E-005
  4.388490919463528E-005
  4.383998093480220E-005
  4.379477583828781E-005
  4.374940532977937E-005
  4.370369253873784E-005
  4.365783270885591E-005
  4.361170198643556E-005
  4.356537106476164E-005
  4.351878589109664E-005
  4.347201495847797E-005
  4.342500195925645E-005
  4.337778795352507E-005
  4.333038997157622E-005
  4.328286216354374E-005
  4.323511931263688E-005
  4.318724446855270E-005
  4.313923349931761E-005
  4.309118294740207E-005
  4.304314919361300E-005
  4.299520901339994E-005
  4.294737737742452E-005
  4.289989277473115E-005
  4.285281638343133E-005
  4.280644341257801E-005
  4.276107077000409E-005
  4.271692621754391E-005
  4.267459878143576E-005
  4.263476188001322E-005
  4.259820059001979E-005
  4.256624361528353E-005
  4.253753773046030E-005
  4.250922532778042E-005
  4.248142532130483E-005
  4.245412211803363E-005
  4.242742857656389E-005
  4.240082325654390E-005
  4.237473996422397E-005
  4.234920645074478E-005
  4.232417435345882E-005
  4.229974710217354E-005
  4.227565311398588E-005
  4.225196286579056E-005
  4.222888636152800E-005
  4.220577276501796E-005
  4.218356504852201E-005
  4.216130384928832E-005
  4.213980173681494E-005
  4.211913987725464E-005
  4.209856737132233E-005
  4.207919547391526E-005
  4.206025272444231E-005
  4.204160243322151E-005
  4.202391705795159E-005
  4.200661225139672E-005
  4.199033744830817E-005
  4.197454320140188E-005
  4.195943088379014E-005
  4.194511406376996E-005
  4.193133553961077E-005
  4.191828097928345E-005
  4.190589650896286E-005
  4.189412781821104E-005
  4.188313107024188E-005
  4.187270680612152E-005
  4.186307922833337E-005
  4.185404719997038E-005
  4.184578011161101E-005
  4.183819095236326E-005
  4.183133019798952E-005
  4.182518414143966E-005
  4.181973091271334E-005
  4.181505238369348E-005
  4.181105067593358E-005
  4.180779456368472E-005
  4.180527396583107E-005
  4.180350877519166E-005
  4.180237547318660E-005
  4.180201525698241E-005
  4.180235569803674E-005
  4.180341054257276E-005
  4.180518078923924E-005
  4.180764445229851E-005
  4.181078304977134E-005
  4.181431910021920E-005
  4.181846144349820E-005
  4.182323917084609E-005
  4.182866753836921E-005
  4.175414219979481E-005
  4.166047247694116E-005
  4.156634607474625E-005
  4.147173088841539E-005
  4.137659473002179E-005
  4.128090853492034E-005
  4.118464130039001E-005
  4.108776438315961E-005
  4.099024134215074E-005
  4.089205397643119E-005
  4.079315529619664E-005
  4.069350980088654E-005
  4.059307902857586E-005
  4.049182926725125E-005
  4.038971909000385E-005
  4.028671032394970E-005
  4.018276258742816E-005
  4.007783403525800E-005
  3.997188354649942E-005
  3.986485860857691E-005
  3.975671404720230E-005
  3.964741360162343E-005
  3.953690310206760E-005
  3.942514151644996E-005
  3.931207060872397E-005
  3.919763917843178E-005
  3.908179410510898E-005
  3.896448177393965E-005
  3.884564593859243E-005
  3.872522652258212E-005
  3.860316326571380E-005
  3.847939419234434E-005
  3.835385475566308E-005
  3.822647813187980E-005
  3.809719558779883E-005
  3.796593702444139E-005
  3.783261630985409E-005
  3.769717070347452E-005
  3.755951951175031E-005
  3.741958470882291E-005
  3.727728379849373E-005
  3.713252983457545E-005
  3.698523649307463E-005
  3.683530804861629E-005
  3.668265120787567E-005
  3.652716749539179E-005
  3.636874485527499E-005
  3.620728390496245E-005
  3.604267966954724E-005
  3.587481922184316E-005
  3.570358509452553E-005
  3.552885526299205E-005
  3.535050497149438E-005
  3.516840258827642E-005
  3.498241172713093E-005
  3.479238619924732E-005
  3.459818276911167E-005
  3.439965529491002E-005
  3.419664528941277E-005
  3.398898941819511E-005
  3.377651881390749E-005
  3.355905657431433E-005
  3.333641918416821E-005
  3.310840266687946E-005
  3.287479410707342E-005
  3.263541133225394E-005
  3.239003720162609E-005
  3.213845734881621E-005
  3.188043389157160E-005
  3.161573074429774E-005
  3.134409016509674E-005
  3.106525038500226E-005
  3.077893808655633E-005
  3.048486722182063E-005
  3.018273830869408E-005
  2.987224983047526E-005
  2.955307270731970E-005
  2.922487440701028E-005
  2.888729420398487E-005
  2.853997780087859E-005
  2.818253532723057E-005
  2.781457339010419E-005
  2.743568571451173E-005
  2.704542442826878E-005
  2.664335238596386E-005
  2.622900026664024E-005
  2.580186604779765E-005
  2.536147450789339E-005
  2.490732083105065E-005
  2.443876685342897E-005
  2.395534102068586E-005
  2.345643514329873E-005
  2.294144366707001E-005
  2.240959494423692E-005
  2.186043265704067E-005
  2.129273619941890E-005
  2.070653399160807E-005
