  2.864715411585847E-005
  3.225802635322418E-006
  3.937549386411831E-006
  2.427278160260598E-006
  9.337000203760806E-007
  1.200000017881393E-006
  6.882322340517464E-007
  1.200000017881393E-006
  1.200000017881393E-006
  1.200000017881393E-006
  1.200000017881393E-006
  1.200000017881393E-006
  1.200000017881393E-006
  1.200000017881393E-006
  1.200000017881393E-006
  1.200000017881393E-006
  1.200000017881393E-006
  1.200000017881393E-006
  1.200000017881393E-006
  1.200000017881393E-006
  1.200000017881393E-006
  1.200000017881393E-006
  1.200000017881393E-006
  1.200000017881393E-006
  1.200000017881393E-006
  1.200000017881393E-006
  1.200000017881393E-006
  1.200000017881393E-006
  1.200000017881393E-006
  1.200000017881393E-006
  1.200000017881393E-006
  1.200000017881393E-006
  1.200000017881393E-006
  1.200000017881393E-006
  1.200000017881393E-006
  1.200000017881393E-006
  1.200000017881393E-006
  1.200000017881393E-006
  1.200000017881393E-006
  1.200000017881393E-006
  1.200000017881393E-006
  1.200000017881393E-006
  1.200000017881393E-006
  1.200000017881393E-006
  1.200000017881393E-006
  1.200000017881393E-006
  1.200000017881393E-006
  1.200000017881393E-006
  1.200000017881393E-006
  1.200000017881393E-006
  1.200000017881393E-006
  1.200000017881393E-006
  1.200000017881393E-006
  1.200000017881393E-006
  1.200000017881393E-006
  1.200000017881393E-006
  1.200000017881393E-006
  1.200000017881393E-006
  1.200000017881393E-006
  1.200000017881393E-006
  1.200000017881393E-006
  1.200000017881393E-006
  1.200000017881393E-006
  1.200000017881393E-006
  1.200000017881393E-006
  1.200000017881393E-006
  1.200000017881393E-006
  1.200000017881393E-006
  1.200000017881393E-006
  1.200000017881393E-006
  1.200000017881393E-006
  1.200000017881393E-006
  1.200000017881393E-006
  1.200000017881393E-006
  1.200000017881393E-006
  1.200000017881393E-006
  1.200000017881393E-006
  1.200000017881393E-006
  1.200000017881393E-006
  1.200000017881393E-006
  1.200000017881393E-006
  1.200000017881393E-006
  1.200000017881393E-006
  1.200000017881393E-006
  1.200000017881393E-006
  1.200000017881393E-006
  1.200000017881393E-006
  1.200000017881393E-006
  1.200000017881393E-006
  1.200000017881393E-006
  1.200000017881393E-006
  1.200000017881393E-006
  1.200000017881393E-006
  1.200000017881393E-006
  1.200000017881393E-006
  1.200000017881393E-006
  1.200000017881393E-006
  1.200000017881393E-006
  1.200000017881393E-006
  1.200000017881393E-006
  1.200000017881393E-006
  1.200000017881393E-006
  1.200000017881393E-006
  1.200000017881393E-006
  1.200000017881393E-006
  1.200000017881393E-006
  1.200000017881393E-006
  1.200000017881393E-006
  1.200000017881393E-006
  1.200000017881393E-006
  1.200000017881393E-006
  1.200000017881393E-006
  1.200000017881393E-006
  1.200000017881393E-006
  1.200000017881393E-006
  1.200000017881393E-006
  1.200000017881393E-006
  1.200000017881393E-006
  1.200000017881393E-006
  1.200000017881393E-006
  1.200000017881393E-006
  1.200000017881393E-006
  1.200000017881393E-006
  1.200000017881393E-006
  1.200000017881393E-006
  1.200000017881393E-006
  1.200000017881393E-006
  1.200000017881393E-006
  1.200000017881393E-006
  1.200000017881393E-006
  1.200000017881393E-006
  1.200000017881393E-006
  1.200000017881393E-006
  1.200000017881393E-006
  1.200000017881393E-006
  1.200000017881393E-006
  1.200000017881393E-006
  1.200000017881393E-006
  1.200000017881393E-006
  1.200000017881393E-006
  1.200000017881393E-006
  1.200000017881393E-006
  1.200000017881393E-006
  1.200000017881393E-006
  1.200000017881393E-006
  1.200000017881393E-006
  1.200000017881393E-006
  1.200000017881393E-006
  1.200000017881393E-006
  1.200000017881393E-006
  1.200000017881393E-006
  1.200000017881393E-006
  1.200000017881393E-006
  1.200000017881393E-006
  1.200000017881393E-006
  1.200000017881393E-006
  1.200000017881393E-006
  1.200000017881393E-006
  1.200000017881393E-006
  1.200000017881393E-006
  1.200000017881393E-006
  1.200000017881393E-006
  1.200000017881393E-006
  1.200000017881393E-006
  1.200000017881393E-006
  1.200000017881393E-006
  1.200000017881393E-006
  1.200000017881393E-006
  1.200000017881393E-006
  1.200000017881393E-006
  1.200000017881393E-006
  1.200000017881393E-006
  1.200000017881393E-006
  1.200000017881393E-006
  1.200000017881393E-006
  1.200000017881393E-006
  1.200000017881393E-006
  1.200000017881393E-006
  1.200000017881393E-006
  1.200000017881393E-006
  1.200000017881393E-006
  1.200000017881393E-006
  1.200000017881393E-006
  1.200000017881393E-006
  1.200000017881393E-006
  1.200000017881393E-006
  1.200000017881393E-006
  1.200000017881393E-006
  1.200000017881393E-006
  1.200000017881393E-006
  1.200000017881393E-006
  1.200000017881393E-006
  1.200000017881393E-006
  1.200000017881393E-006
  1.200000017881393E-006
  1.200000017881393E-006
  1.200000017881393E-006
  1.200000017881393E-006
  1.200000017881393E-006
  1.200000017881393E-006
  1.200000017881393E-006
  1.200000017881393E-006
  1.200000017881393E-006
  1.200000017881393E-006
  1.200000017881393E-006
  1.200000017881393E-006
  1.200000017881393E-006
  1.200000017881393E-006
  1.200000017881393E-006
  1.200000017881393E-006
  1.200000017881393E-006
  1.200000017881393E-006
  1.200000017881393E-006
  1.200000017881393E-006
  1.200000017881393E-006
  1.200000017881393E-006
  1.200000017881393E-006
  1.200000017881393E-006
  1.200000017881393E-006
  1.200000017881393E-006
  1.200000017881393E-006
  1.200000017881393E-006
  1.200000017881393E-006
  1.200000017881393E-006
  1.200000017881393E-006
  1.200000017881393E-006
  1.200000017881393E-006
  1.200000017881393E-006
  1.200000017881393E-006
  1.200000017881393E-006
  1.200000017881393E-006
  1.200000017881393E-006
  1.200000017881393E-006
  1.200000017881393E-006
  1.200000017881393E-006
  1.200000017881393E-006
  1.200000017881393E-006
  1.200000017881393E-006
  1.200000017881393E-006
  1.200000017881393E-006
  1.200000017881393E-006
  1.200000017881393E-006
  1.200000017881393E-006
  1.200000017881393E-006
  1.200000017881393E-006
  1.200000017881393E-006
  1.200000017881393E-006
  1.200000017881393E-006
  1.200000017881393E-006
  1.200000017881393E-006
  1.200000017881393E-006
  1.200000017881393E-006
  1.200000017881393E-006
  1.200000017881393E-006
  1.200000017881393E-006
  1.200000017881393E-006
  1.200000017881393E-006
  1.200000017881393E-006
  1.200000017881393E-006
  1.200000017881393E-006
  1.200000017881393E-006
  1.200000017881393E-006
  1.200000017881393E-006
  1.200000017881393E-006
  1.200000017881393E-006
  1.200000017881393E-006
  1.200000017881393E-006
  1.200000017881393E-006
  1.200000017881393E-006
  1.200000017881393E-006
  1.200000017881393E-006
  1.200000017881393E-006
  1.200000017881393E-006
  1.200000017881393E-006
  1.200000017881393E-006
  1.200000017881393E-006
  1.200000017881393E-006
  1.200000017881393E-006
  1.200000017881393E-006
  1.200000017881393E-006
  1.200000017881393E-006
  1.200000017881393E-006
  1.200000017881393E-006
  1.200000017881393E-006
  1.200000017881393E-006
  1.200000017881393E-006
  1.200000017881393E-006
  1.200000017881393E-006
  1.200000017881393E-006
  1.200000017881393E-006
  1.200000017881393E-006
  1.200000017881393E-006
  1.200000017881393E-006
  1.200000017881393E-006
  1.200000017881393E-006
  1.200000017881393E-006
  1.200000017881393E-006
  1.200000017881393E-006
  1.200000017881393E-006
  1.200000017881393E-006
  1.200000017881393E-006
  1.200000017881393E-006
  1.200000017881393E-006
  1.200000017881393E-006
  1.200000017881393E-006
  1.200000017881393E-006
  1.200000017881393E-006
  1.200000017881393E-006
  1.200000017881393E-006
  1.200000017881393E-006
  1.200000017881393E-006
  1.200000017881393E-006
  1.200000017881393E-006
  1.200000017881393E-006
  1.200000017881393E-006
  1.200000017881393E-006
  1.200000017881393E-006
  1.200000017881393E-006
  1.200000017881393E-006
  1.200000017881393E-006
  1.200000017881393E-006
  1.200000017881393E-006
  1.200000017881393E-006
  1.200000017881393E-006
  1.200000017881393E-006
  1.200000017881393E-006
  1.200000017881393E-006
  1.200000017881393E-006
  1.200000017881393E-006
  1.200000017881393E-006
  1.200000017881393E-006
  1.200000017881393E-006
  1.200000017881393E-006
  1.200000017881393E-006
  1.200000017881393E-006
  1.200000017881393E-006
  1.200000017881393E-006
  1.200000017881393E-006
  1.200000017881393E-006
  1.200000017881393E-006
  1.200000017881393E-006
  1.200000017881393E-006
  1.200000017881393E-006
  1.200000017881393E-006
  1.200000017881393E-006
  1.200000017881393E-006
  1.200000017881393E-006
  1.200000017881393E-006
  1.200000017881393E-006
  1.200000017881393E-006
  1.200000017881393E-006
  1.200000017881393E-006
  1.200000017881393E-006
  1.200000017881393E-006
  1.200000017881393E-006
  1.200000017881393E-006
  1.200000017881393E-006
  1.200000017881393E-006
  1.200000017881393E-006
  1.200000017881393E-006
  1.200000017881393E-006
  1.200000017881393E-006
  1.200000017881393E-006
  1.200000017881393E-006
  1.200000017881393E-006
  1.200000017881393E-006
  1.200000017881393E-006
  1.200000017881393E-006
  1.200000017881393E-006
  1.200000017881393E-006
  1.200000017881393E-006
  1.200000017881393E-006
  1.200000017881393E-006
  1.200000017881393E-006
  1.200000017881393E-006
  1.200000017881393E-006
  1.200000017881393E-006
  1.200000017881393E-006
  1.200000017881393E-006
  1.200000017881393E-006
  1.200000017881393E-006
  1.200000017881393E-006
  1.200000017881393E-006
  1.200000017881393E-006
  1.200000017881393E-006
  1.200000017881393E-006
  1.200000017881393E-006
  1.200000017881393E-006
  1.200000017881393E-006
  1.200000017881393E-006
  1.200000017881393E-006
  1.200000017881393E-006
  1.200000017881393E-006
  1.200000017881393E-006
  1.200000017881393E-006
  1.200000017881393E-006
  1.200000017881393E-006
  1.200000017881393E-006
  1.200000017881393E-006
  1.200000017881393E-006
  1.200000017881393E-006
  1.200000017881393E-006
  1.200000017881393E-006
  1.200000017881393E-006
  1.200000017881393E-006
  1.200000017881393E-006
  1.200000017881393E-006
  1.200000017881393E-006
  1.200000017881393E-006
  1.200000017881393E-006
  1.200000017881393E-006
  1.200000017881393E-006
  1.200000017881393E-006
  1.200000017881393E-006
  1.200000017881393E-006
  1.200000017881393E-006
  1.200000017881393E-006
  1.200000017881393E-006
  1.200000017881393E-006
  1.200000017881393E-006
  1.200000017881393E-006
  1.200000017881393E-006
  1.200000017881393E-006
  1.200000017881393E-006
  1.200000017881393E-006
  1.200000017881393E-006
  1.200000017881393E-006
  1.200000017881393E-006
  1.200000017881393E-006
  1.200000017881393E-006
  1.200000017881393E-006
  1.200000017881393E-006
  1.200000017881393E-006
  1.200000017881393E-006
  1.200000017881393E-006
  1.200000017881393E-006
  1.200000017881393E-006
  1.200000017881393E-006
  1.200000017881393E-006
  1.200000017881393E-006
  1.200000017881393E-006
  1.200000017881393E-006
  1.200000017881393E-006
  1.200000017881393E-006
  1.200000017881393E-006
  1.200000017881393E-006
  1.200000017881393E-006
  1.200000017881393E-006
  1.200000017881393E-006
  1.200000017881393E-006
  1.200000017881393E-006
  1.200000017881393E-006
  1.200000017881393E-006
  1.200000017881393E-006
  1.200000017881393E-006
  1.200000017881393E-006
  1.200000017881393E-006
  1.200000017881393E-006
  1.200000017881393E-006
  1.200000017881393E-006
  1.200000017881393E-006
  1.200000017881393E-006
  1.200000017881393E-006
  1.200000017881393E-006
  1.200000017881393E-006
  1.200000017881393E-006
  1.200000017881393E-006
  1.200000017881393E-006
  1.200000017881393E-006
  1.200000017881393E-006
  1.200000017881393E-006
  1.200000017881393E-006
  1.200000017881393E-006
  1.200000017881393E-006
  1.200000017881393E-006
  1.200000017881393E-006
  1.200000017881393E-006
  1.200000017881393E-006
  1.200000017881393E-006
  1.200000017881393E-006
  1.200000017881393E-006
  1.200000017881393E-006
  1.200000017881393E-006
  1.200000017881393E-006
  1.200000017881393E-006
  1.200000017881393E-006
  1.200000017881393E-006
  1.200000017881393E-006
  1.200000017881393E-006
  1.200000017881393E-006
  1.200000017881393E-006
  1.200000017881393E-006
  1.200000017881393E-006
  1.200000017881393E-006
  1.200000017881393E-006
  1.200000017881393E-006
  1.200000017881393E-006
  1.200000017881393E-006
  1.200000017881393E-006
  1.200000017881393E-006
  1.200000017881393E-006
  1.200000017881393E-006
  1.200000017881393E-006
  1.200000017881393E-006
  1.200000017881393E-006
  1.200000017881393E-006
  1.200000017881393E-006
  1.200000017881393E-006
  1.200000017881393E-006
  1.200000017881393E-006
  1.200000017881393E-006
  1.200000017881393E-006
  1.200000017881393E-006
  1.200000017881393E-006
  1.200000017881393E-006
  1.200000017881393E-006
  1.200000017881393E-006
  1.200000017881393E-006
  1.200000017881393E-006
  1.200000017881393E-006
  1.200000017881393E-006
  1.200000017881393E-006
  1.200000017881393E-006
  1.200000017881393E-006
  1.200000017881393E-006
  1.200000017881393E-006
  1.200000017881393E-006
  1.200000017881393E-006
  1.200000017881393E-006
  1.200000017881393E-006
  1.200000017881393E-006
  1.200000017881393E-006
  1.200000017881393E-006
  1.200000017881393E-006
  1.200000017881393E-006
  1.200000017881393E-006
  1.200000017881393E-006
  1.200000017881393E-006
  1.200000017881393E-006
  1.200000017881393E-006
  1.200000017881393E-006
  1.200000017881393E-006
  1.200000017881393E-006
  1.200000017881393E-006
  1.200000017881393E-006
  1.200000017881393E-006
  1.200000017881393E-006
  1.200000017881393E-006
  1.200000017881393E-006
  1.200000017881393E-006
  1.200000017881393E-006
  1.200000017881393E-006
  1.200000017881393E-006
  1.200000017881393E-006
  1.200000017881393E-006
  1.200000017881393E-006
  1.200000017881393E-006
  1.200000017881393E-006
  1.200000017881393E-006
  1.200000017881393E-006
  1.200000017881393E-006
  1.200000017881393E-006
  1.200000017881393E-006
  1.200000017881393E-006
  1.200000017881393E-006
  1.200000017881393E-006
  1.200000017881393E-006
  1.200000017881393E-006
  1.200000017881393E-006
  1.200000017881393E-006
  1.200000017881393E-006
  1.200000017881393E-006
  1.200000017881393E-006
  1.200000017881393E-006
  1.200000017881393E-006
  1.200000017881393E-006
  5.522617796439137E-008
  2.330025664882073E-007
  4.108910457942579E-007
  5.888954734915836E-007
  7.670098301643429E-007
  9.452272396814144E-007
  1.123540266790604E-006
  1.301942046734331E-006
  1.480425115434434E-006
  1.658982162834809E-006
  1.837606011590089E-006
  2.016289636016164E-006
  2.195025309968268E-006
  2.373806140592041E-006
  2.552624879977379E-006
  2.731474610541933E-006
  2.910347647208378E-006
  3.089237575344523E-006
  3.268136256747712E-006
  3.447037907273765E-006
  3.625934993567214E-006
  3.804819307123325E-006
  3.983684729948230E-006
  4.162525165094436E-006
  4.341332252050567E-006
  4.520099861827303E-006
  4.698820913520856E-006
  4.877488494720500E-006
  5.056095918240606E-006
  5.234635572224005E-006
  5.413101930982028E-006
  5.591487314092021E-006
  5.769785966657805E-006
  5.947990532121194E-006
  6.126093707415891E-006
  6.304090243031222E-006
  6.481973378851575E-006
  6.659736303165597E-006
  6.837371550743323E-006
  7.014874230218820E-006
  7.192237746182777E-006
  7.369455769769263E-006
  7.546520375984732E-006
  7.723427692669910E-006
  7.900170467970618E-006
  8.076742021081568E-006
  8.253137169159076E-006
  8.429350012531454E-006
  8.605372734510333E-006
  8.781201285871739E-006
  8.956829524949531E-006
  9.132250230136230E-006
  9.307459436339527E-006
  9.482450461029262E-006
  9.657217371701987E-006
  9.831755501504579E-006
  1.000605779994927E-005
  1.018012036906652E-005
  1.035393633260714E-005
  1.052750107544785E-005
  1.070080905318404E-005
  1.087385507262137E-005
  1.104663410795800E-005
  1.121913966146132E-005
  1.139136878267575E-005
  1.156331403170776E-005
  1.173497264965504E-005
  1.190633742090302E-005
  1.207740564917483E-005
  1.224817020106074E-005
  1.241862832948006E-005
  1.258877454241383E-005
  1.275860444557644E-005
  1.292811310389829E-005
  1.309729575825621E-005
  1.326614862824733E-005
  1.343466623570475E-005
  1.360284616650626E-005
  1.377068131058683E-005
  1.393816999017420E-005
  1.410530731617273E-005
  1.427208792221065E-005
  1.443850911906219E-005
  1.460456722136496E-005
  1.477025725022353E-005
  1.493557558057456E-005
  1.510051886242343E-005
  1.526508331376371E-005
  1.542926496496238E-005
  1.559305991788645E-005
  1.575646555704981E-005
  1.591947743654036E-005
  1.608209322783206E-005
  1.624430833933282E-005
  1.640611940088762E-005
  1.656752510131068E-005
  1.672852083729064E-005
  1.688910272411922E-005
  1.704926872192792E-005
  1.720901556854961E-005
  1.736834182712588E-005
  1.752724249778959E-005
  1.768571567489014E-005
  1.784375768726159E-005
  1.800136789748209E-005
  1.815854127446216E-005
  1.831527745016088E-005
  1.847157177031047E-005
  1.862742236055893E-005
  1.878282914641698E-005
  1.893778630826594E-005
  1.909229382345688E-005
  1.924634938982718E-005
  1.939994914604550E-005
  1.955309270441441E-005
  1.970577769110243E-005
  1.985800067515221E-005
  2.000976041778547E-005
  2.016105760895470E-005
  2.031188688691263E-005
  2.046224750192445E-005
  2.061213738830103E-005
  2.076155768382280E-005
  2.091050383858333E-005
  2.105897391516460E-005
  2.120696723762367E-005
  2.135448312280301E-005
  2.150152054217792E-005
  2.164807688233624E-005
  2.179415099370087E-005
  2.193974112087728E-005
  2.208484634193216E-005
  2.222946606787985E-005
  2.237359963289816E-005
  2.251724507031691E-005
  2.266040106906599E-005
  2.280306774959122E-005
  2.294524350327552E-005
  2.308692693800966E-005
  2.322811725256768E-005
  2.336881412238291E-005
  2.350901702660002E-005
  2.364872510113029E-005
  2.378793743654221E-005
  2.392665358443056E-005
  2.406487319888101E-005
  2.420259504468924E-005
  2.433981926226469E-005
  2.447654476555687E-005
  2.461277227716014E-005
  2.474850046552988E-005
  2.488372961751542E-005
  2.501845888938235E-005
  2.515268801387277E-005
  2.528641630973875E-005
  2.541964446095698E-005
  2.555237260193193E-005
  2.568459949592142E-005
  2.581632657917707E-005
  2.594755295069007E-005
  2.607827782649249E-005
  2.620850074752910E-005
  2.633822462043441E-005
  2.646744768013667E-005
  2.659616971276732E-005
  2.672439214576918E-005
  2.685211448366058E-005
  2.697933735243810E-005
  2.710605900515070E-005
  2.723228229986611E-005
  2.735800653113275E-005
  2.748323212281354E-005
  2.760796042500950E-005
  2.773218988929970E-005
  2.785592173430279E-005
  2.797915669489553E-005
  2.810189513862456E-005
  2.822413817446523E-005
  2.834588624466813E-005
  2.846713801286096E-005
  2.858789615204748E-005
  2.870816096937503E-005
  2.882793310595461E-005
  2.894721172621798E-005
  2.906599893400463E-005
  2.918429678862205E-005
  2.930210269490421E-005
  2.941941978173797E-005
  2.953624816192290E-005
  2.965258980540674E-005
  2.976844329460144E-005
  2.988381078818580E-005
  2.999869341795054E-005
  3.011309203190358E-005
  3.022700592090384E-005
  3.034043831131505E-005
  3.045338956415517E-005
  3.056585906167974E-005
  3.067784883769151E-005
  3.078936159752499E-005
  3.090039458662068E-005
  3.101095239944567E-005
  3.112103456654658E-005
  3.123064154170723E-005
  3.133977547656537E-005
  3.144843816590766E-005
  3.155662807021617E-005
  3.166434846170490E-005
  3.177160099545499E-005
  3.187838416991415E-005
  3.198470173552860E-005
  3.209055426945454E-005
  3.219594131778843E-005
  3.230086678047450E-005
  3.240532971426399E-005
  3.250933209163408E-005
  3.261287615267705E-005
  3.271596094256063E-005
  3.281858977215583E-005
  3.292076276403444E-005
  3.302248181383741E-005
  3.312374814218140E-005
  3.322456212124062E-005
  3.332492718859579E-005
  3.342484213862984E-005
  3.352430978325605E-005
  3.362333196705561E-005
  3.372190819430045E-005
  3.382004189070434E-005
  3.391773240249228E-005
  3.401498334275067E-005
  3.411179434432495E-005
  3.420816710952755E-005
  3.430410396001520E-005
  3.439960507702314E-005
  3.449467351452783E-005
  3.458930799003401E-005
  3.468351275586547E-005
  3.477728752416948E-005
  3.487063492073232E-005
  3.496355555378953E-005
  3.505605050253793E-005
  3.514812244917733E-005
  3.523977151013024E-005
  3.533100107381053E-005
  3.542181011096252E-005
  3.551220259686238E-005
  3.560217724837011E-005
  3.569173820136656E-005
  3.578088496557347E-005
  3.586962061439376E-005
  3.595794532344400E-005
  3.604586170300394E-005
  3.613337060695122E-005
  3.622047356111854E-005
  3.630717161476328E-005
  3.639346708073532E-005
  3.647936116618007E-005
  3.656485535577552E-005
  3.664995164626366E-005
  3.673465038760109E-005
  3.681895446991783E-005
  3.690286407118498E-005
  3.698638198273968E-005
  3.706950848309190E-005
  3.715224634402650E-005
  3.723459569182485E-005
  3.731655964207663E-005
  3.739813794228699E-005
  3.747933382514510E-005
  3.756014726270062E-005
  3.764058160438335E-005
  3.772063604488291E-005
  3.780031422515806E-005
  3.787961597317823E-005
  3.795854445918748E-005
  3.803709935770257E-005
  3.811528417448032E-005
  3.819309860836932E-005
  3.827054577831224E-005
  3.834762547413018E-005
  3.842434108904337E-005
  3.850069227781353E-005
  3.857668207032310E-005
  3.865231091227456E-005
  3.872758128278637E-005
  3.880249364447392E-005
  3.887704982602586E-005
  3.895125129692672E-005
  3.902510023301737E-005
  3.909859721564156E-005
  3.917174465952109E-005
  3.924454339199493E-005
  3.931699535159828E-005
  3.938910159599671E-005
  3.946086331048819E-005
  3.953228226141510E-005
  3.960336025827014E-005
  3.967409885033893E-005
  3.974449901280157E-005
  3.981456291476853E-005
  3.988429083071315E-005
  3.995368514910711E-005
  4.002274697854634E-005
  4.009147839587568E-005
  4.015988012654199E-005
  4.022795385528482E-005
  4.029570044609754E-005
  4.036312257668382E-005
  4.043022067203851E-005
  4.049699748920007E-005
  4.056345213439269E-005
  4.062958834271680E-005
  4.069540589957628E-005
  4.076090832364431E-005
  4.082609369457898E-005
  4.089096639350721E-005
  4.095552641736473E-005
  4.101977639829248E-005
  4.108371547583480E-005
  4.114734749316881E-005
  4.121067273138283E-005
  4.127369231861354E-005
  4.133640785872338E-005
  4.139882127793650E-005
  4.146093334403442E-005
  4.152274550836365E-005
  4.158425956177476E-005
  4.164547642334677E-005
  4.170639692191463E-005
  4.176702393485178E-005
  4.182735764913044E-005
  4.188739903400202E-005
  4.194715110141080E-005
  4.200661338459608E-005
  4.206578807132499E-005
  4.212467749470673E-005
  4.218328019330610E-005
  4.224160005712652E-005
  4.229963768403320E-005
  4.235739349354806E-005
  4.241487087795639E-005
  4.247206797083597E-005
  4.252898929163008E-005
  4.258563413370460E-005
  4.264200445002256E-005
  4.269810182282360E-005
  4.275392618374902E-005
  4.280948118423980E-005
  4.286476499499105E-005
  4.291978185965142E-005
  4.297453083170967E-005
  4.302901502451562E-005
  4.308323385949450E-005
  4.313718985866017E-005
  4.319088340081790E-005
  4.324431643374304E-005
  4.329748974757372E-005
  4.335040499999658E-005
  4.340306282909467E-005
  4.345546500135793E-005
  4.350761181235243E-005
  4.355950590351817E-005
  4.361114663694059E-005
  4.366253774671725E-005
  4.371367694642489E-005
  4.376456992932153E-005
  4.381521261071192E-005
  4.386561085865108E-005
  4.391576240117362E-005
  4.396567057835625E-005
  4.401533622749361E-005
  4.406475890803752E-005
  4.411394267521832E-005
  4.416288484628008E-005
  4.421158974454358E-005
  4.426005819214319E-005
  4.430828853851396E-005
  4.435628636232060E-005
  4.440404804586243E-005
  4.445157789210460E-005
  4.449887765227195E-005
  4.454594359513599E-005
  4.459278181634197E-005
  4.463939348194590E-005
  4.468577382371237E-005
  4.473193032440391E-005
  4.477786351630530E-005
  4.482356853175102E-005
  4.486905258414793E-005
  4.491431614777515E-005
  4.495935712450854E-005
  4.500417718000307E-005
  4.504878092693716E-005
  4.509316874403042E-005
  4.513733387686706E-005
  4.518128578158602E-005
  4.522502485336378E-005
  4.526855198228081E-005
  4.531186003660801E-005
  4.535495937498790E-005
  4.539784983418507E-005
  4.544053270466257E-005
  4.548300339367617E-005
  4.552526436538088E-005
  4.556732066886179E-005
  4.560917356642966E-005
  4.565082308843274E-005
  4.569227011062956E-005
  4.573350709487076E-005
  4.577454212432399E-005
  4.581537951609317E-005
  4.585601815722577E-005
  4.589646006500994E-005
  4.593670473656186E-005
  4.597675276906771E-005
  4.601660648296978E-005
  4.605626503340319E-005
  4.609573097168632E-005
  4.613499014120620E-005
  4.617405530525421E-005
  4.621293563990056E-005
  4.625162298237049E-005
  4.629009201109160E-005
  4.633629537285479E-005
  4.636650280052915E-005
  4.640451799642848E-005
  4.644226873544084E-005
  4.647984262645147E-005
  4.651722820445174E-005
  4.655443706907874E-005
  4.659146013460110E-005
  4.662830242532629E-005
  4.666496300980860E-005
  4.670144572185591E-005
  4.673774934997311E-005
  4.677387386888185E-005
  4.680982210201801E-005
  4.684559293740799E-005
  4.688118877116552E-005
  4.691660983700901E-005
  4.695185630055851E-005
  4.698693007120033E-005
  4.702183073258686E-005
  4.705656006906114E-005
  4.709111860098003E-005
  4.712550652605578E-005
  4.715972559783483E-005
  4.719376661939114E-005
  4.722764105742439E-005
  4.726135043227512E-005
  4.729489368682609E-005
  4.732827269787612E-005
  4.736148713812592E-005
  4.739453774180338E-005
  4.742742576555182E-005
  4.746015076318610E-005
  4.749271417895810E-005
  4.752511660270551E-005
  4.755735823123097E-005
  4.758944079348448E-005
  4.762136403343353E-005
  4.765312904052475E-005
  4.768473668672313E-005
  4.771618718158103E-005
  4.774748168425299E-005
  4.777862107801091E-005
  4.780960474263837E-005
  4.784043483859202E-005
  4.787111153945279E-005
  4.790163512443494E-005
  4.793200682293317E-005
  4.796222712766978E-005
  4.799229647041269E-005
  4.802221585572595E-005
  4.805198576438426E-005
  4.808160677037739E-005
  4.811107978941565E-005
  4.814040500612511E-005
  4.816958327799983E-005
  4.819861554378025E-005
  4.822750188518220E-005
  4.825624334782089E-005
  4.828484061663717E-005
  4.831329375801368E-005
  4.834160379275159E-005
  4.836977164862713E-005
  4.839779709017141E-005
  4.842568121137405E-005
  4.845342469246114E-005
  4.848102792135778E-005
  4.850849156761061E-005
  4.853581635384508E-005
  4.856300264783046E-005
  4.859005088582201E-005
  4.861696225852512E-005
  4.864373680738248E-005
  4.867037502656764E-005
  4.869687777015944E-005
  4.872324581074620E-005
  4.874947867925571E-005
  4.877557804315598E-005
  4.880154452738353E-005
  4.882737737041241E-005
  4.885307817832711E-005
  4.887864763307849E-005
  4.890408543534434E-005
  4.892939240510325E-005
  4.895456965113484E-005
  4.897961721520499E-005
  4.900453504475382E-005
  4.902932474641000E-005
  4.905398679708859E-005
  4.907852011952765E-005
  4.910292680630175E-005
  4.912720727934219E-005
  4.915136114655787E-005
  4.917538906066381E-005
  4.919929192997973E-005
  4.922306958936185E-005
  4.924672167985540E-005
  4.927024910962553E-005
  4.929365192070681E-005
  4.931692963329370E-005
  4.934008157331033E-005
  4.936310843725121E-005
  4.938600967583826E-005
  4.940878423799656E-005
  4.943143194520531E-005
  4.945395206799638E-005
  4.947634393842489E-005
  4.949860582941130E-005
  4.952073677034267E-005
  4.954273588451545E-005
  4.956460186206329E-005
  4.958633240352701E-005
  4.960792567499286E-005
  4.962938079894302E-005
  4.965069569079519E-005
  4.967186785799085E-005
  4.969289418432481E-005
  4.971377365481252E-005
  4.973450362823610E-005
  4.975508138421154E-005
  4.977550334244828E-005
  4.979576699514351E-005
  4.981587030078058E-005
  4.983581027274358E-005
  4.985558399912404E-005
  4.987518827073973E-005
  4.989461957210967E-005
  4.991387574748935E-005
  4.993295448392530E-005
  4.995185249384992E-005
  4.997056708815008E-005
  4.998909504409328E-005
  5.000743394092060E-005
  5.002558087608971E-005
  5.004353326688773E-005
  5.006128848222383E-005
  5.007884387329366E-005
  5.009619696641079E-005
  5.011334491177854E-005
  5.013028492445113E-005
  5.014701495084431E-005
  5.016353215611170E-005
  5.017983447292375E-005
  5.019592032229697E-005
  5.021178735566025E-005
  5.022743315432051E-005
  5.024285568635381E-005
  5.025805327461999E-005
  5.027302461186746E-005
  5.028776798663087E-005
  5.030228187860484E-005
  5.031656598588508E-005
  5.033061889226996E-005
  5.034443929801687E-005
  5.035802650673877E-005
  5.037138076406852E-005
  5.038450217825730E-005
  5.039738992764218E-005
  5.041004493918124E-005
  5.042246857721822E-005
  5.043466100645305E-005
  5.044662463469950E-005
  5.045836086729133E-005
  5.046987234589523E-005
  5.048116212476044E-005
  5.049223333874936E-005
  5.050309050228331E-005
  5.051373796055454E-005
  5.052418128685845E-005
  5.053442646810581E-005
  5.054448005097375E-005
  5.055435027186031E-005
  5.056404487687991E-005
  5.057357336392244E-005
  5.058294610370880E-005
  5.059217385278578E-005
  5.060126865608329E-005
  5.061024405336804E-005
  5.061911333277170E-005
  5.062789138622617E-005
  5.063659395644556E-005
  5.064523780854834E-005
  5.065383979323404E-005
  5.066241811143980E-005
  5.067099141478225E-005
  5.067957847128358E-005
  5.068819822145954E-005
  5.069687004981662E-005
  5.070561275697881E-005
  5.071444485390572E-005
  5.072338394547119E-005
  5.073244651564819E-005
  5.074164760994548E-005
  5.075100061138604E-005
  5.076051614198391E-005
  5.077020299769940E-005
  5.078006646887253E-005
  5.079010851627148E-005
  5.080032837553384E-005
  5.081072073305142E-005
  5.082127692943825E-005
  5.083198583076083E-005
  5.084283172841601E-005
  5.085379715375174E-005
  5.086486267730902E-005
  5.087600796794048E-005
  5.088721246525942E-005
  5.089845683419843E-005
  5.090972203395334E-005
  5.092099113986370E-005
  5.093224939368862E-005
  5.094348422751455E-005
  5.095468507614660E-005
  5.096584360178059E-005
  5.097695305587693E-005
  5.098800802984258E-005
  5.099900435799665E-005
  5.100993879239511E-005
  5.102080916629110E-005
  5.103161351999844E-005
  5.104235076497157E-005
  5.105301980772061E-005
  5.106362009076134E-005
  5.107415114144849E-005
  5.108461260805300E-005
  5.109500442554877E-005
  5.110532633809403E-005
  5.111557842113089E-005
  5.112576060086146E-005
  5.113587297759364E-005
  5.114591568256168E-005
  5.115588884443557E-005
  5.116579250681837E-005
  5.117562674663718E-005
  5.118539168316029E-005
  5.119508756556099E-005
  5.120471453697400E-005
  5.121427274847859E-005
  5.122376233407383E-005
  5.123318350982781E-005
  5.124253639382794E-005
  5.125182116852290E-005
  5.126103806454340E-005
  5.127018722899109E-005
  5.127926884886470E-005
  5.128828309527679E-005
  5.129723018463934E-005
  5.130611030723049E-005
  5.131492367912030E-005
  5.132367046634819E-005
  5.133235084840190E-005
  5.134096506370312E-005
  5.134951337652875E-005
  5.135799581713504E-005
  5.136641266690855E-005
  5.137476424849682E-005
  5.138305063762665E-005
  5.139127206107705E-005
  5.139942884458273E-005
  5.140752100696923E-005
  5.141554889160065E-005
  5.142351263467376E-005
  5.143141255038993E-005
  5.143924871831872E-005
  5.144702138176949E-005
  5.145473081999457E-005
  5.146237722366489E-005
  5.146996084008526E-005
  5.147748182566970E-005
  5.148494043814164E-005
  5.149233683208921E-005
  5.149967132476133E-005
  5.150694406130880E-005
  5.151415525941598E-005
  5.152130511566225E-005
  5.152839391994920E-005
  5.153542182674130E-005
  5.154238908970148E-005
  5.154929595598555E-005
  5.155614257831302E-005
  5.156292923333678E-005
  5.156965608386873E-005
  5.157632340489554E-005
  5.158293136784762E-005
  5.158948022177473E-005
  5.159597015998540E-005
  5.160240145764828E-005
  5.160877429568890E-005
  5.161508884821485E-005
  5.162134545618545E-005
  5.162754420678165E-005
  5.163368541485139E-005
  5.163976907658320E-005
  5.164579575543576E-005
  5.165176543325595E-005
  5.165767843853977E-005
  5.166353506257556E-005
  5.166933540968601E-005
  5.167507965633946E-005
  5.168076818126248E-005
  5.168640105844777E-005
  5.169197860534567E-005
  5.169750095431320E-005
  5.170296840362745E-005
  5.170838112053761E-005
  5.171373933767441E-005
  5.171904330489457E-005
  5.172429318617478E-005
  5.172948923113873E-005
  5.173463143118209E-005
  5.173972031699073E-005
  5.174475617169889E-005
  5.174973898501093E-005
  5.175466906514193E-005
  5.175954649509571E-005
  5.176437156407354E-005
  5.176914451838227E-005
  5.177386566094434E-005
  5.177853503942893E-005
  5.178315246825483E-005
  5.178771870964942E-005
  5.179223402309980E-005
  5.179669852889511E-005
  5.180111249713384E-005
  5.180547601036494E-005
  5.180978935733667E-005
  5.181405272118553E-005
  5.181826627151945E-005
  5.182243020912897E-005
  5.182654470622122E-005
  5.183061006246274E-005
  5.183462642272204E-005
  5.183859394110506E-005
  5.184251286763089E-005
  5.184638341805851E-005
  5.185020564936836E-005
  5.185397985494538E-005
  5.185770622482328E-005
  5.186138486994572E-005
  5.186501600483424E-005
  5.186859985774151E-005
  5.187213652189018E-005
  5.187562620717650E-005
  5.187906896053571E-005
  5.188246505191838E-005
  5.188581475641752E-005
  5.188911809334855E-005
  5.189237519699197E-005
  5.189558626842041E-005
  5.189875143880130E-005
  5.190187084784553E-005
  5.190494434244871E-005
  5.190797208432458E-005
  5.191095438748486E-005
  5.191389137449125E-005
  5.191678317965788E-005
  5.191962984177036E-005
  5.192243136308468E-005
  5.192518786182831E-005
  5.192789933802105E-005
  5.193056590420835E-005
  5.193318743153652E-005
  5.193576392617493E-005
  5.193829549829732E-005
  5.194078203490581E-005
  5.194322362455308E-005
  5.194562008882979E-005
  5.194797114193632E-005
  5.195027683820820E-005
  5.195253721005340E-005
  5.195475212838115E-005
  5.195692138834727E-005
  5.195904478302606E-005
  5.196112207521846E-005
  5.196315302899256E-005
  5.196513738902012E-005
  5.196707485989607E-005
  5.196896512052222E-005
  5.197080748349784E-005
  5.197260188947415E-005
  5.197434795009945E-005
  5.197604517814897E-005
  5.197769303075214E-005
  5.197929088635691E-005
  5.198083829455445E-005
  5.198233453173261E-005
  5.198377875350644E-005
  5.198517049486300E-005
  5.198650902194267E-005
  5.198779343461021E-005
  5.198902290715239E-005
  5.199019654277923E-005
  5.199131325462136E-005
  5.199237213275609E-005
  5.199337223475086E-005
  5.199431235543631E-005
  5.199519141772417E-005
  5.199600819682882E-005
  5.199676130837141E-005
  5.199744967975226E-005
  5.199807182608261E-005
  5.199862645097816E-005
  5.199911210414415E-005
  5.199952726404369E-005
  5.199987049987260E-005
  5.200014026287707E-005
  5.200033499365592E-005
  5.200045310270112E-005
  5.200049296362678E-005
  5.200045296684720E-005
  5.200033148769028E-005
  5.200012692108253E-005
  5.199983758842021E-005
  5.199946188456306E-005
  5.199899825901014E-005
  5.199844515254204E-005
  5.199780105253406E-005
  5.199706448461339E-005
  5.199623422882166E-005
  5.199530893391155E-005
  5.199428741373661E-005
  5.199316856965805E-005
  5.199195146038141E-005
  5.199063498439854E-005
  5.198921835440550E-005
  5.198770126463397E-005
  5.198608326237289E-005
  5.198436398102143E-005
  5.198254351952587E-005
  5.198062225022422E-005
  5.197860020337662E-005
  5.197647801001149E-005
  5.197425713763645E-005
  5.197193832325665E-005
  5.196952309810169E-005
  5.196701374719235E-005
  5.196441250941932E-005
  5.196172167937433E-005
  5.195894430016442E-005
  5.195608420551755E-005
  5.195314448279541E-005
  5.195012940586852E-005
  5.194704368874389E-005
  5.194389287171321E-005
  5.194068131942949E-005
  5.193741481797091E-005
  5.193409991780059E-005
  5.193074337453853E-005
  5.192735332676584E-005
  5.192393660687456E-005
  5.192050156458959E-005
  5.191705697566777E-005
  5.191361211172821E-005
  5.191017617841251E-005
  5.190675929262342E-005
  5.190337273910746E-005
  5.190002604839745E-005
  5.189672997317933E-005
  5.189349591263648E-005
  5.189033506010830E-005
  5.188725875567680E-005
  5.188427873112159E-005
  5.188140630720890E-005
  5.187865216768506E-005
  5.187602795354726E-005
  5.187354515175343E-005
  5.187121376788532E-005
  5.186904438142224E-005
  5.186704666707661E-005
  5.186522831088956E-005
  5.186359763983121E-005
  5.186216217491756E-005
  5.186092750957773E-005
  5.185989715129924E-005
  5.185907577357549E-005
  5.185846425230610E-005
  5.185806228284388E-005
  5.185786844821444E-005
  5.185787831498844E-005
  5.185808671068460E-005
  5.185848513479980E-005
  5.185906362292689E-005
  5.185981007399760E-005
  5.186070869622320E-005
  5.186174391633202E-005
  5.186289597800249E-005
  5.186414381254208E-005
  5.186546460045622E-005
  5.186683339173845E-005
  5.186822389964612E-005
  5.186960917585960E-005
  5.187096042749279E-005
  5.187224910724852E-005
  5.187344717747729E-005
  5.187452562495610E-005
  5.187545739690119E-005
  5.187621723465967E-005
  5.187678109011066E-005
  5.187712864359033E-005
  5.187723530658213E-005
  5.187709617297040E-005
  5.187670253360588E-005
  5.187604953428242E-005
  5.187513860027982E-005
  5.187397617074006E-005
  5.187257152714944E-005
  5.187093987514138E-005
  5.186909888370457E-005
  5.186706861717685E-005
  5.186486896178876E-005
  5.186252046747069E-005
  5.186004170823281E-005
  5.185744892781151E-005
  5.185475725080216E-005
  5.185198099032372E-005
  5.184912970927199E-005
  5.184621171205584E-005
  5.184323386359109E-005
  5.184020127045677E-005
  5.183711765803909E-005
  5.183398555097987E-005
  5.183080755392091E-005
  5.182758515138805E-005
  5.182431973846297E-005
  5.182101236338692E-005
  5.181766344789995E-005
  5.181427370218532E-005
  5.181084328664744E-005
  5.180737259802971E-005
  5.180386193177798E-005
  5.180031155388695E-005
  5.179672130764142E-005
  5.179309155497016E-005
  5.178942204795454E-005
  5.178571334366218E-005
  5.178196484367702E-005
  5.177817694665999E-005
  5.177435001739687E-005
  5.177048341274435E-005
  5.176657732475585E-005
  5.176263182547968E-005
  5.175864655720114E-005
  5.175462183950418E-005
  5.175055725929783E-005
  5.174645304606629E-005
  5.174230905628190E-005
  5.173812485440811E-005
  5.173390084566764E-005
  5.172963673955741E-005
  5.172533228590295E-005
  5.172098724164548E-005
  5.171660141277001E-005
  5.171217552343251E-005
  5.170770842854493E-005
  5.170320068109644E-005
  5.169865153623517E-005
  5.169406115093228E-005
  5.168942909154762E-005
  5.168475539252757E-005
  5.168004016252283E-005
  5.167528260035838E-005
  5.167048304926713E-005
  5.166564086124850E-005
  5.166075633287146E-005
  5.165582872204764E-005
  5.165085836515590E-005
  5.164584483856783E-005
  5.164078787982840E-005
  5.163568682058092E-005
  5.163054213349232E-005
  5.162535308603095E-005
  5.162011954975684E-005
  5.161484150044720E-005
  5.160951850439063E-005
  5.160415066452993E-005
  5.159873712801809E-005
  5.159327796458116E-005
  5.158777300839087E-005
  5.158222141079678E-005
  5.157662342285145E-005
  5.157097872784064E-005
  5.156528666462635E-005
  5.155954752352623E-005
  5.155376069552450E-005
  5.154792592351509E-005
  5.154204238200303E-005
  5.153611060777549E-005
  5.153012939388766E-005
  5.152409965937169E-005
  5.151801958169085E-005
  5.151188993795709E-005
  5.150570960934280E-005
  5.149947888014496E-005
  5.149319732504064E-005
  5.148686389101211E-005
  5.148047900953645E-005
  5.147404208966200E-005
  5.146755250378337E-005
  5.146100999384954E-005
  5.145441420299835E-005
  5.144776461768094E-005
  5.144106130334076E-005
  5.143430304230402E-005
  5.142749029024630E-005
  5.142062170261189E-005
  5.141369764147381E-005
  5.140671728836860E-005
  5.139967991493112E-005
  5.139258570932471E-005
  5.138543418529756E-005
  5.137822464224335E-005
  5.137095619875807E-005
  5.136362888112266E-005
  5.135624199947545E-005
  5.134879525994103E-005
  5.134128756052135E-005
  5.133371933462526E-005
  5.132608917467606E-005
  5.131864887746042E-005
  5.131135692011960E-005
  5.130406613701901E-005
  5.129673807209067E-005
  5.128935937204547E-005
  5.128192302272290E-005
  5.127442628602406E-005
  5.126686923415368E-005
  5.125924845218064E-005
  5.125156592380402E-005
  5.124381890249225E-005
  5.123600853231003E-005
  5.122813246525279E-005
  5.122019050684833E-005
  5.121218186785657E-005
  5.120410581831898E-005
  5.119596084364614E-005
  5.118774728565650E-005
  5.117946476700996E-005
  5.117111169683249E-005
  5.116268697041174E-005
  5.115419020301415E-005
  5.114562026457683E-005
  5.113697584024816E-005
  5.112825669092617E-005
  5.111946144590091E-005
  5.111058937916203E-005
  5.110163885083935E-005
  5.109260813376684E-005
  5.108349830696448E-005
  5.107430642563979E-005
  5.106503154645614E-005
  5.105567339420499E-005
  5.104622966107928E-005
  5.103669893983345E-005
  5.102707943328094E-005
  5.101737130218257E-005
  5.100757085151822E-005
  5.099767710403454E-005
  5.098769033850737E-005
  5.097760480694549E-005
  5.096742217831863E-005
  5.095713992328075E-005
  5.094675381249461E-005
  5.093626190022246E-005
  5.092566365634451E-005
  5.091495545610420E-005
  5.090413438135465E-005
  5.089319790528397E-005
  5.088214222744532E-005
  5.087096444301161E-005
  5.085965973189334E-005
  5.084822651776496E-005
  5.083666093722036E-005
  5.082495515622893E-005
  5.081310705806658E-005
  5.080110974802708E-005
  5.078895946114208E-005
  5.077664787149925E-005
  5.076417341356141E-005
  5.075152368004967E-005
  5.073868731376367E-005
  5.072566525255474E-005
  5.071243830819333E-005
  5.069899823412544E-005
  5.068533718695504E-005
  5.067145042816054E-005
  5.065731514409322E-005
  5.064291024214376E-005
  5.062821669455826E-005
  5.061324601203871E-005
  5.059794353611859E-005
  5.058228524576724E-005
  5.056624760891341E-005
  5.054979760749242E-005
  5.053291262139815E-005
  5.051554763229005E-005
  5.049765647014719E-005
  5.047922576795522E-005
  5.046017044297041E-005
  5.044042891404570E-005
  5.041993289929749E-005
  5.039862912300066E-005
  5.037644181964872E-005
  5.035326448758426E-005
  5.032896207862586E-005
  5.030341657080593E-005
  5.027650484021219E-005
  5.024807765785553E-005
  5.021795866395262E-005
  5.018592580303152E-005
  5.015172656997798E-005
  5.011508450329788E-005
  5.007603763879373E-005
  5.003653441466586E-005
  4.999695203150810E-005
  4.995734158977880E-005
  4.991768787610492E-005
  4.987799077471570E-005
  4.983822673136549E-005
  4.979843632855344E-005
  4.975866606300334E-005
  4.971887554355012E-005
  4.967904695591044E-005
  4.963919254242573E-005
  4.959932115205533E-005
  4.955942790200889E-005
  4.951952850537370E-005
  4.947960678783650E-005
  4.943970709875315E-005
  4.939988663117647E-005
  4.936016307060931E-005
  4.932045199877904E-005
  4.928072896566062E-005
  4.924104733715081E-005
  4.920137466658087E-005
  4.916169846682377E-005
  4.912209608876449E-005
  4.908250701173167E-005
  4.904293304714296E-005
  4.900343896653962E-005
  4.896397955607686E-005
  4.892454964864818E-005
  4.888519610357751E-005
  4.884591380210469E-005
  4.880667657107710E-005
  4.876750160345192E-005
  4.872847707788495E-005
  4.868958910887929E-005
  4.865086877977194E-005
  4.861238097076762E-005
  4.857424952471654E-005
  4.853653242860584E-005
  4.849930488213761E-005
  4.846269165043738E-005
  4.842684620581003E-005
  4.839193371697770E-005
  4.835832799547085E-005
  4.832604772872662E-005
  4.829530398598655E-005
  4.826635049517436E-005
  4.823948923883552E-005
  4.821500737829216E-005
  4.819322714304144E-005
  4.817449219400991E-005
  4.815900619034409E-005
  4.814718443065805E-005
  4.813950276306377E-005
  4.813631287168509E-005
  4.813788104392422E-005
  4.814461161502157E-005
  4.815669729103896E-005
  4.817438389454887E-005
  4.819779982667483E-005
  4.822695887892038E-005
  4.826178070633093E-005
  4.830202359952161E-005
  4.834704477898081E-005
  4.839638711004240E-005
  4.844929716828577E-005
  4.850462274248788E-005
  4.856109579374766E-005
  4.861710130975696E-005
  4.867082487343554E-005
  4.872016871346973E-005
  4.876278678878205E-005
  4.879604965225570E-005
  4.881700452574723E-005
  4.882227244508062E-005
  4.880581246110838E-005
  4.877811436039705E-005
  4.875016931617201E-005
  4.872199377196840E-005
  4.869358132848164E-005
  4.866492875119766E-005
  4.863603220602017E-005
  4.860689180969733E-005
  4.857750017928236E-005
  4.854786221560412E-005
  4.851796997693048E-005
  4.848782160173114E-005
  4.845741498156811E-005
  4.842674877181389E-005
  4.839581955717038E-005
  4.836462581480148E-005
  4.833315920744601E-005
  4.830142816257761E-005
  4.826941881785668E-005
  4.823713674588478E-005
  4.820457700031221E-005
  4.817173395361220E-005
  4.813860807653719E-005
  4.810519592863731E-005
  4.807149560208694E-005
  4.803750402531851E-005
  4.800321550039306E-005
  4.796863326032773E-005
  4.793375100912160E-005
  4.789856634553866E-005
  4.786307261814076E-005
  4.782727608518682E-005
  4.779116673307543E-005
  4.775474583548081E-005
  4.771800663753847E-005
  4.768094876564026E-005
  4.764356847358666E-005
  4.760586309349759E-005
  4.756783261964106E-005
  4.752947049183619E-005
  4.749077389981277E-005
  4.745174229517120E-005
  4.741237265031090E-005
  4.737266176525569E-005
  4.733260586191482E-005
  4.729220595216506E-005
  4.725145233937192E-005
  4.721035039583953E-005
  4.716885390364105E-005
  4.712702204141030E-005
  4.708485081153407E-005
  4.704231664221924E-005
  4.699941871940639E-005
  4.695615337946712E-005
  4.691253519882442E-005
  4.686851986579272E-005
  4.682415306112056E-005
  4.677942002329377E-005
  4.673432264252318E-005
  4.668885377247557E-005
  4.664301847174209E-005
  4.659681769813331E-005
  4.655025270846897E-005
  4.650332832443556E-005
  4.645604808526207E-005
  4.640950217667280E-005
  4.636826815877870E-005
  4.633161623281159E-005
  4.630032860112190E-005
  4.627591340374301E-005
  4.626068921189011E-005
  4.625661939522932E-005
  4.626802817095942E-005
  4.629281269273721E-005
  4.631887321353815E-005
  4.634621681942025E-005
  4.637482354219115E-005
  4.640470805734374E-005
  4.643586779072747E-005
  4.646831717751489E-005
  4.650206292607311E-005
  4.653706897761231E-005
  4.657334859536303E-005
  4.661091033651926E-005
  4.664973209059754E-005
  4.668979409667095E-005
  4.673110111286612E-005
  4.677363421068932E-005
  4.681737590611562E-005
  4.686232378146203E-005
  4.690843319003796E-005
  4.695570201171722E-005
  4.700408527222011E-005
  4.705356035057044E-005
  4.710409644249597E-005
  4.715564426763836E-005
  4.720817820914111E-005
  4.726164123614722E-005
  4.731599905839671E-005
  4.737118039742531E-005
  4.742716109825208E-005
  4.748388613684151E-005
  4.754126525284561E-005
  4.759925107037764E-005
  4.765778679048398E-005
  4.771677022467934E-005
  4.777614752113926E-005
  4.783583412239962E-005
  4.789574033917479E-005
  4.795578389098244E-005
  4.801586875921122E-005
  4.807591344274857E-005
  4.813581001840721E-005
  4.819547495074398E-005
  4.825478545174653E-005
  4.831363585399706E-005
  4.837193051805549E-005
  4.830264132268456E-005
  4.820264706959028E-005
  4.810183956570991E-005
  4.800019032192800E-005
  4.789767409764538E-005
  4.779425804070028E-005
  4.768990947472732E-005
  4.758459795137508E-005
  4.747828224963819E-005
  4.737092926040573E-005
  4.726249471659000E-005
  4.715293922504407E-005
  4.704221803412555E-005
  4.693028416719500E-005
  4.681709394944175E-005
  4.670259546034835E-005
  4.658673554176308E-005
  4.646946177920626E-005
  4.635072396449002E-005
  4.623045925492112E-005
  4.610860878550840E-005
  4.598511369616927E-005
  4.585991149005042E-005
  4.573294065738887E-005
  4.560413142279800E-005
  4.547341352781272E-005
  4.534071862357790E-005
  4.520597396149480E-005
  4.506910569101932E-005
  4.493003656565371E-005
  4.478869023420481E-005
  4.464498692389656E-005
  4.449884350252998E-005
  4.435017771407701E-005
  4.419890241812953E-005
  4.404493156911787E-005
  4.388817430129031E-005
  4.372853992006294E-005
  4.356593448627452E-005
  4.340026331695003E-005
  4.323142883897371E-005
  4.305933203538010E-005
  4.288387250215274E-005
  4.270494673920961E-005
  4.252244801751478E-005
  4.233627171059888E-005
  4.214630983815146E-005
  4.195245427743181E-005
  4.175459356507134E-005
  4.155261549359856E-005
  4.134640657894649E-005
  4.113585063234197E-005
  4.092083253686941E-005
  4.070123245328204E-005
  4.047693296890433E-005
  4.024781420291507E-005
  4.001375399959461E-005
  3.977463216751280E-005
  3.953032576628893E-005
  3.928071238232507E-005
  3.902566993742535E-005
  3.876507564100688E-005
  3.849880478054312E-005
  3.822673976014307E-005
  3.794875456227435E-005
  3.766472713709184E-005
  3.737453201174859E-005
  3.707806117436226E-005
  3.677518566436520E-005
  3.646579438093074E-005
  3.614976828336325E-005
  3.582699437690400E-005
  3.549736078594011E-005
  3.516076500079002E-005
  3.481709185445497E-005
  3.446624849471010E-005
  3.410812884156694E-005
  3.374264307862029E-005
  3.336968542575271E-005
  3.298918514287906E-005
  3.260104607854549E-005
  3.220519653944412E-005
  3.180157331433808E-005
  3.139008363655577E-005
  3.097068308320142E-005
  3.054331123430045E-005
  3.010789508825875E-005
  2.966443312111884E-005
  2.921291339325958E-005
  2.875316784424171E-005
  2.828531307869878E-005
  2.780929806844174E-005
  2.732511298751658E-005
  2.683254870497274E-005
  2.633187187204442E-005
  2.582233563713013E-005
  2.530498496676126E-005
