  2.863770978462511E-005
  3.208734319541588E-006
  3.924204491320000E-006
  2.416778624022842E-006
  9.259786462462697E-007
  1.200000017881393E-006
  6.858986254843835E-007
  1.200000017881393E-006
  1.200000017881393E-006
  1.200000017881393E-006
  1.200000017881393E-006
  1.200000017881393E-006
  1.200000017881393E-006
  1.200000017881393E-006
  1.200000017881393E-006
  1.200000017881393E-006
  1.200000017881393E-006
  1.200000017881393E-006
  1.200000017881393E-006
  1.200000017881393E-006
  1.200000017881393E-006
  1.200000017881393E-006
  1.200000017881393E-006
  1.200000017881393E-006
  1.200000017881393E-006
  1.200000017881393E-006
  1.200000017881393E-006
  1.200000017881393E-006
  1.200000017881393E-006
  1.200000017881393E-006
  1.200000017881393E-006
  1.200000017881393E-006
  1.200000017881393E-006
  1.200000017881393E-006
  1.200000017881393E-006
  1.200000017881393E-006
  1.200000017881393E-006
  1.200000017881393E-006
  1.200000017881393E-006
  1.200000017881393E-006
  1.200000017881393E-006
  1.200000017881393E-006
  1.200000017881393E-006
  1.200000017881393E-006
  1.200000017881393E-006
  1.200000017881393E-006
  1.200000017881393E-006
  1.200000017881393E-006
  1.200000017881393E-006
  1.200000017881393E-006
  1.200000017881393E-006
  1.200000017881393E-006
  1.200000017881393E-006
  1.200000017881393E-006
  1.200000017881393E-006
  1.200000017881393E-006
  1.200000017881393E-006
  1.200000017881393E-006
  1.200000017881393E-006
  1.200000017881393E-006
  1.200000017881393E-006
  1.200000017881393E-006
  1.200000017881393E-006
  1.200000017881393E-006
  1.200000017881393E-006
  1.200000017881393E-006
  1.200000017881393E-006
  1.200000017881393E-006
  1.200000017881393E-006
  1.200000017881393E-006
  1.200000017881393E-006
  1.200000017881393E-006
  1.200000017881393E-006
  1.200000017881393E-006
  1.200000017881393E-006
  1.200000017881393E-006
  1.200000017881393E-006
  1.200000017881393E-006
  1.200000017881393E-006
  1.200000017881393E-006
  1.200000017881393E-006
  1.200000017881393E-006
  1.200000017881393E-006
  1.200000017881393E-006
  1.200000017881393E-006
  1.200000017881393E-006
  1.200000017881393E-006
  1.200000017881393E-006
  1.200000017881393E-006
  1.200000017881393E-006
  1.200000017881393E-006
  1.200000017881393E-006
  1.200000017881393E-006
  1.200000017881393E-006
  1.200000017881393E-006
  1.200000017881393E-006
  1.200000017881393E-006
  1.200000017881393E-006
  1.200000017881393E-006
  1.200000017881393E-006
  1.200000017881393E-006
  1.200000017881393E-006
  1.200000017881393E-006
  1.200000017881393E-006
  1.200000017881393E-006
  1.200000017881393E-006
  1.200000017881393E-006
  1.200000017881393E-006
  1.200000017881393E-006
  1.200000017881393E-006
  1.200000017881393E-006
  1.200000017881393E-006
  1.200000017881393E-006
  1.200000017881393E-006
  1.200000017881393E-006
  1.200000017881393E-006
  1.200000017881393E-006
  1.200000017881393E-006
  1.200000017881393E-006
  1.200000017881393E-006
  1.200000017881393E-006
  1.200000017881393E-006
  1.200000017881393E-006
  1.200000017881393E-006
  1.200000017881393E-006
  1.200000017881393E-006
  1.200000017881393E-006
  1.200000017881393E-006
  1.200000017881393E-006
  1.200000017881393E-006
  1.200000017881393E-006
  1.200000017881393E-006
  1.200000017881393E-006
  1.200000017881393E-006
  1.200000017881393E-006
  1.200000017881393E-006
  1.200000017881393E-006
  1.200000017881393E-006
  1.200000017881393E-006
  1.200000017881393E-006
  1.200000017881393E-006
  1.200000017881393E-006
  1.200000017881393E-006
  1.200000017881393E-006
  1.200000017881393E-006
  1.200000017881393E-006
  1.200000017881393E-006
  1.200000017881393E-006
  1.200000017881393E-006
  1.200000017881393E-006
  1.200000017881393E-006
  1.200000017881393E-006
  1.200000017881393E-006
  1.200000017881393E-006
  1.200000017881393E-006
  1.200000017881393E-006
  1.200000017881393E-006
  1.200000017881393E-006
  1.200000017881393E-006
  1.200000017881393E-006
  1.200000017881393E-006
  1.200000017881393E-006
  1.200000017881393E-006
  1.200000017881393E-006
  1.200000017881393E-006
  1.200000017881393E-006
  1.200000017881393E-006
  1.200000017881393E-006
  1.200000017881393E-006
  1.200000017881393E-006
  1.200000017881393E-006
  1.200000017881393E-006
  1.200000017881393E-006
  1.200000017881393E-006
  1.200000017881393E-006
  1.200000017881393E-006
  1.200000017881393E-006
  1.200000017881393E-006
  1.200000017881393E-006
  1.200000017881393E-006
  1.200000017881393E-006
  1.200000017881393E-006
  1.200000017881393E-006
  1.200000017881393E-006
  1.200000017881393E-006
  1.200000017881393E-006
  1.200000017881393E-006
  1.200000017881393E-006
  1.200000017881393E-006
  1.200000017881393E-006
  1.200000017881393E-006
  1.200000017881393E-006
  1.200000017881393E-006
  1.200000017881393E-006
  1.200000017881393E-006
  1.200000017881393E-006
  1.200000017881393E-006
  1.200000017881393E-006
  1.200000017881393E-006
  1.200000017881393E-006
  1.200000017881393E-006
  1.200000017881393E-006
  1.200000017881393E-006
  1.200000017881393E-006
  1.200000017881393E-006
  1.200000017881393E-006
  1.200000017881393E-006
  1.200000017881393E-006
  1.200000017881393E-006
  1.200000017881393E-006
  1.200000017881393E-006
  1.200000017881393E-006
  1.200000017881393E-006
  1.200000017881393E-006
  1.200000017881393E-006
  1.200000017881393E-006
  1.200000017881393E-006
  1.200000017881393E-006
  1.200000017881393E-006
  1.200000017881393E-006
  1.200000017881393E-006
  1.200000017881393E-006
  1.200000017881393E-006
  1.200000017881393E-006
  1.200000017881393E-006
  1.200000017881393E-006
  1.200000017881393E-006
  1.200000017881393E-006
  1.200000017881393E-006
  1.200000017881393E-006
  1.200000017881393E-006
  1.200000017881393E-006
  1.200000017881393E-006
  1.200000017881393E-006
  1.200000017881393E-006
  1.200000017881393E-006
  1.200000017881393E-006
  1.200000017881393E-006
  1.200000017881393E-006
  1.200000017881393E-006
  1.200000017881393E-006
  1.200000017881393E-006
  1.200000017881393E-006
  1.200000017881393E-006
  1.200000017881393E-006
  1.200000017881393E-006
  1.200000017881393E-006
  1.200000017881393E-006
  1.200000017881393E-006
  1.200000017881393E-006
  1.200000017881393E-006
  1.200000017881393E-006
  1.200000017881393E-006
  1.200000017881393E-006
  1.200000017881393E-006
  1.200000017881393E-006
  1.200000017881393E-006
  1.200000017881393E-006
  1.200000017881393E-006
  1.200000017881393E-006
  1.200000017881393E-006
  1.200000017881393E-006
  1.200000017881393E-006
  1.200000017881393E-006
  1.200000017881393E-006
  1.200000017881393E-006
  1.200000017881393E-006
  1.200000017881393E-006
  1.200000017881393E-006
  1.200000017881393E-006
  1.200000017881393E-006
  1.200000017881393E-006
  1.200000017881393E-006
  1.200000017881393E-006
  1.200000017881393E-006
  1.200000017881393E-006
  1.200000017881393E-006
  1.200000017881393E-006
  1.200000017881393E-006
  1.200000017881393E-006
  1.200000017881393E-006
  1.200000017881393E-006
  1.200000017881393E-006
  1.200000017881393E-006
  1.200000017881393E-006
  1.200000017881393E-006
  1.200000017881393E-006
  1.200000017881393E-006
  1.200000017881393E-006
  1.200000017881393E-006
  1.200000017881393E-006
  1.200000017881393E-006
  1.200000017881393E-006
  1.200000017881393E-006
  1.200000017881393E-006
  1.200000017881393E-006
  1.200000017881393E-006
  1.200000017881393E-006
  1.200000017881393E-006
  1.200000017881393E-006
  1.200000017881393E-006
  1.200000017881393E-006
  1.200000017881393E-006
  1.200000017881393E-006
  1.200000017881393E-006
  1.200000017881393E-006
  1.200000017881393E-006
  1.200000017881393E-006
  1.200000017881393E-006
  1.200000017881393E-006
  1.200000017881393E-006
  1.200000017881393E-006
  1.200000017881393E-006
  1.200000017881393E-006
  1.200000017881393E-006
  1.200000017881393E-006
  1.200000017881393E-006
  1.200000017881393E-006
  1.200000017881393E-006
  1.200000017881393E-006
  1.200000017881393E-006
  1.200000017881393E-006
  1.200000017881393E-006
  1.200000017881393E-006
  1.200000017881393E-006
  1.200000017881393E-006
  1.200000017881393E-006
  1.200000017881393E-006
  1.200000017881393E-006
  1.200000017881393E-006
  1.200000017881393E-006
  1.200000017881393E-006
  1.200000017881393E-006
  1.200000017881393E-006
  1.200000017881393E-006
  1.200000017881393E-006
  1.200000017881393E-006
  1.200000017881393E-006
  1.200000017881393E-006
  1.200000017881393E-006
  1.200000017881393E-006
  1.200000017881393E-006
  1.200000017881393E-006
  1.200000017881393E-006
  1.200000017881393E-006
  1.200000017881393E-006
  1.200000017881393E-006
  1.200000017881393E-006
  1.200000017881393E-006
  1.200000017881393E-006
  1.200000017881393E-006
  1.200000017881393E-006
  1.200000017881393E-006
  1.200000017881393E-006
  1.200000017881393E-006
  1.200000017881393E-006
  1.200000017881393E-006
  1.200000017881393E-006
  1.200000017881393E-006
  1.200000017881393E-006
  1.200000017881393E-006
  1.200000017881393E-006
  1.200000017881393E-006
  1.200000017881393E-006
  1.200000017881393E-006
  1.200000017881393E-006
  1.200000017881393E-006
  1.200000017881393E-006
  1.200000017881393E-006
  1.200000017881393E-006
  1.200000017881393E-006
  1.200000017881393E-006
  1.200000017881393E-006
  1.200000017881393E-006
  1.200000017881393E-006
  1.200000017881393E-006
  1.200000017881393E-006
  1.200000017881393E-006
  1.200000017881393E-006
  1.200000017881393E-006
  1.200000017881393E-006
  1.200000017881393E-006
  1.200000017881393E-006
  1.200000017881393E-006
  1.200000017881393E-006
  1.200000017881393E-006
  1.200000017881393E-006
  1.200000017881393E-006
  1.200000017881393E-006
  1.200000017881393E-006
  1.200000017881393E-006
  1.200000017881393E-006
  1.200000017881393E-006
  1.200000017881393E-006
  1.200000017881393E-006
  1.200000017881393E-006
  1.200000017881393E-006
  1.200000017881393E-006
  1.200000017881393E-006
  1.200000017881393E-006
  1.200000017881393E-006
  1.200000017881393E-006
  1.200000017881393E-006
  1.200000017881393E-006
  1.200000017881393E-006
  1.200000017881393E-006
  1.200000017881393E-006
  1.200000017881393E-006
  1.200000017881393E-006
  1.200000017881393E-006
  1.200000017881393E-006
  1.200000017881393E-006
  1.200000017881393E-006
  1.200000017881393E-006
  1.200000017881393E-006
  1.200000017881393E-006
  1.200000017881393E-006
  1.200000017881393E-006
  1.200000017881393E-006
  1.200000017881393E-006
  1.200000017881393E-006
  1.200000017881393E-006
  1.200000017881393E-006
  1.200000017881393E-006
  1.200000017881393E-006
  1.200000017881393E-006
  1.200000017881393E-006
  1.200000017881393E-006
  1.200000017881393E-006
  1.200000017881393E-006
  1.200000017881393E-006
  1.200000017881393E-006
  1.200000017881393E-006
  1.200000017881393E-006
  1.200000017881393E-006
  1.200000017881393E-006
  1.200000017881393E-006
  1.200000017881393E-006
  1.200000017881393E-006
  1.200000017881393E-006
  1.200000017881393E-006
  1.200000017881393E-006
  1.200000017881393E-006
  1.200000017881393E-006
  1.200000017881393E-006
  1.200000017881393E-006
  1.200000017881393E-006
  1.200000017881393E-006
  1.200000017881393E-006
  1.200000017881393E-006
  1.200000017881393E-006
  1.200000017881393E-006
  1.200000017881393E-006
  1.200000017881393E-006
  1.200000017881393E-006
  1.200000017881393E-006
  1.200000017881393E-006
  1.200000017881393E-006
  1.200000017881393E-006
  1.200000017881393E-006
  1.200000017881393E-006
  1.200000017881393E-006
  1.200000017881393E-006
  1.200000017881393E-006
  1.200000017881393E-006
  1.200000017881393E-006
  1.200000017881393E-006
  1.200000017881393E-006
  1.200000017881393E-006
  1.200000017881393E-006
  1.200000017881393E-006
  1.200000017881393E-006
  1.200000017881393E-006
  1.200000017881393E-006
  1.200000017881393E-006
  1.200000017881393E-006
  1.200000017881393E-006
  1.200000017881393E-006
  1.200000017881393E-006
  1.200000017881393E-006
  1.200000017881393E-006
  1.200000017881393E-006
  1.200000017881393E-006
  1.200000017881393E-006
  1.200000017881393E-006
  1.200000017881393E-006
  1.200000017881393E-006
  1.200000017881393E-006
  1.200000017881393E-006
  1.200000017881393E-006
  1.200000017881393E-006
  1.200000017881393E-006
  1.200000017881393E-006
  1.200000017881393E-006
  1.200000017881393E-006
  1.200000017881393E-006
  1.200000017881393E-006
  1.200000017881393E-006
  1.200000017881393E-006
  1.200000017881393E-006
  1.200000017881393E-006
  1.200000017881393E-006
  1.200000017881393E-006
  1.200000017881393E-006
  1.200000017881393E-006
  1.200000017881393E-006
  1.200000017881393E-006
  1.200000017881393E-006
  1.200000017881393E-006
  1.200000017881393E-006
  1.200000017881393E-006
  1.200000017881393E-006
  1.200000017881393E-006
  1.200000017881393E-006
  1.200000017881393E-006
  1.200000017881393E-006
  1.200000017881393E-006
  1.200000017881393E-006
  1.200000017881393E-006
  1.200000017881393E-006
  1.200000017881393E-006
  1.200000017881393E-006
  1.200000017881393E-006
  1.200000017881393E-006
  1.200000017881393E-006
  1.200000017881393E-006
  1.200000017881393E-006
  1.200000017881393E-006
  1.200000017881393E-006
  1.200000017881393E-006
  1.200000017881393E-006
  1.200000017881393E-006
  1.200000017881393E-006
  1.200000017881393E-006
  1.200000017881393E-006
  1.200000017881393E-006
  1.200000017881393E-006
  1.200000017881393E-006
  1.200000017881393E-006
  1.200000017881393E-006
  1.200000017881393E-006
  1.200000017881393E-006
  1.200000017881393E-006
  1.200000017881393E-006
  1.200000017881393E-006
  1.200000017881393E-006
  1.200000017881393E-006
  1.200000017881393E-006
  1.200000017881393E-006
  1.200000017881393E-006
  1.200000017881393E-006
  1.200000017881393E-006
  1.200000017881393E-006
  1.200000017881393E-006
  1.200000017881393E-006
  1.200000017881393E-006
  1.200000017881393E-006
  1.200000017881393E-006
  1.200000017881393E-006
  1.200000017881393E-006
  1.200000017881393E-006
  1.200000017881393E-006
  1.200000017881393E-006
  1.200000017881393E-006
  1.200000017881393E-006
  1.200000017881393E-006
  1.200000017881393E-006
  1.200000017881393E-006
  1.200000017881393E-006
  1.200000017881393E-006
  1.200000017881393E-006
  1.200000017881393E-006
  1.200000017881393E-006
  1.200000017881393E-006
  1.200000017881393E-006
  1.200000017881393E-006
  2.167175327544629E-008
  1.994079040045122E-007
  3.772524263373018E-007
  5.552131683476999E-007
  7.332849808230920E-007
  9.114611865930528E-007
  1.089734479757151E-006
  1.268097589205748E-006
  1.446543225710492E-006
  1.625064109397958E-006
  1.803653218456522E-006
  1.982303238525779E-006
  2.161007111587381E-006
  2.339756868054574E-006
  2.518546080579629E-006
  2.697366681959002E-006
  2.876212931451176E-006
  3.055076625976394E-006
  3.233951095043753E-006
  3.412829486992485E-006
  3.591704015769402E-006
  3.770567903988642E-006
  3.949414492206838E-006
  4.128236776312626E-006
  4.307026922766128E-006
  4.485778674726669E-006
  4.664485479907990E-006
  4.843140256783028E-006
  5.021735746627261E-006
  5.200265411838756E-006
  5.378722008994573E-006
  5.557099300872345E-006
  5.735391089711107E-006
  5.913589941332111E-006
  6.091689388608795E-006
  6.269682689410325E-006
  6.447563817592967E-006
  6.625325891633077E-006
  6.802962332987109E-006
  6.980466750099424E-006
  7.157833522956350E-006
  7.335055814722107E-006
  7.512125962120085E-006
  7.689039846039722E-006
  7.865790833532097E-006
  8.042371047991772E-006
  8.218776740136919E-006
  8.395000681964117E-006
  8.571036102343178E-006
  8.746878389771149E-006
  8.922521351355279E-006
  9.097958758799197E-006
  9.273185231565743E-006
  9.448194491001808E-006
  9.622981104633338E-006
  9.797539429503667E-006
  9.971863743859747E-006
  1.014594920999411E-005
  1.031978919227498E-005
  1.049337930808452E-005
  1.066671331244513E-005
  1.083978685139424E-005
  1.101259346043585E-005
  1.118512901397527E-005
  1.135738798260724E-005
  1.152936528476508E-005
  1.170105601369450E-005
  1.187245497120680E-005
  1.204355726509899E-005
  1.221435879397464E-005
  1.238485331880529E-005
  1.255503806631748E-005
  1.272490594610478E-005
  1.289445423582999E-005
  1.306367765577008E-005
  1.323257191916459E-005
  1.340113290757235E-005
  1.356935571666043E-005
  1.373723632681709E-005
  1.390477003435229E-005
  1.407195333579937E-005
  1.423878274778588E-005
  1.440525245969280E-005
  1.457135930232209E-005
  1.473709920861711E-005
  1.490246908416975E-005
  1.506746453025066E-005
  1.523208169900212E-005
  1.539631647889528E-005
  1.556016664302911E-005
  1.572362715695327E-005
  1.588669540536284E-005
  1.604936793329139E-005
  1.621164075534639E-005
  1.637351177136721E-005
  1.653497593103428E-005
  1.669603175814537E-005
  1.685667536098292E-005
  1.701690354173415E-005
  1.717671392023213E-005
  1.733610203233781E-005
  1.749506701933628E-005
  1.765360460484826E-005
  1.781171350720589E-005
  1.796938897391282E-005
  1.812663017901576E-005
  1.828343285451373E-005
  1.843979628188612E-005
  1.859571696721243E-005
  1.875119181582398E-005
  1.890622091337537E-005
  1.906079980529931E-005
  1.921492549097317E-005
  1.936859921324404E-005
  1.952181524846107E-005
  1.967457212909723E-005
  1.982687148354484E-005
  1.997870693326962E-005
  2.013007769183880E-005
  2.028098325841369E-005
  2.043142176088540E-005
  2.058138983810297E-005
  2.073088586249870E-005
  2.087990960335936E-005
  2.102846042949194E-005
  2.117653412241279E-005
  2.132412983540399E-005
  2.147124629686415E-005
  2.161788286344023E-005
  2.176403873779383E-005
  2.190971189808293E-005
  2.205490013024394E-005
  2.219960276431994E-005
  2.234381890639287E-005
  2.248754719059951E-005
  2.263078695595876E-005
  2.277353854205037E-005
  2.291579970015977E-005
  2.305756838415735E-005
  2.319884552310959E-005
  2.333962874040565E-005
  2.347991922189441E-005
  2.361971492893742E-005
  2.375901483218453E-005
  2.389781950648184E-005
  2.403612722469403E-005
  2.417393819813001E-005
  2.431125145219499E-005
  2.444806701302657E-005
  2.458438411205591E-005
  2.472020250960589E-005
  2.485552084883723E-005
  2.499034043278148E-005
  2.512465938133696E-005
  2.525847951433051E-005
  2.539180000329331E-005
  2.552462040569430E-005
  2.565693985928897E-005
  2.578875844449948E-005
  2.592007568014686E-005
  2.605089311488626E-005
  2.618121004071988E-005
  2.631102731761391E-005
  2.644034336539845E-005
  2.656916009002150E-005
  2.669747558012565E-005
  2.682529274117759E-005
  2.695260937296471E-005
  2.707942538520454E-005
  2.720574274940575E-005
  2.733156204069854E-005
  2.745688282336306E-005
  2.758170643156023E-005
  2.770603150254830E-005
  2.782985822217480E-005
  2.795318873094587E-005
  2.807602334243138E-005
  2.819836228573282E-005
  2.832020583876604E-005
  2.844155393000548E-005
  2.856240830234576E-005
  2.868276972905922E-005
  2.880263801276096E-005
  2.892201436510601E-005
  2.904089759102125E-005
  2.915929160549040E-005
  2.927719512592776E-005
  2.939460885624686E-005
  2.951153420153380E-005
  2.962797250840172E-005
  2.974392351292725E-005
  2.985938782425567E-005
  2.997436756602257E-005
  3.008886351378263E-005
  3.020287493548440E-005
  3.031640396711226E-005
  3.042945228782922E-005
  3.054201938571761E-005
  3.065410648520020E-005
  3.076571594308087E-005
  3.087684776435849E-005
  3.098750197056161E-005
  3.109768116915341E-005
  3.120738664327077E-005
  3.131661669746090E-005
  3.142537615878036E-005
  3.153366479007084E-005
  3.164148148062466E-005
  3.174883115844053E-005
  3.185571179640861E-005
  3.196212566309049E-005
  3.206807532296900E-005
  3.217355925955693E-005
  3.227858118208206E-005
  3.238314164622576E-005
  3.248724002244523E-005
  3.259088079990264E-005
  3.269406239707436E-005
  3.279678683774980E-005
  3.289905745393885E-005
  3.300087181499919E-005
  3.310223407401418E-005
  3.320314524746302E-005
  3.330360488615859E-005
  3.340361650285004E-005
  3.350317985640499E-005
  3.360229742325677E-005
  3.370096960962418E-005
  3.379919763890401E-005
  3.389698508254994E-005
  3.399432972106761E-005
  3.409123586173153E-005
  3.418770365526330E-005
  3.428373491751450E-005
  3.437933154438541E-005
  3.447449277808349E-005
  3.456922303495526E-005
  3.466352091673862E-005
  3.475739048973384E-005
  3.485083091257169E-005
  3.494384490379161E-005
  3.503643368849843E-005
  3.512859851323326E-005
  3.522034171814712E-005
  3.531166327687591E-005
  3.540256599558878E-005
  3.549304912745432E-005
  3.558311735290111E-005
  3.567276947588102E-005
  3.576200907548833E-005
  3.585083611110126E-005
  3.593925308427474E-005
  3.602726040858896E-005
  3.611486003200416E-005
  3.620205389136708E-005
  3.628884275717138E-005
  3.637522922659978E-005
  3.646121331290887E-005
  3.654679820607611E-005
  3.663198354719300E-005
  3.671677299683660E-005
  3.680116553543694E-005
  3.688516516507782E-005
  3.696877161769193E-005
  3.705198747444577E-005
  3.713481304958880E-005
  3.721725150634398E-005
  3.729930233284750E-005
  3.738096923315058E-005
  3.746225210910618E-005
  3.754315360748065E-005
  3.762367408567523E-005
  3.770381621590563E-005
  3.778358032004177E-005
  3.786296914838032E-005
  3.794198310157463E-005
  3.802062460732021E-005
  3.809889439873599E-005
  3.817679481952311E-005
  3.825432600171095E-005
  3.833149111383788E-005
  3.840829048755726E-005
  3.848472640527033E-005
  3.856079952507552E-005
  3.863651239765487E-005
  3.871186548634733E-005
  3.878686130288335E-005
  3.886150046050558E-005
  3.893578523715743E-005
  3.900971651339263E-005
  3.908329637347260E-005
  3.915652492455249E-005
  3.922940522945980E-005
  3.930193756853318E-005
  3.937412477609215E-005
  3.944596715462050E-005
  3.951746725560682E-005
  3.958862547704023E-005
  3.965944437577485E-005
  3.972992350082978E-005
  3.980006644164246E-005
  3.986987321646848E-005
  3.993934663173605E-005
  4.000848686622512E-005
  4.007729657022467E-005
  4.014577556152118E-005
  4.021392698066165E-005
  4.028175108995048E-005
  4.034925035645156E-005
  4.041642517274981E-005
  4.048327773530569E-005
  4.054980869572297E-005
  4.061602105085401E-005
  4.068191479026544E-005
  4.074749113122325E-005
  4.081275162345034E-005
  4.087769939755935E-005
  4.094233407102863E-005
  4.100665698978112E-005
  4.107067005606170E-005
  4.113437572648266E-005
  4.119777365909411E-005
  4.126086616892667E-005
  4.132365412904126E-005
  4.138614047490586E-005
  4.144832327404189E-005
  4.151020732854472E-005
  4.157179266136433E-005
  4.163307980497248E-005
  4.169407105665373E-005
  4.175476850427029E-005
  4.181517162226734E-005
  4.187528342616637E-005
  4.193510473328999E-005
  4.199463573869534E-005
  4.205387925906324E-005
  4.211283700470633E-005
  4.217150807630341E-005
  4.222989607814080E-005
  4.228800102023098E-005
  4.234582424476177E-005
  4.240336835490395E-005
  4.246063258632094E-005
  4.251761987205539E-005
  4.257433112487641E-005
  4.263076689326945E-005
  4.268693016947906E-005
  4.274281912929444E-005
  4.279843854936459E-005
  4.285378729163648E-005
  4.290886806513508E-005
  4.296368129527059E-005
  4.301822809875751E-005
  4.307251070392146E-005
  4.312652922674383E-005
  4.318028623297152E-005
  4.323378074978474E-005
  4.328701679560051E-005
  4.333999287821660E-005
  4.339271329647488E-005
  4.344517540439783E-005
  4.349738406128299E-005
  4.354933747912842E-005
  4.360103965298744E-005
  4.365248901536506E-005
  4.370368948485181E-005
  4.375463946795372E-005
  4.380534279033092E-005
  4.385579858900019E-005
  4.390600910375381E-005
  4.395597591713634E-005
  4.400569808408209E-005
  4.405518029467293E-005
  4.410441872481946E-005
  4.415341955102835E-005
  4.420218004172435E-005
  4.425070373664947E-005
  4.429899243391940E-005
  4.434704305438196E-005
  4.439486211794247E-005
  4.444244626076366E-005
  4.448979926226758E-005
  4.453692307149321E-005
  4.458381348966006E-005
  4.463047749495517E-005
  4.467691459274811E-005
  4.472312259200734E-005
  4.476910714303680E-005
  4.481486785704056E-005
  4.486040265058022E-005
  4.490571739835818E-005
  4.495081194953355E-005
  4.499568271704814E-005
  4.504033633378067E-005
  4.508477441135759E-005
  4.512899125710206E-005
  4.517299352822842E-005
  4.521678227963863E-005
  4.526035799354027E-005
  4.530371636352073E-005
  4.534686506780977E-005
  4.538980503266126E-005
  4.543253565446277E-005
  4.547505188736773E-005
  4.551736273822140E-005
  4.555946860739933E-005
  4.560136972910634E-005
  4.564306351245178E-005
  4.568455068379374E-005
  4.572583656098677E-005
  4.576692278961485E-005
  4.580780879994906E-005
  4.584849632622690E-005
  4.588897765204853E-005
  4.592926036749354E-005
  4.596934774344775E-005
  4.600924136249794E-005
  4.604894106161956E-005
  4.608844744359714E-005
  4.612776037107597E-005
  4.616688145483151E-005
  4.620581476135444E-005
  4.624455208200887E-005
  4.628305941953745E-005
  4.632932265293450E-005
  4.635953378453752E-005
  4.639758516113131E-005
  4.643537181356022E-005
  4.647298286615849E-005
  4.651040612526685E-005
  4.654765199179684E-005
  4.658471346483857E-005
  4.662159284150069E-005
  4.665829134584373E-005
  4.669481165838870E-005
  4.673115222083709E-005
  4.676731459682992E-005
  4.680329911178598E-005
  4.683910719540649E-005
  4.687473976414455E-005
  4.691019693690151E-005
  4.694548037783111E-005
  4.698058960220168E-005
  4.701552659345836E-005
  4.705029180968394E-005
  4.708488543622569E-005
  4.711930942316233E-005
  4.715356314195794E-005
  4.718764843807994E-005
  4.722156590073346E-005
  4.725531546944363E-005
  4.728889909636953E-005
  4.732230898787884E-005
  4.735555343802877E-005
  4.738863574003745E-005
  4.742155480329424E-005
  4.745431231256684E-005
  4.748690825191640E-005
  4.751934270280699E-005
  4.755161742916169E-005
  4.758373186393641E-005
  4.761568737235191E-005
  4.764748485952409E-005
  4.767912416731907E-005
  4.771060666911906E-005
  4.774193313964932E-005
  4.777310320003752E-005
  4.780411880905949E-005
  4.783498017490372E-005
  4.786568752001763E-005
  4.789624243927110E-005
  4.792664477596751E-005
  4.795689536123699E-005
  4.798699532297962E-005
  4.801694463606244E-005
  4.804674446324655E-005
  4.807639558503124E-005
  4.810589783325659E-005
  4.813525255442415E-005
  4.816446042237719E-005
  4.819352142510329E-005
  4.822243692692506E-005
  4.825120724152238E-005
  4.827983273191359E-005
  4.830831440368509E-005
  4.833665301879647E-005
  4.836484841551327E-005
  4.839290205970985E-005
  4.842081435108792E-005
  4.844858522422028E-005
  4.847621600889418E-005
  4.850370715367678E-005
  4.853105902093441E-005
  4.855827209330733E-005
  4.858534746382664E-005
  4.861228533511254E-005
  4.863908605037179E-005
  4.866575083838921E-005
  4.869228004937345E-005
  4.871867369052476E-005
  4.874493286955074E-005
  4.877105825479367E-005
  4.879704938608439E-005
  4.882290796265413E-005
  4.884863460649384E-005
  4.887422858039960E-005
  4.889969133342537E-005
  4.892502363955159E-005
  4.895022543335685E-005
  4.897529706049026E-005
  4.900023987991913E-005
  4.902505418618176E-005
  4.904973928114261E-005
  4.907429714187282E-005
  4.909872814169402E-005
  4.912303174407707E-005
  4.914720911268329E-005
  4.917126117969525E-005
  4.919518803539133E-005
  4.921898926560054E-005
  4.924266666871077E-005
  4.926622054326112E-005
  4.928965039225621E-005
  4.931295739001299E-005
  4.933614240012569E-005
  4.935920553702127E-005
  4.938214639912951E-005
  4.940496651872889E-005
  4.942766612849477E-005
  4.945024582904837E-005
  4.947270502359345E-005
  4.949504539758563E-005
  4.951726698608396E-005
  4.953937014639477E-005
  4.956135483815461E-005
  4.958322225276820E-005
  4.960497273190853E-005
  4.962660632289016E-005
  4.964812305130188E-005
  4.966952420779989E-005
  4.969081027213856E-005
  4.971198104268692E-005
  4.973303667658513E-005
  4.975397836573064E-005
  4.977480653761247E-005
  4.979552118825889E-005
  4.981612188591148E-005
  4.983661036691616E-005
  4.985698693233798E-005
  4.987725154627989E-005
  4.989740362268494E-005
  4.991744501258092E-005
  4.993737577804634E-005
  4.995719616050691E-005
  4.997690588785735E-005
  4.999650602858473E-005
  5.001599672489142E-005
  5.003537865650339E-005
  5.005465203770878E-005
  5.007381616605798E-005
  5.009287244605078E-005
  5.011182139428012E-005
  5.013066329866911E-005
  5.014939726421837E-005
  5.016802442700762E-005
  5.018654561560780E-005
  5.020496083355279E-005
  5.022327049568986E-005
  5.024147398306162E-005
  5.025957226149590E-005
  5.027756594715885E-005
  5.029545548635213E-005
  5.031324126511289E-005
  5.033092168043705E-005
  5.034849860364376E-005
  5.036597282860957E-005
  5.038334391526923E-005
  5.040061261929141E-005
  5.041777812534633E-005
  5.043484102864768E-005
  5.045180243467914E-005
  5.046866249372757E-005
  5.048542128155829E-005
  5.050207912520004E-005
  5.051863474067710E-005
  5.053509035227089E-005
  5.055144591794494E-005
  5.056770165678888E-005
  5.058385775605528E-005
  5.059991430807730E-005
  5.061587082138378E-005
  5.063172852332078E-005
  5.064748822102688E-005
  5.066314959448776E-005
  5.067871098438271E-005
  5.069417649299687E-005
  5.070954190909310E-005
  5.072481084467128E-005
  5.073998155887796E-005
  5.075505536601507E-005
  5.077003365198658E-005
  5.078491546728016E-005
  5.079969796983150E-005
  5.081438423431553E-005
  5.082897548290197E-005
  5.084347144585944E-005
  5.085787041744846E-005
  5.087217227138127E-005
  5.088638381711412E-005
  5.090049973082878E-005
  5.091451917667625E-005
  5.092844541838037E-005
  5.094227688322407E-005
  5.095600939974099E-005
  5.096964900818697E-005
  5.098319608943089E-005
  5.099665116399408E-005
  5.101000376312529E-005
  5.102327121530841E-005
  5.103644626965319E-005
  5.104952521734430E-005
  5.106250788005337E-005
  5.107539869674572E-005
  5.108819744794373E-005
  5.110090285758870E-005
  5.111351549053155E-005
  5.112603646195593E-005
  5.113846526790141E-005
  5.115080258140576E-005
  5.116304819765698E-005
  5.117520264789279E-005
  5.118726554838133E-005
  5.119923691328379E-005
  5.121111616548144E-005
  5.122290204231048E-005
  5.123459679803999E-005
  5.124620021212603E-005
  5.125771129462109E-005
  5.126913007048800E-005
  5.128045641145953E-005
  5.129168945118751E-005
  5.130282870613575E-005
  5.131387358639517E-005
  5.132482336243499E-005
  5.133567712263026E-005
  5.134643370816165E-005
  5.135709239436153E-005
  5.136765180829767E-005
  5.137811111527103E-005
  5.138846834686727E-005
  5.139872147367658E-005
  5.140887172783635E-005
  5.141891599953602E-005
  5.142885103326529E-005
  5.143867951877520E-005
  5.144839634226353E-005
  5.145800142512476E-005
  5.146749334306482E-005
  5.147686869080546E-005
  5.148612734471288E-005
  5.149526664203242E-005
  5.150428558634652E-005
  5.151318191676928E-005
  5.152195428408888E-005
  5.153060128209707E-005
  5.153912064721926E-005
  5.154751186218567E-005
  5.155577292851186E-005
  5.156390314402907E-005
  5.157190051848922E-005
  5.157976429511644E-005
  5.158749401887888E-005
  5.159508831038385E-005
  5.160254617533791E-005
  5.160986747324822E-005
  5.161705116635775E-005
  5.162409727834183E-005
  5.163100523321787E-005
  5.163777537714299E-005
  5.164440741732345E-005
  5.165090216978706E-005
  5.165725950379441E-005
  5.166348065113353E-005
  5.166956596792468E-005
  5.167551728614351E-005
  5.168133656725060E-005
  5.168702455854288E-005
  5.169258440569770E-005
  5.169801702001699E-005
  5.170332747663780E-005
  5.170851730669255E-005
  5.171359026375447E-005
  5.171855010047643E-005
  5.172340142913681E-005
  5.172814893132127E-005
  5.173279784416846E-005
  5.173735410074682E-005
  5.174182501229052E-005
  5.174621625329322E-005
  5.175053423431346E-005
  5.175478675026866E-005
  5.175898188198840E-005
  5.176312901622102E-005
  5.176723512569511E-005
  5.177131222193565E-005
  5.177536514804364E-005
  5.177940397238340E-005
  5.178343801323968E-005
  5.178747394151961E-005
  5.179152286334465E-005
  5.179558811477709E-005
  5.179967967522144E-005
  5.180380023240908E-005
  5.180795344300550E-005
  5.181214105971736E-005
  5.181636564642666E-005
  5.182062512262980E-005
  5.182491551510487E-005
  5.182922944019334E-005
  5.183355990789409E-005
  5.183789734688389E-005
  5.184223260473313E-005
  5.184655470373069E-005
  5.185085295066314E-005
  5.185511893629050E-005
  5.185934518283103E-005
  5.186352418808649E-005
  5.186765180890515E-005
  5.187172485098665E-005
  5.187573890615785E-005
  5.187969240191098E-005
  5.188358432257032E-005
  5.188741376248590E-005
  5.189117942784317E-005
  5.189488168580663E-005
  5.189852039970262E-005
  5.190209311809026E-005
  5.190560378353228E-005
  5.190904880198899E-005
  5.191242921024207E-005
  5.191574601603732E-005
  5.191899893988814E-005
  5.192218526554776E-005
  5.192530893047930E-005
  5.192836791668006E-005
  5.193136279956302E-005
  5.193429322871036E-005
  5.193715941549530E-005
  5.193996177311356E-005
  5.194270006593316E-005
  5.194537412877380E-005
  5.194798447771175E-005
  5.195053133044250E-005
  5.195301364975824E-005
  5.195543260644109E-005
  5.195778879890339E-005
  5.196008064459236E-005
  5.196230884102959E-005
  5.196447373302772E-005
  5.196657502906103E-005
  5.196861320380234E-005
  5.197058897312262E-005
  5.197250117571360E-005
  5.197434985461770E-005
  5.197613561348228E-005
  5.197785846566960E-005
  5.197951840142049E-005
  5.198111569219626E-005
  5.198265064480126E-005
  5.198412267403336E-005
  5.198553174967977E-005
  5.198687862253731E-005
  5.198816314465380E-005
  5.198938550532996E-005
  5.199054512562035E-005
  5.199164284181148E-005
  5.199267839001652E-005
  5.199365151456780E-005
  5.199456267540537E-005
  5.199541204416359E-005
  5.199619962135883E-005
  5.199692546162912E-005
  5.199758952147016E-005
  5.199819186483667E-005
  5.199873269727913E-005
  5.199921198278704E-005
  5.199962973566052E-005
  5.199998618817264E-005
  5.200028121897714E-005
  5.200051500238404E-005
  5.200068761434368E-005
  5.200079900058915E-005
  5.200084935072887E-005
  5.200083870455853E-005
  5.200076705709821E-005
  5.200063445603894E-005
  5.200044113311207E-005
  5.200018702954425E-005
  5.199987213584977E-005
  5.199949654647092E-005
  5.199906040435858E-005
  5.199856360861528E-005
  5.199800649373709E-005
  5.199738870628786E-005
  5.199671059619333E-005
  5.199597228861700E-005
  5.199517329946475E-005
  5.199431424349139E-005
  5.199339521024323E-005
  5.199241601055557E-005
  5.199137641607253E-005
  5.199027684381054E-005
  5.198911731868736E-005
  5.198789792466204E-005
  5.198661807786799E-005
  5.198527857714372E-005
  5.198387926435450E-005
  5.198242027924926E-005
  5.198090176020058E-005
  5.197932235895097E-005
  5.197768404355343E-005
  5.197598619889548E-005
  5.197422814442599E-005
  5.197241104641242E-005
  5.197053390339150E-005
  5.196859731285371E-005
  5.196660136987177E-005
  5.196454552292138E-005
  5.196242971445155E-005
  5.196025566713447E-005
  5.195802137396497E-005
  5.195572750721728E-005
  5.195337447009275E-005
  5.195096129262588E-005
  5.194848959632383E-005
  5.194595669387415E-005
  5.194336606506685E-005
  5.194071560770855E-005
  5.193800603113550E-005
  5.193523680073438E-005
  5.193240857895705E-005
  5.192951979092246E-005
  5.192657252677706E-005
  5.192356488842209E-005
  5.192049839647974E-005
  5.191737186842058E-005
  5.191418527682501E-005
  5.191093848681551E-005
  5.190763186891228E-005
  5.190426701444912E-005
  5.190084049763383E-005
  5.189735639748092E-005
  5.189381220351884E-005
  5.189020718393738E-005
  5.188654267870904E-005
  5.188281941020565E-005
  5.187903529109402E-005
  5.187519158213271E-005
  5.187128627637029E-005
  5.186731962810581E-005
  5.186329332104699E-005
  5.185920724324206E-005
  5.185506145358342E-005
  5.185085180005978E-005
  5.184658149491968E-005
  5.184225002261569E-005
  5.183785843211230E-005
  5.183340680405338E-005
  5.182889288553667E-005
  5.182431761425252E-005
  5.181968048433551E-005
  5.181497955566173E-005
  5.181021742637554E-005
  5.180539020152805E-005
  5.180050130484025E-005
  5.179554938163122E-005
  5.179053615817002E-005
  5.178545812904785E-005
  5.178031708830704E-005
  5.177511039273526E-005
  5.176983782547341E-005
  5.176450461146974E-005
  5.175910371291612E-005
  5.175363443774522E-005
  5.174810321552568E-005
  5.174250338643287E-005
  5.173683357098439E-005
  5.173110130939183E-005
  5.172530054371877E-005
  5.171942903041441E-005
  5.171348752082523E-005
  5.170747412696406E-005
  5.170139481199046E-005
  5.169523968279630E-005
  5.168901814084178E-005
  5.168272356403049E-005
  5.167635607532890E-005
  5.166991084833913E-005
  5.166339132101420E-005
  5.165679273285943E-005
  5.165012059888860E-005
  5.164337027202499E-005
  5.163654618582448E-005
  5.162963499266580E-005
  5.162264325147098E-005
  5.161557069668018E-005
  5.160841517952085E-005
  5.160116930568378E-005
  5.159384041326550E-005
  5.158641998520111E-005
  5.157891263696065E-005
  5.157131095850924E-005
  5.156362382686864E-005
  5.155583673531735E-005
  5.154795437370859E-005
  5.153997516014583E-005
  5.153189679523988E-005
  5.152371297288039E-005
  5.151542546732558E-005
  5.150703256601804E-005
  5.149851999485028E-005
  5.148990030718497E-005
  5.148116605172070E-005
  5.147230900319845E-005
  5.146333248507364E-005
  5.145423779303697E-005
  5.144501098512495E-005
  5.143565584385782E-005
  5.142617968125069E-005
  5.141657198944288E-005
  5.140682963274662E-005
  5.139694628580344E-005
  5.138691622309180E-005
  5.137675933182247E-005
  5.136643778195453E-005
  5.135597373757003E-005
  5.134537763270794E-005
  5.133460684310203E-005
  5.132368023453676E-005
  5.131260008087416E-005
  5.130136811068168E-005
  5.128996313138734E-005
  5.127839047129398E-005
  5.126666508636607E-005
  5.125476400044508E-005
  5.124270308096599E-005
  5.123046665744465E-005
  5.121803840362289E-005
  5.120548348514943E-005
  5.119278344409255E-005
  5.117990658604133E-005
  5.116685597005962E-005
  5.115368516769134E-005
  5.114035980827240E-005
  5.112688708063886E-005
  5.111327287339589E-005
  5.109952332382917E-005
  5.108565033701405E-005
  5.107166786746869E-005
  5.105757747011537E-005
  5.104338569567342E-005
  5.102910814927563E-005
  5.101475790273525E-005
  5.100034719129882E-005
  5.098589037340432E-005
  5.097140615440526E-005
  5.095691196858726E-005
  5.094242615351287E-005
  5.092796957994209E-005
  5.091356747642186E-005
  5.089924353815735E-005
  5.088502922689333E-005
  5.087095021287441E-005
  5.085702139681308E-005
  5.084327384930472E-005
  5.082973375554891E-005
  5.081643192210786E-005
  5.080339637963640E-005
  5.079066130604176E-005
  5.077825521512801E-005
  5.076620450610594E-005
  5.075454259915695E-005
  5.074329600420139E-005
  5.073249454933536E-005
  5.072215104952665E-005
  5.071228203683858E-005
  5.070292207468737E-005
  5.069408657473196E-005
  5.068578906296760E-005
  5.067803558882127E-005
  5.067082707524686E-005
  5.066415898200303E-005
  5.065801399058457E-005
  5.065237199869742E-005
  5.064719277351313E-005
  5.064245548625767E-005
  5.063810073534582E-005
  5.063407495657333E-005
  5.063027474324119E-005
  5.062668933597457E-005
  5.062319637546254E-005
  5.061973379900220E-005
  5.061617766309386E-005
  5.061244098195771E-005
  5.060839531791473E-005
  5.060392264969508E-005
  5.059893709728048E-005
  5.059336480872279E-005
  5.058708327297854E-005
  5.058001891420245E-005
  5.057217757003297E-005
  5.056352109788489E-005
  5.055406630696739E-005
  5.054388517308160E-005
  5.053303959056077E-005
  5.052156990808587E-005
  5.050961553161862E-005
  5.049724492315063E-005
  5.048453554441268E-005
  5.047156309446231E-005
  5.045839514448271E-005
  5.044503386395917E-005
  5.043151911158117E-005
  5.041789367889634E-005
  5.040414018984689E-005
  5.039027122002720E-005
  5.037632102337450E-005
  5.036227141349049E-005
  5.034812700846801E-005
  5.033387989067733E-005
  5.031956170833514E-005
  5.030514100540641E-005
  5.029061648908460E-005
  5.027602684645042E-005
  5.026133652872895E-005
  5.024655317896773E-005
  5.023169753677735E-005
  5.021675061657775E-005
  5.020172424752006E-005
  5.018659763202418E-005
  5.017139757003037E-005
  5.015610334354040E-005
  5.014149408568132E-005
  5.012703680276090E-005
  5.011250157424429E-005
  5.009789669547868E-005
  5.008318351726398E-005
  5.006842579761624E-005
  5.005358501553783E-005
  5.003864926754608E-005
  5.002363611597067E-005
  5.000855856104916E-005
  4.999340262190631E-005
  4.997816644228385E-005
  4.996283308982420E-005
  4.994744382556375E-005
  4.993195164700166E-005
  4.991639059785371E-005
  4.990076237150438E-005
  4.988503602134801E-005
  4.986922951267969E-005
  4.985334890509332E-005
  4.983737611037232E-005
  4.982134161367048E-005
  4.980521955594665E-005
  4.978899245372633E-005
  4.977269873987585E-005
  4.975634391069363E-005
  4.973987553981059E-005
  4.972333539108419E-005
  4.970671206938063E-005
  4.969000014667405E-005
  4.967320185546118E-005
  4.965632466715191E-005
  4.963936067899071E-005
  4.962230424992170E-005
  4.960516774620818E-005
  4.958794870351309E-005
  4.957063690979690E-005
  4.955324133027766E-005
  4.953575088252751E-005
  4.951816547796284E-005
  4.950051324167930E-005
  4.948275627200419E-005
  4.946490695966511E-005
  4.944696934917758E-005
  4.942894785155400E-005
  4.941084546136664E-005
  4.939264511996562E-005
  4.937433313476091E-005
  4.935593118541979E-005
  4.933745142923826E-005
  4.931889659998657E-005
  4.930022023769571E-005
  4.928145388152968E-005
  4.926259906205699E-005
  4.924364751701568E-005
  4.922459092143629E-005
  4.920543209155484E-005
  4.918619922990173E-005
  4.916684912900360E-005
  4.914740678907868E-005
  4.912788037967506E-005
  4.910824207213874E-005
  4.908849795358817E-005
  4.906866491313341E-005
  4.904872151318543E-005
  4.902869140588484E-005
  4.900853072869572E-005
  4.898830319216378E-005
  4.896794391923909E-005
  4.894749021073731E-005
  4.892694715803913E-005
  4.890627408888503E-005
  4.888552034657395E-005
  4.886464221238489E-005
  4.884366188248130E-005
  4.882258311271825E-005
  4.880138931631231E-005
  4.878008863963203E-005
  4.875866408194175E-005
  4.873715290882379E-005
  4.871550246605232E-005
  4.869378508849786E-005
  4.867191775152657E-005
  4.864994981969872E-005
  4.862787370507137E-005
  4.860567692680287E-005
  4.858336841970061E-005
  4.856095712098197E-005
  4.853840617691196E-005
  4.851574326522635E-005
  4.849297364088759E-005
  4.847008652205634E-005
  4.844708481287004E-005
  4.842393688256867E-005
  4.840069330116569E-005
  4.837731017738309E-005
  4.835383594575521E-005
  4.833020621692819E-005
  4.830646877663018E-005
  4.828261476158406E-005
  4.825862151601598E-005
  4.823450627611055E-005
  4.821025121259808E-005
  4.818588451017063E-005
  4.816140054681440E-005
  4.813678121413417E-005
  4.811201974476769E-005
  4.808713828102435E-005
  4.806210254596494E-005
  4.803695868626103E-005
  4.801167733368976E-005
  4.798626693473752E-005
  4.796071427238927E-005
  4.793501609227758E-005
  4.790919876939809E-005
  4.788323822521234E-005
  4.785711636573924E-005
  4.783087394984992E-005
  4.780449439067662E-005
  4.777797381247936E-005
  4.775131127521261E-005
  4.772450564761853E-005
  4.769755512147738E-005
  4.767046032972278E-005
  4.764321976597428E-005
  4.761583029073109E-005
  4.758829704776386E-005
  4.756061257820917E-005
  4.753277579512110E-005
  4.750478861087167E-005
  4.747665417066355E-005
  4.744835861052718E-005
  4.741991775833691E-005
  4.739131881417070E-005
  4.736255958455308E-005
  4.733364683057589E-005
  4.730457832495056E-005
  4.727534768783710E-005
  4.724594823519501E-005
  4.721639458447470E-005
  4.718667767151522E-005
  4.715679952989546E-005
  4.712674754478645E-005
  4.709653500648031E-005
  4.706615848686100E-005
  4.703562511441813E-005
  4.700488840279430E-005
  4.697400923809836E-005
  4.694294916132587E-005
  4.691169560038615E-005
  4.688028621914376E-005
  4.684869978148022E-005
  4.681693666649009E-005
  4.678499708490972E-005
  4.675287864187978E-005
  4.672058149678619E-005
  4.668810172462515E-005
  4.665543960545467E-005
  4.662259553350493E-005
  4.658956741425672E-005
  4.655635652743075E-005
  4.652296148584140E-005
  4.648938417868320E-005
  4.645562246146967E-005
  4.642168268124210E-005
  4.638756432130156E-005
  4.635327574493293E-005
  4.631882855716863E-005
  4.628423941055658E-005
  4.624947419192285E-005
  4.621493280685708E-005
  4.618070367143654E-005
  4.614674439999290E-005
  4.611304232341991E-005
  4.607959334625423E-005
  4.604644050778283E-005
  4.601360414637261E-005
  4.598106500917062E-005
  4.594885683515153E-005
  4.591697062303383E-005
  4.588542141137173E-005
  4.585411167194912E-005
  4.582305062815453E-005
  4.579235769375440E-005
  4.576204240070572E-005
  4.573211307232555E-005
  4.570258742600991E-005
  4.567344818387857E-005
  4.564471093399635E-005
  4.561641174805092E-005
  4.558855654957150E-005
  4.556111239379858E-005
  4.553396988393669E-005
  4.550731325503847E-005
  4.548115624975724E-005
  4.545550183077553E-005
  4.543035131067034E-005
  4.540571281796114E-005
  4.538153448559764E-005
  4.535783694375153E-005
  4.533467370189804E-005
  4.531210299468560E-005
  4.529014786993874E-005
  4.526870420216715E-005
  4.524778863350497E-005
  4.522753000635992E-005
  4.520792848762508E-005
  4.518897749441511E-005
  4.517055814809235E-005
  4.515285514819597E-005
  4.513587068968584E-005
  4.511957415177393E-005
  4.510391288090904E-005
  4.508905246832048E-005
  4.507492171308490E-005
  4.506149703719673E-005
  4.504892935232822E-005
  4.503710082372593E-005
  4.502610191369839E-005
  4.501600460798888E-005
  4.500665332094802E-005
  4.499823508126273E-005
  4.499071477215187E-005
  4.498407631898991E-005
  4.497837073844673E-005
  4.497360019082005E-005
  4.496981368209938E-005
  4.496702107906190E-005
  4.496523391398618E-005
  4.496451896062807E-005
  4.496474716196812E-005
  4.496586523079776E-005
  4.496804732618922E-005
  4.497134883338274E-005
  4.497579857136831E-005
  4.498142241532316E-005
  4.498819093493355E-005
  4.499619492830534E-005
  4.500544240618064E-005
  4.501592606666077E-005
  4.502755495778009E-005
  4.504006889372070E-005
  4.505382777480155E-005
  4.506888905646596E-005
  4.508523999326454E-005
  4.510263620089481E-005
  4.512136863881810E-005
  4.514127172289532E-005
  4.516245368405895E-005
  4.518484368213312E-005
  4.520846070623448E-005
  4.523335377797516E-005
  4.525951518726431E-005
  4.528693599907732E-005
  4.531562245939472E-005
  4.534558844788294E-005
  4.537680877490845E-005
  4.540932668512362E-005
  4.544308594323048E-005
  4.547811808311758E-005
  4.551441505715299E-005
  4.555195142715239E-005
  4.559071277466323E-005
  4.563072823941143E-005
  4.567195038095214E-005
  4.571437444315819E-005
  4.575798251515727E-005
  4.580272207376615E-005
  4.584858690589473E-005
  4.589558367391326E-005
  4.594364604475155E-005
  4.599275091484093E-005
  4.604285001757123E-005
  4.609391292548541E-005
  4.614586681031246E-005
  4.619869783328525E-005
  4.625234646863098E-005
  4.630674605023515E-005
  4.636184598031293E-005
  4.641756119677525E-005
  4.647386008643453E-005
  4.653063180952802E-005
  4.658783203007236E-005
  4.664534325642457E-005
  4.670309797189729E-005
  4.676101624720292E-005
  4.669026807371229E-005
  4.658874477522432E-005
  4.648665765719337E-005
  4.638396917743989E-005
  4.628064754924025E-005
  4.617665631516122E-005
  4.607195701290274E-005
  4.596651762012986E-005
  4.586029067166517E-005
  4.575323941015292E-005
  4.564532347861840E-005
  4.553649703070584E-005
  4.542671174857750E-005
  4.531592364462108E-005
  4.520408265137959E-005
  4.509114794334486E-005
  4.497706275198761E-005
  4.486177148559863E-005
  4.474522235748733E-005
  4.462735952997624E-005
  4.450812666792143E-005
  4.438746091177089E-005
  4.426530721798973E-005
  4.414160083923860E-005
  4.401627907139073E-005
  4.388928410131195E-005
  4.376054248288695E-005
  4.362998473167036E-005
  4.349754018848834E-005
  4.336313622548190E-005
  4.322669694388972E-005
  4.308814567481398E-005
  4.294740784577327E-005
  4.280440328880871E-005
  4.265905189295365E-005
  4.251127153097136E-005
  4.236097215223734E-005
  4.220806796140548E-005
  4.205247168887004E-005
  4.189408984831956E-005
  4.173283123075095E-005
  4.156859753729618E-005
  4.140129350785077E-005
  4.123081749771108E-005
  4.105706616199667E-005
  4.087993381493103E-005
  4.069931677130257E-005
  4.051510732573860E-005
  4.032719348297149E-005
  4.013546561775797E-005
  3.993980685492182E-005
  3.974010116957433E-005
  3.953622877430233E-005
  3.932806873910572E-005
  3.911549711722109E-005
  3.889838990384479E-005
  3.867661740395516E-005
  3.845005413915533E-005
  3.821856320395556E-005
  3.798201298456837E-005
  3.774026752579361E-005
  3.749319262002700E-005
  3.724064875115447E-005
  3.698249332038004E-005
  3.671858749660239E-005
  3.644878596980657E-005
  3.617294089160766E-005
  3.589091384905966E-005
  3.560255007430868E-005
  3.530770850547211E-005
  3.500623576697412E-005
  3.469798546153592E-005
  3.438280651507950E-005
  3.406055042383934E-005
  3.373106025628005E-005
  3.339419740066669E-005
  3.304980349920464E-005
  3.269773311510134E-005
  3.233782834010755E-005
  3.196995533144429E-005
  3.159395579906695E-005
  3.120969117963102E-005
  3.081702918752390E-005
  3.041580457069143E-005
  3.000589887200170E-005
  2.958717005498075E-005
  2.915946692669216E-005
  2.872270096019537E-005
  2.827677008864282E-005
  2.782142709595691E-005
  2.735668654900040E-005
  2.688240673104928E-005
  2.639848181474385E-005
  2.590461678848365E-005
  2.540096478773451E-005
  2.488671999198351E-005
  2.436274751775583E-005
