  2.861874364067670E-005
  5.097739778799727E-006
  3.139535695435221E-006
  3.087162085687672E-006
  1.288454480313308E-006
  1.485487516601819E-006
  1.200000017881393E-006
  1.848943331046605E-007
  1.200000017881393E-006
  1.200000017881393E-006
  1.200000017881393E-006
  1.200000017881393E-006
  1.200000017881393E-006
  1.200000017881393E-006
  1.200000017881393E-006
  1.200000017881393E-006
  1.200000017881393E-006
  1.200000017881393E-006
  1.200000017881393E-006
  1.200000017881393E-006
  1.200000017881393E-006
  1.200000017881393E-006
  1.200000017881393E-006
  1.200000017881393E-006
  1.200000017881393E-006
  1.200000017881393E-006
  1.200000017881393E-006
  1.200000017881393E-006
  1.200000017881393E-006
  1.200000017881393E-006
  1.200000017881393E-006
  1.200000017881393E-006
  1.200000017881393E-006
  1.200000017881393E-006
  1.200000017881393E-006
  1.200000017881393E-006
  1.200000017881393E-006
  1.200000017881393E-006
  1.200000017881393E-006
  1.200000017881393E-006
  1.200000017881393E-006
  1.200000017881393E-006
  1.200000017881393E-006
  1.200000017881393E-006
  1.200000017881393E-006
  1.200000017881393E-006
  1.200000017881393E-006
  1.200000017881393E-006
  1.200000017881393E-006
  1.200000017881393E-006
  1.200000017881393E-006
  1.200000017881393E-006
  1.200000017881393E-006
  1.200000017881393E-006
  1.200000017881393E-006
  1.200000017881393E-006
  1.200000017881393E-006
  1.200000017881393E-006
  1.200000017881393E-006
  1.200000017881393E-006
  1.200000017881393E-006
  1.200000017881393E-006
  1.200000017881393E-006
  1.200000017881393E-006
  1.200000017881393E-006
  1.200000017881393E-006
  1.200000017881393E-006
  1.200000017881393E-006
  1.200000017881393E-006
  1.200000017881393E-006
  1.200000017881393E-006
  1.200000017881393E-006
  1.200000017881393E-006
  1.200000017881393E-006
  1.200000017881393E-006
  1.200000017881393E-006
  1.200000017881393E-006
  1.200000017881393E-006
  1.200000017881393E-006
  1.200000017881393E-006
  1.200000017881393E-006
  1.200000017881393E-006
  1.200000017881393E-006
  1.200000017881393E-006
  1.200000017881393E-006
  1.200000017881393E-006
  1.200000017881393E-006
  1.200000017881393E-006
  1.200000017881393E-006
  1.200000017881393E-006
  1.200000017881393E-006
  1.200000017881393E-006
  1.200000017881393E-006
  1.200000017881393E-006
  1.200000017881393E-006
  1.200000017881393E-006
  1.200000017881393E-006
  1.200000017881393E-006
  1.200000017881393E-006
  1.200000017881393E-006
  1.200000017881393E-006
  1.200000017881393E-006
  1.200000017881393E-006
  1.200000017881393E-006
  1.200000017881393E-006
  1.200000017881393E-006
  1.200000017881393E-006
  1.200000017881393E-006
  1.200000017881393E-006
  1.200000017881393E-006
  1.200000017881393E-006
  1.200000017881393E-006
  1.200000017881393E-006
  1.200000017881393E-006
  1.200000017881393E-006
  1.200000017881393E-006
  1.200000017881393E-006
  1.200000017881393E-006
  1.200000017881393E-006
  1.200000017881393E-006
  1.200000017881393E-006
  1.200000017881393E-006
  1.200000017881393E-006
  1.200000017881393E-006
  1.200000017881393E-006
  1.200000017881393E-006
  1.200000017881393E-006
  1.200000017881393E-006
  1.200000017881393E-006
  1.200000017881393E-006
  1.200000017881393E-006
  1.200000017881393E-006
  1.200000017881393E-006
  1.200000017881393E-006
  1.200000017881393E-006
  1.200000017881393E-006
  1.200000017881393E-006
  1.200000017881393E-006
  1.200000017881393E-006
  1.200000017881393E-006
  1.200000017881393E-006
  1.200000017881393E-006
  1.200000017881393E-006
  1.200000017881393E-006
  1.200000017881393E-006
  1.200000017881393E-006
  1.200000017881393E-006
  1.200000017881393E-006
  1.200000017881393E-006
  1.200000017881393E-006
  1.200000017881393E-006
  1.200000017881393E-006
  1.200000017881393E-006
  1.200000017881393E-006
  1.200000017881393E-006
  1.200000017881393E-006
  1.200000017881393E-006
  1.200000017881393E-006
  1.200000017881393E-006
  1.200000017881393E-006
  1.200000017881393E-006
  1.200000017881393E-006
  1.200000017881393E-006
  1.200000017881393E-006
  1.200000017881393E-006
  1.200000017881393E-006
  1.200000017881393E-006
  1.200000017881393E-006
  1.200000017881393E-006
  1.200000017881393E-006
  1.200000017881393E-006
  1.200000017881393E-006
  1.200000017881393E-006
  1.200000017881393E-006
  1.200000017881393E-006
  1.200000017881393E-006
  1.200000017881393E-006
  1.200000017881393E-006
  1.200000017881393E-006
  1.200000017881393E-006
  1.200000017881393E-006
  1.200000017881393E-006
  1.200000017881393E-006
  1.200000017881393E-006
  1.200000017881393E-006
  1.200000017881393E-006
  1.200000017881393E-006
  1.200000017881393E-006
  1.200000017881393E-006
  1.200000017881393E-006
  1.200000017881393E-006
  1.200000017881393E-006
  1.200000017881393E-006
  1.200000017881393E-006
  1.200000017881393E-006
  1.200000017881393E-006
  1.200000017881393E-006
  1.200000017881393E-006
  1.200000017881393E-006
  1.200000017881393E-006
  1.200000017881393E-006
  1.200000017881393E-006
  1.200000017881393E-006
  1.200000017881393E-006
  1.200000017881393E-006
  1.200000017881393E-006
  1.200000017881393E-006
  1.200000017881393E-006
  1.200000017881393E-006
  1.200000017881393E-006
  1.200000017881393E-006
  1.200000017881393E-006
  1.200000017881393E-006
  1.200000017881393E-006
  1.200000017881393E-006
  1.200000017881393E-006
  1.200000017881393E-006
  1.200000017881393E-006
  1.200000017881393E-006
  1.200000017881393E-006
  1.200000017881393E-006
  1.200000017881393E-006
  1.200000017881393E-006
  1.200000017881393E-006
  1.200000017881393E-006
  1.200000017881393E-006
  1.200000017881393E-006
  1.200000017881393E-006
  1.200000017881393E-006
  1.200000017881393E-006
  1.200000017881393E-006
  1.200000017881393E-006
  1.200000017881393E-006
  1.200000017881393E-006
  1.200000017881393E-006
  1.200000017881393E-006
  1.200000017881393E-006
  1.200000017881393E-006
  1.200000017881393E-006
  1.200000017881393E-006
  1.200000017881393E-006
  1.200000017881393E-006
  1.200000017881393E-006
  1.200000017881393E-006
  1.200000017881393E-006
  1.200000017881393E-006
  1.200000017881393E-006
  1.200000017881393E-006
  1.200000017881393E-006
  1.200000017881393E-006
  1.200000017881393E-006
  1.200000017881393E-006
  1.200000017881393E-006
  1.200000017881393E-006
  1.200000017881393E-006
  1.200000017881393E-006
  1.200000017881393E-006
  1.200000017881393E-006
  1.200000017881393E-006
  1.200000017881393E-006
  1.200000017881393E-006
  1.200000017881393E-006
  1.200000017881393E-006
  1.200000017881393E-006
  1.200000017881393E-006
  1.200000017881393E-006
  1.200000017881393E-006
  1.200000017881393E-006
  1.200000017881393E-006
  1.200000017881393E-006
  1.200000017881393E-006
  1.200000017881393E-006
  1.200000017881393E-006
  1.200000017881393E-006
  1.200000017881393E-006
  1.200000017881393E-006
  1.200000017881393E-006
  1.200000017881393E-006
  1.200000017881393E-006
  1.200000017881393E-006
  1.200000017881393E-006
  1.200000017881393E-006
  1.200000017881393E-006
  1.200000017881393E-006
  1.200000017881393E-006
  1.200000017881393E-006
  1.200000017881393E-006
  1.200000017881393E-006
  1.200000017881393E-006
  1.200000017881393E-006
  1.200000017881393E-006
  1.200000017881393E-006
  1.200000017881393E-006
  1.200000017881393E-006
  1.200000017881393E-006
  1.200000017881393E-006
  1.200000017881393E-006
  1.200000017881393E-006
  1.200000017881393E-006
  1.200000017881393E-006
  1.200000017881393E-006
  1.200000017881393E-006
  1.200000017881393E-006
  1.200000017881393E-006
  1.200000017881393E-006
  1.200000017881393E-006
  1.200000017881393E-006
  1.200000017881393E-006
  1.200000017881393E-006
  1.200000017881393E-006
  1.200000017881393E-006
  1.200000017881393E-006
  1.200000017881393E-006
  1.200000017881393E-006
  1.200000017881393E-006
  1.200000017881393E-006
  1.200000017881393E-006
  1.200000017881393E-006
  1.200000017881393E-006
  1.200000017881393E-006
  1.200000017881393E-006
  1.200000017881393E-006
  1.200000017881393E-006
  1.200000017881393E-006
  1.200000017881393E-006
  1.200000017881393E-006
  1.200000017881393E-006
  1.200000017881393E-006
  1.200000017881393E-006
  1.200000017881393E-006
  1.200000017881393E-006
  1.200000017881393E-006
  1.200000017881393E-006
  1.200000017881393E-006
  1.200000017881393E-006
  1.200000017881393E-006
  1.200000017881393E-006
  1.200000017881393E-006
  1.200000017881393E-006
  1.200000017881393E-006
  1.200000017881393E-006
  1.200000017881393E-006
  1.200000017881393E-006
  1.200000017881393E-006
  1.200000017881393E-006
  1.200000017881393E-006
  1.200000017881393E-006
  1.200000017881393E-006
  1.200000017881393E-006
  1.200000017881393E-006
  1.200000017881393E-006
  1.200000017881393E-006
  1.200000017881393E-006
  1.200000017881393E-006
  1.200000017881393E-006
  1.200000017881393E-006
  1.200000017881393E-006
  1.200000017881393E-006
  1.200000017881393E-006
  1.200000017881393E-006
  1.200000017881393E-006
  1.200000017881393E-006
  1.200000017881393E-006
  1.200000017881393E-006
  1.200000017881393E-006
  1.200000017881393E-006
  1.200000017881393E-006
  1.200000017881393E-006
  1.200000017881393E-006
  1.200000017881393E-006
  1.200000017881393E-006
  1.200000017881393E-006
  1.200000017881393E-006
  1.200000017881393E-006
  1.200000017881393E-006
  1.200000017881393E-006
  1.200000017881393E-006
  1.200000017881393E-006
  1.200000017881393E-006
  1.200000017881393E-006
  1.200000017881393E-006
  1.200000017881393E-006
  1.200000017881393E-006
  1.200000017881393E-006
  1.200000017881393E-006
  1.200000017881393E-006
  1.200000017881393E-006
  1.200000017881393E-006
  1.200000017881393E-006
  1.200000017881393E-006
  1.200000017881393E-006
  1.200000017881393E-006
  1.200000017881393E-006
  1.200000017881393E-006
  1.200000017881393E-006
  1.200000017881393E-006
  1.200000017881393E-006
  1.200000017881393E-006
  1.200000017881393E-006
  1.200000017881393E-006
  1.200000017881393E-006
  1.200000017881393E-006
  1.200000017881393E-006
  1.200000017881393E-006
  1.200000017881393E-006
  1.200000017881393E-006
  1.200000017881393E-006
  1.200000017881393E-006
  1.200000017881393E-006
  1.200000017881393E-006
  1.200000017881393E-006
  1.200000017881393E-006
  1.200000017881393E-006
  1.200000017881393E-006
  1.200000017881393E-006
  1.200000017881393E-006
  1.200000017881393E-006
  1.200000017881393E-006
  1.200000017881393E-006
  1.200000017881393E-006
  1.200000017881393E-006
  1.200000017881393E-006
  1.200000017881393E-006
  1.200000017881393E-006
  1.200000017881393E-006
  1.200000017881393E-006
  1.200000017881393E-006
  1.200000017881393E-006
  1.200000017881393E-006
  1.200000017881393E-006
  1.200000017881393E-006
  1.200000017881393E-006
  1.200000017881393E-006
  1.200000017881393E-006
  1.200000017881393E-006
  1.200000017881393E-006
  1.200000017881393E-006
  1.200000017881393E-006
  1.200000017881393E-006
  1.200000017881393E-006
  1.200000017881393E-006
  1.200000017881393E-006
  1.200000017881393E-006
  1.200000017881393E-006
  1.200000017881393E-006
  1.200000017881393E-006
  1.200000017881393E-006
  1.200000017881393E-006
  1.200000017881393E-006
  1.200000017881393E-006
  1.200000017881393E-006
  1.200000017881393E-006
  1.200000017881393E-006
  1.200000017881393E-006
  1.200000017881393E-006
  1.200000017881393E-006
  1.200000017881393E-006
  1.200000017881393E-006
  1.200000017881393E-006
  1.200000017881393E-006
  1.200000017881393E-006
  1.200000017881393E-006
  1.200000017881393E-006
  1.200000017881393E-006
  1.200000017881393E-006
  1.200000017881393E-006
  1.200000017881393E-006
  1.200000017881393E-006
  1.200000017881393E-006
  1.200000017881393E-006
  1.200000017881393E-006
  1.200000017881393E-006
  1.200000017881393E-006
  1.200000017881393E-006
  1.200000017881393E-006
  1.200000017881393E-006
  1.200000017881393E-006
  1.200000017881393E-006
  1.200000017881393E-006
  1.200000017881393E-006
  1.200000017881393E-006
  1.200000017881393E-006
  1.200000017881393E-006
  1.200000017881393E-006
  1.200000017881393E-006
  1.200000017881393E-006
  1.200000017881393E-006
  1.200000017881393E-006
  1.200000017881393E-006
  1.200000017881393E-006
  1.200000017881393E-006
  1.200000017881393E-006
  1.200000017881393E-006
  1.200000017881393E-006
  1.200000017881393E-006
  1.200000017881393E-006
  1.200000017881393E-006
  1.200000017881393E-006
  1.200000017881393E-006
  1.200000017881393E-006
  1.200000017881393E-006
  1.200000017881393E-006
  1.200000017881393E-006
  1.200000017881393E-006
  1.200000017881393E-006
  1.200000017881393E-006
  1.200000017881393E-006
  1.200000017881393E-006
  1.200000017881393E-006
  1.200000017881393E-006
  1.200000017881393E-006
  1.200000017881393E-006
  1.200000017881393E-006
  1.200000017881393E-006
  1.200000017881393E-006
  1.200000017881393E-006
  1.200000017881393E-006
  1.200000017881393E-006
  1.200000017881393E-006
  1.200000017881393E-006
  1.200000017881393E-006
  1.200000017881393E-006
  1.200000017881393E-006
  1.200000017881393E-006
  1.200000017881393E-006
  1.200000017881393E-006
  1.200000017881393E-006
  1.200000017881393E-006
  1.200000017881393E-006
  1.200000017881393E-006
  1.200000017881393E-006
  1.200000017881393E-006
  1.200000017881393E-006
  1.200000017881393E-006
  1.200000017881393E-006
  1.200000017881393E-006
  1.200000017881393E-006
  1.200000017881393E-006
  1.200000017881393E-006
  1.200000017881393E-006
  1.200000017881393E-006
  1.200000017881393E-006
  1.200000017881393E-006
  1.200000017881393E-006
  1.200000017881393E-006
  1.200000017881393E-006
  1.200000017881393E-006
  1.200000017881393E-006
  1.200000017881393E-006
  1.200000017881393E-006
  1.200000017881393E-006
  1.200000017881393E-006
  1.200000017881393E-006
  1.200000017881393E-006
  1.200000017881393E-006
  1.200000017881393E-006
  1.200000017881393E-006
  1.200000017881393E-006
  1.200000017881393E-006
  1.200000017881393E-006
  1.200000017881393E-006
  1.200000017881393E-006
  1.200000017881393E-006
  1.200000017881393E-006
  1.200000017881393E-006
  1.200000017881393E-006
  1.200000017881393E-006
  1.200000017881393E-006
  1.200000017881393E-006
  1.200000017881393E-006
  1.200000017881393E-006
  1.200000017881393E-006
  1.200000017881393E-006
  1.200000017881393E-006
  1.200000017881393E-006
  1.200000017881393E-006
  1.200000017881393E-006
  1.200000017881393E-006
  1.200000017881393E-006
  6.339816476994766E-008
  2.302546671238457E-007
  3.972782398223664E-007
  5.644703200284596E-007
  7.318275736268597E-007
  8.993449608478330E-007
  1.067017178717065E-006
  1.234838535513380E-006
  1.402802837939548E-006
  1.570905725172120E-006
  1.739140660329858E-006
  1.907502654366804E-006
  2.075985884908352E-006
  2.244584321567530E-006
  2.413292711114892E-006
  2.582105487333750E-006
  2.751016973674985E-006
  2.920020651815692E-006
  3.089112004860337E-006
  3.258285116556526E-006
  3.427534319846396E-006
  3.596853545263215E-006
  3.766237353674302E-006
  3.935679734686395E-006
  4.105175529784126E-006
  4.274719154536450E-006
  4.444304571114236E-006
  4.613926061404919E-006
  4.783578204716299E-006
  4.953255433019244E-006
  5.122951948826894E-006
  5.292661840474193E-006
  5.462379752686593E-006
  5.632100093240014E-006
  5.801817757967149E-006
  5.971525572611827E-006
  6.141219665401080E-006
  6.310893711678958E-006
  6.480541374273019E-006
  6.650158451607797E-006
  6.819738827942918E-006
  6.989276594159994E-006
  7.158766821166061E-006
  7.328203649887885E-006
  7.497581603771819E-006
  7.666895739016151E-006
  7.836139543538329E-006
  8.005308357906914E-006
  8.174396784910189E-006
  8.343399021210226E-006
  8.512310299913401E-006
  8.681124199418964E-006
  8.849836812376997E-006
  9.018441207785189E-006
  9.186933549471513E-006
  9.355307584106034E-006
  9.523559022508314E-006
  9.691681389972148E-006
  9.859670408227727E-006
  1.002752075799924E-005
  1.019522737939916E-005
  1.036278503490600E-005
  1.053018873931700E-005
  1.069743287727951E-005
  1.086451337056893E-005
  1.103142443136032E-005
  1.119816195391675E-005
  1.136471969148436E-005
  1.153109402857648E-005
  1.169727973795329E-005
  1.186327151613692E-005
  1.202906529400535E-005
  1.219465563731876E-005
  1.236003807835592E-005
  1.252520856984734E-005
  1.269016149615555E-005
  1.285489304921340E-005
  1.301939741772573E-005
  1.318367078020416E-005
  1.334770963384290E-005
  1.351150750381375E-005
  1.367506179078453E-005
  1.383836723724765E-005
  1.400141955617013E-005
  1.416421412007323E-005
  1.432674701219419E-005
  1.448901500051011E-005
  1.465101197048487E-005
  1.481273445054830E-005
  1.497417939063084E-005
  1.513534205056678E-005
  1.529621731788536E-005
  1.545680297233684E-005
  1.561709346409935E-005
  1.577708647283353E-005
  1.593677697817442E-005
  1.609616100387180E-005
  1.625523625503355E-005
  1.641399733478269E-005
  1.657244178397848E-005
  1.673056553073905E-005
  1.688836494080689E-005
  1.704583612595580E-005
  1.720297592214284E-005
  1.735978077989239E-005
  1.751624783218357E-005
  1.767237296279885E-005
  1.782815352978579E-005
  1.798358535759212E-005
  1.813866649563506E-005
  1.829339241868113E-005
  1.844776027920270E-005
  1.860176780410114E-005
  1.875541076718639E-005
  1.890868669673471E-005
  1.906159383589407E-005
  1.921412706533906E-005
  1.936628455180149E-005
  1.951806458830925E-005
  1.966946297688416E-005
  1.982047666758888E-005
  1.997110370190241E-005
  2.012134278376661E-005
  2.027118896425492E-005
  2.042064007800927E-005
  2.056969422133903E-005
  2.071835040792082E-005
  2.086660460149706E-005
  2.101445392282549E-005
  2.116189634204331E-005
  2.130892990408374E-005
  2.145555302487267E-005
  2.160176359373945E-005
  2.174755837273660E-005
  2.189293536437266E-005
  2.203789276193096E-005
  2.218242839307515E-005
  2.232654056771128E-005
  2.247022730962635E-005
  2.261348768741818E-005
  2.275631903884667E-005
  2.289871905224052E-005
  2.304068655405847E-005
  2.318222068165518E-005
  2.332331859406616E-005
  2.346397814044951E-005
  2.360419846594436E-005
  2.374397849760378E-005
  2.388331639462260E-005
  2.402221056724440E-005
  2.416065971530150E-005
  2.429866232061791E-005
  2.443621767311387E-005
  2.457332424183837E-005
  2.470997994528700E-005
  2.484618385126514E-005
  2.498193560330452E-005
  2.511723431873056E-005
  2.525207725230388E-005
  2.538646518429767E-005
  2.552039632762500E-005
  2.565386966958154E-005
  2.578688339356898E-005
  2.591943766685115E-005
  2.605153186606577E-005
  2.618316470617908E-005
  2.631433585699726E-005
  2.644504351900860E-005
  2.657528807541923E-005
  2.670506919236411E-005
  2.683438546646761E-005
  2.696323498131103E-005
  2.709161982461637E-005
  2.721953704820898E-005
  2.734698776794698E-005
  2.747397111865915E-005
  2.760048744890352E-005
  2.772653436921949E-005
  2.785211300341454E-005
  2.797722291528818E-005
  2.810186326663624E-005
  2.822603529315417E-005
  2.834973613971948E-005
  2.847296731727058E-005
  2.859572850187064E-005
  2.871802013867966E-005
  2.883984153693529E-005
  2.896119232129096E-005
  2.908207193621762E-005
  2.920248203395937E-005
  2.932242183682209E-005
  2.944189058292333E-005
  2.956088869179571E-005
  2.967941760396415E-005
  2.979747644607153E-005
  2.991506464765730E-005
  3.003218284250946E-005
  3.014883286291163E-005
  3.026501203392044E-005
  3.038072243492805E-005
  3.049596468439681E-005
  3.061073862160902E-005
  3.072504379521168E-005
  3.083888124920166E-005
  3.095225249081572E-005
  3.106515530969751E-005
  3.117759196582227E-005
  3.128956380200396E-005
  3.140106792155589E-005
  3.151210784580557E-005
  3.162268439541954E-005
  3.173279513547468E-005
  3.184244299158628E-005
  3.195162900770581E-005
  3.206035091829547E-005
  3.216861239754552E-005
  3.227641358173090E-005
  3.238375267363864E-005
  3.249063322533784E-005
  3.259705503545957E-005
  3.270301765621740E-005
  3.280852386029411E-005
  3.291357280978585E-005
  3.301816606017536E-005
  3.312230466376695E-005
  3.322598783295580E-005
  3.332921862168638E-005
  3.343199683112100E-005
  3.353432230455525E-005
  3.363619804414404E-005
  3.373762260790937E-005
  3.383859949842711E-005
  3.393912755787260E-005
  3.403920804832351E-005
  3.413884356355351E-005
  3.423803279874944E-005
  3.433677891453713E-005
  3.443508055581162E-005
  3.453294028783667E-005
  3.463035946056057E-005
  3.472733777485757E-005
  3.482387808626416E-005
  3.491997950118163E-005
  3.501564450740430E-005
  3.511087336245819E-005
  3.520566729684263E-005
  3.530002833138763E-005
  3.539395607400710E-005
  3.548745357461806E-005
  3.558051978521686E-005
  3.567315790759524E-005
  3.576536776192535E-005
  3.585715088078069E-005
  3.594850867443812E-005
  3.603944188189682E-005
  3.612995260000926E-005
  3.622004079740649E-005
  3.630970944176040E-005
  3.639895731032775E-005
  3.648778830347644E-005
  3.657620153178686E-005
  3.666419981378267E-005
  3.675178311350195E-005
  3.683895385786802E-005
  3.692571281401081E-005
  3.701206106707931E-005
  3.709800023092183E-005
  3.718353131940537E-005
  3.726865621462338E-005
  3.735337532841979E-005
  3.743769122738287E-005
  3.752160364706993E-005
  3.760511603424504E-005
  3.768822709587671E-005
  3.777094052632104E-005
  3.785325607502188E-005
  3.793517635887621E-005
  3.801670154789075E-005
  3.809783418001201E-005
  3.817857466685963E-005
  3.825892522370556E-005
  3.833888619887803E-005
  3.841845983397401E-005
  3.849764690774561E-005
  3.857644924210195E-005
  3.865486789042412E-005
  3.873290484969747E-005
  3.881056110590577E-005
  3.888783800968628E-005
  3.896473721894908E-005
  3.904125988114421E-005
  3.911740712956106E-005
  3.919318087279669E-005
  3.926858227944664E-005
  3.934361316931207E-005
  3.941827476804731E-005
  3.949256836517645E-005
  3.956649510358975E-005
  3.964005657167018E-005
  3.971325469616028E-005
  3.978609039589621E-005
  3.985856569564427E-005
  3.993068118055735E-005
  4.000243875955184E-005
  4.007383949112468E-005
  4.014488561464755E-005
  4.021557805386769E-005
  4.028591793161493E-005
  4.035590658757036E-005
  4.042554652739516E-005
  4.049483830110514E-005
  4.056378363503452E-005
  4.063238307372477E-005
  4.070063974920222E-005
  4.076855404165685E-005
  4.083612730878670E-005
  4.090336071935095E-005
  4.097025702207618E-005
  4.103681633600443E-005
  4.110304069316324E-005
  4.116893091200320E-005
  4.123449001126329E-005
  4.129971668003571E-005
  4.136461502201581E-005
  4.142918523438908E-005
  4.149342870270063E-005
  4.155734663940953E-005
  4.162094196740268E-005
  4.168421361594141E-005
  4.174716521134247E-005
  4.180979747188653E-005
  4.187211064758634E-005
  4.193410752925675E-005
  4.199578989415243E-005
  4.205715746531303E-005
  4.211821345418853E-005
  4.217895721070581E-005
  4.223939194876598E-005
  4.229951850739102E-005
  4.235933759333074E-005
  4.241885197355350E-005
  4.247806161468764E-005
  4.253696880039565E-005
  4.259557483084718E-005
  4.265388017278391E-005
  4.271188786470925E-005
  4.276959714626939E-005
  4.282701220202977E-005
  4.288413089293697E-005
  4.294095775155229E-005
  4.299749174656377E-005
  4.305373625242329E-005
  4.310969088422896E-005
  4.316535843335084E-005
  4.322073926581517E-005
  4.327583530466712E-005
  4.333064727668075E-005
  4.338517710546584E-005
  4.343942589312673E-005
  4.349339513129780E-005
  4.354708542845148E-005
  4.360049934579173E-005
  4.365363651279267E-005
  4.370650094548578E-005
  4.375909023209580E-005
  4.381140926129177E-005
  4.386345659049338E-005
  4.391523556126207E-005
  4.396674628602039E-005
  4.401799000174783E-005
  4.406896941655323E-005
  4.411968301446125E-005
  4.417013535037614E-005
  4.422032553175333E-005
  4.427025524675726E-005
  4.431992775826058E-005
  4.436933949460572E-005
  4.441849690391963E-005
  4.446739854603554E-005
  4.451604543424165E-005
  4.456444135493333E-005
  4.461258420848064E-005
  4.466047689964582E-005
  4.470812229709045E-005
  4.475551788025420E-005
  4.480266681989383E-005
  4.484957274717442E-005
  4.489623213699781E-005
  4.494264869505158E-005
  4.498882494684701E-005
  4.503476076152775E-005
  4.508045474144134E-005
  4.512591213840365E-005
  4.517113446252619E-005
  4.521611811483488E-005
  4.526086710229719E-005
  4.530538393141306E-005
  4.534967020371115E-005
  4.539372277549428E-005
  4.543754434547896E-005
  4.548113878083633E-005
  4.552450711400013E-005
  4.556765008249163E-005
  4.561056157813223E-005
  4.565325090831343E-005
  4.569571878814898E-005
  4.573796561120738E-005
  4.577999294446270E-005
  4.582180034211353E-005
  4.586338208236433E-005
  4.590474867704131E-005
  4.594590084763384E-005
  4.598683813220058E-005
  4.602756362967299E-005
  4.606807693340173E-005
  4.610837945727231E-005
  4.614847041521398E-005
  4.618835229498354E-005
  4.622803112564232E-005
  4.626747715806582E-005
  4.630667910431028E-005
  4.635624016643977E-005
  4.638452078550029E-005
  4.642325872298206E-005
  4.646168871294534E-005
  4.649992907069346E-005
  4.653796404676325E-005
  4.657580772094454E-005
  4.661345014654728E-005
  4.665089521738014E-005
  4.668814351850463E-005
  4.672519924748999E-005
  4.676205983327254E-005
  4.679872709441802E-005
  4.683520233390725E-005
  4.687148594421793E-005
  4.690758023430635E-005
  4.694348431842833E-005
  4.697920046077276E-005
  4.701472892245096E-005
  4.705007076219540E-005
  4.708522761020182E-005
  4.712019897255588E-005
  4.715498719048396E-005
  4.718959258885740E-005
  4.722401574384094E-005
  4.725825834588417E-005
  4.729231547358545E-005
  4.732619071965665E-005
  4.735988934829303E-005
  4.739341106029927E-005
  4.742675745970206E-005
  4.745992893771724E-005
  4.749292570678913E-005
  4.752574942268587E-005
  4.755840005234446E-005
  4.759087878274114E-005
  4.762318679763383E-005
  4.765532403127404E-005
  4.768729217685342E-005
  4.771909194691583E-005
  4.775072329327068E-005
  4.778218806104876E-005
  4.781348691784273E-005
  4.784461979947964E-005
  4.787558871009035E-005
  4.790639389105445E-005
  4.793703586507257E-005
  4.796751607340726E-005
  4.799783495982335E-005
  4.802799312502088E-005
  4.805799186620686E-005
  4.808783172763828E-005
  4.811751321619139E-005
  4.814703771569165E-005
  4.817640542288452E-005
  4.820561726321162E-005
  4.823467445546965E-005
  4.826357713769624E-005
  4.829232618926439E-005
  4.832092270400984E-005
  4.834936712241600E-005
  4.837766000577307E-005
  4.840580269294591E-005
  4.843379551894598E-005
  4.846163889595969E-005
  4.848933431250893E-005
  4.851688218795920E-005
  4.854428277733836E-005
  4.857153724208061E-005
  4.859864651825375E-005
  4.862561049410239E-005
  4.865243035975884E-005
  4.867910710870456E-005
  4.870564077903110E-005
  4.873203228713345E-005
  4.875828276704521E-005
  4.878439248403659E-005
  4.881036186506794E-005
  4.883619206671798E-005
  4.886188389643915E-005
  4.888743683088305E-005
  4.891285263979087E-005
  4.893813204842606E-005
  4.896327495009011E-005
  4.898828211682838E-005
  4.901315481733461E-005
  4.903789343941060E-005
  4.906249762165727E-005
  4.908696922453673E-005
  4.911130876845841E-005
  4.913551594874548E-005
  4.915959191810502E-005
  4.918353768350204E-005
  4.920735371761210E-005
  4.923103940216522E-005
  4.925459672896092E-005
  4.927802610046482E-005
  4.930132747002431E-005
  4.932450144716881E-005
  4.934754929890721E-005
  4.937047134712890E-005
  4.939326755514355E-005
  4.941593886133113E-005
  4.943848615997253E-005
  4.946090973147466E-005
  4.948320965034038E-005
  4.950538706476274E-005
  4.952744233854612E-005
  4.954937623389988E-005
  4.957118845884085E-005
  4.959288036089056E-005
  4.961445232945153E-005
  4.963590508184880E-005
  4.965723854966307E-005
  4.967845320403051E-005
  4.969955029813430E-005
  4.972053028385179E-005
  4.974139280906185E-005
  4.976213861326689E-005
  4.978276877154059E-005
  4.980328371409251E-005
  4.982368328068163E-005
  4.984396767426092E-005
  4.986413839553959E-005
  4.988419572329145E-005
  4.990413973357572E-005
  4.992396997785259E-005
  4.994368832904752E-005
  4.996329469231087E-005
  4.998278981209926E-005
  5.000217380164029E-005
  5.002144653751809E-005
  5.004060922075498E-005
  5.005966241392483E-005
  5.007860649890840E-005
  5.009744077967524E-005
  5.011616650079538E-005
  5.013478437703962E-005
  5.015329460295911E-005
  5.017169777650259E-005
  5.018999298919595E-005
  5.020818198481301E-005
  5.022626483446425E-005
  5.024424225706391E-005
  5.026211439085980E-005
  5.027988050131716E-005
  5.029754218192015E-005
  5.031509989011830E-005
  5.033255356673828E-005
  5.034990416080134E-005
  5.036715066984897E-005
  5.038429417457277E-005
  5.040133560921690E-005
  5.041827501897843E-005
  5.043511282808090E-005
  5.045184908227591E-005
  5.046848313861191E-005
  5.048501693249319E-005
  5.050145024817773E-005
  5.051778371810265E-005
  5.053401764191003E-005
  5.055015145925862E-005
  5.056618586689360E-005
  5.058212161721656E-005
  5.059795945767947E-005
  5.061369855663284E-005
  5.062934036604340E-005
  5.064488483426511E-005
  5.066033160707011E-005
  5.067568170134827E-005
  5.069093321351518E-005
  5.070609021203701E-005
  5.072114987728257E-005
  5.073611322344081E-005
  5.075097915529708E-005
  5.076575300463168E-005
  5.078042985965458E-005
  5.079501175707541E-005
  5.080949922816345E-005
  5.082389205043494E-005
  5.083818781197604E-005
  5.085239315200484E-005
  5.086650305573956E-005
  5.088051995114282E-005
  5.089444556011517E-005
  5.090827559343737E-005
  5.092201529944346E-005
  5.093566074171672E-005
  5.094921548844477E-005
  5.096267516629339E-005
  5.097604615810534E-005
  5.098932162834942E-005
  5.100250405624302E-005
  5.101559599827875E-005
  5.102859732547166E-005
  5.104150820391270E-005
  5.105432804932978E-005
  5.106705652176087E-005
  5.107969555859903E-005
  5.109224395628379E-005
  5.110470284763521E-005
  5.111707230918989E-005
  5.112935253072121E-005
  5.114154346872883E-005
  5.115364520434067E-005
  5.116565734254211E-005
  5.117757881170121E-005
  5.118941258539269E-005
  5.120115791704491E-005
  5.121281454663949E-005
  5.122438353992181E-005
  5.123586436567218E-005
  5.124725759346651E-005
  5.125856323964614E-005
  5.126978134510542E-005
  5.128091208932152E-005
  5.129195511397212E-005
  5.130291106536463E-005
  5.131378012764339E-005
  5.132456217913787E-005
  5.133525740789232E-005
  5.134586535162941E-005
  5.135638634874909E-005
  5.136682125555988E-005
  5.137716979951946E-005
  5.138743230135144E-005
  5.139760858286701E-005
  5.140769872482230E-005
  5.141770268063304E-005
  5.142762071776928E-005
  5.143745325109165E-005
  5.144720004793792E-005
  5.145686131450633E-005
  5.146643677194359E-005
  5.147592673804826E-005
  5.148533138279528E-005
  5.149465076800664E-005
  5.150388491032058E-005
  5.151303379131317E-005
  5.152209760727208E-005
  5.153107645893653E-005
  5.153997028721453E-005
  5.154877911331219E-005
  5.155750300164112E-005
  5.156614210675758E-005
  5.157469075989432E-005
  5.158315375048490E-005
  5.159153343736943E-005
  5.159982908479780E-005
  5.160804336888278E-005
  5.161617268315018E-005
  5.162421614681707E-005
  5.163217935924512E-005
  5.164005414284055E-005
  5.164784635941517E-005
  5.165555502216944E-005
  5.166317689100024E-005
  5.167071829948527E-005
  5.167817298971721E-005
  5.168554717798421E-005
  5.169283274015160E-005
  5.170003467113080E-005
  5.170715284677617E-005
  5.171418716283486E-005
  5.172113751689846E-005
  5.172800379793842E-005
  5.173478587893168E-005
  5.174148361191126E-005
  5.174809682310759E-005
  5.175462531045614E-005
  5.176106884083205E-005
  5.176742714786834E-005
  5.177369993054014E-005
  5.177988685174610E-005
  5.178598753791790E-005
  5.179200157840502E-005
  5.179792852643789E-005
  5.180376789918817E-005
  5.180951918067951E-005
  5.181518182270868E-005
  5.182075524812522E-005
  5.182623885431500E-005
  5.183163201661736E-005
  5.183693409339003E-005
  5.184214443034512E-005
  5.184726236677219E-005
  5.185228724132948E-005
  5.185721839890737E-005
  5.186205519714350E-005
  5.186679701431048E-005
  5.187144325528346E-005
  5.187599335961831E-005
  5.188044680728349E-005
  5.188480312559852E-005
  5.188906189504529E-005
  5.189322275463237E-005
  5.189728540729524E-005
  5.190124962512237E-005
  5.190511525339117E-005
  5.190888221548338E-005
  5.191255051666496E-005
  5.191612024815943E-005
  5.191959159064130E-005
  5.192296481782128E-005
  5.192624029956898E-005
  5.192941850487322E-005
  5.193250000473689E-005
  5.193548547457743E-005
  5.193837569655451E-005
  5.194117156168885E-005
  5.194387407155866E-005
  5.194648434001451E-005
  5.194900359417041E-005
  5.195143317571617E-005
  5.195377454128451E-005
  5.195602926294202E-005
  5.195819902811561E-005
  5.196028563910278E-005
  5.196229101220883E-005
  5.196421717639397E-005
  5.196606627123919E-005
  5.196784054441216E-005
  5.196954234822718E-005
  5.197117413561804E-005
  5.197273845475248E-005
  5.197423794290189E-005
  5.197567531863625E-005
  5.197705337274810E-005
  5.197837495708875E-005
  5.197964297160044E-005
  5.198086034869199E-005
  5.198203003502670E-005
  5.198315496994158E-005
  5.198423806064103E-005
  5.198528215318017E-005
  5.198629015833377E-005
  5.198726450484167E-005
  5.198820840278398E-005
  5.198912266867937E-005
  5.199000964592759E-005
  5.199087181686907E-005
  5.199170947300650E-005
  5.199252428655634E-005
  5.199331542584389E-005
  5.199408311697387E-005
  5.199482719061926E-005
  5.199554683392172E-005
  5.199623894929057E-005
  5.199690062396575E-005
  5.199752905774753E-005
  5.199812092360376E-005
  5.199867266610537E-005
  5.199918076841943E-005
  5.199964184872222E-005
  5.200005284569850E-005
  5.200041109256859E-005
  5.200071443978317E-005
  5.200096121649816E-005
  5.200115018481346E-005
  5.200128046735588E-005
  5.200135147580702E-005
  5.200136283106299E-005
  5.200131430261271E-005
  5.200120575004124E-005
  5.200103713580641E-005
  5.200080841217790E-005
  5.200051958203243E-005
  5.200017068133050E-005
  5.199976172091418E-005
  5.199929274264340E-005
  5.199876377855871E-005
  5.199817488166975E-005
  5.199752608338628E-005
  5.199681743882589E-005
  5.199604898863540E-005
  5.199522079513144E-005
  5.199433290680018E-005
  5.199338535465922E-005
  5.199237819902155E-005
  5.199131149041790E-005
  5.199018529404341E-005
  5.198899965402722E-005
  5.198775462933613E-005
  5.198645027230645E-005
  5.198508662481770E-005
  5.198366376546920E-005
  5.198218172422426E-005
  5.198064056077771E-005
  5.197904033961701E-005
  5.197738111732134E-005
  5.197566292412911E-005
  5.197388582844644E-005
  5.197204988984568E-005
  5.197015514692045E-005
  5.196820166980683E-005
  5.196618949012766E-005
  5.196411866743374E-005
  5.196198926614199E-005
  5.195980132095453E-005
  5.195755487788472E-005
  5.195525000555138E-005
  5.195288674576825E-005
  5.195046512955911E-005
  5.194798523216014E-005
  5.194544708232001E-005
  5.194285073488077E-005
  5.194019623077206E-005
  5.193748362864217E-005
  5.193471295042401E-005
  5.193188425667045E-005
  5.192899758615283E-005
  5.192605297296897E-005
  5.192305047593263E-005
  5.191999012697285E-005
  5.191687197020995E-005
  5.191369605104839E-005
  5.191046238888472E-005
  5.190717102473094E-005
  5.190382201787219E-005
  5.190041538047250E-005
  5.189695114532496E-005
  5.189342937744378E-005
  5.188985009046940E-005
  5.188621331117209E-005
  5.188251908599163E-005
  5.187876742840141E-005
  5.187495838618119E-005
  5.187109198709583E-005
  5.186716825409343E-005
  5.186318720568342E-005
  5.185914887683024E-005
  5.185505330072519E-005
  5.185090050328832E-005
  5.184669047253023E-005
  5.184242327398934E-005
  5.183809892182029E-005
  5.183371741381202E-005
  5.182927878877318E-005
  5.182478304903798E-005
  5.182023022888105E-005
  5.181562034451181E-005
  5.181095339327730E-005
  5.180622939484771E-005
  5.180144840086435E-005
  5.179661033795416E-005
  5.179171529936722E-005
  5.178676326784930E-005
  5.178175426391795E-005
  5.177668817896548E-005
  5.177156521068052E-005
  5.176638523436792E-005
  5.176114837446293E-005
  5.175585443216083E-005
  5.175050363183658E-005
  5.174509584290796E-005
  5.173963107231103E-005
  5.173410932407620E-005
  5.172853057722782E-005
  5.172289490388562E-005
  5.171720219325219E-005
  5.171145257541204E-005
  5.170564586714064E-005
  5.169978220344910E-005
  5.169386145908371E-005
  5.168788366061801E-005
  5.168184888080889E-005
  5.167575707620342E-005
  5.166960844295579E-005
  5.166340252976822E-005
  5.165713922990051E-005
  5.165081881399090E-005
  5.164444107269277E-005
  5.163800622353271E-005
  5.163151440919853E-005
  5.162496510164702E-005
  5.161835862012836E-005
  5.161169486456350E-005
  5.160497357985756E-005
  5.159819500701060E-005
  5.159135897664957E-005
  5.158446532552399E-005
  5.157751433824638E-005
  5.157050573916677E-005
  5.156343947389415E-005
  5.155631561723910E-005
  5.154913410259129E-005
  5.154189475033598E-005
  5.153459758876941E-005
  5.152724249197322E-005
  5.151982955263174E-005
  5.151235866346138E-005
  5.150482965634647E-005
  5.149724255327549E-005
  5.148959726768869E-005
  5.148189368429924E-005
  5.147413182391715E-005
  5.146631150515988E-005
  5.145843271572542E-005
  5.145049533387960E-005
  5.144249939620084E-005
  5.143444464537400E-005
  5.142633107010770E-005
  5.141815862365204E-005
  5.140992714318750E-005
  5.140163656092462E-005
  5.139328673423042E-005
  5.138487759718135E-005
  5.137640909004375E-005
  5.136788152736948E-005
  5.135929386439049E-005
  5.135064618127365E-005
  5.134193874233295E-005
  5.133317131623605E-005
  5.132434386998229E-005
  5.131545596077825E-005
  5.130650738414330E-005
  5.129749838553286E-005
  5.128842934965151E-005
  5.127929892454038E-005
  5.127010712248230E-005
  5.126085424282367E-005
  5.125154000032449E-005
  5.124216439989418E-005
  5.123272687530947E-005
  5.122322780565908E-005
  5.121366621332808E-005
  5.120404227423991E-005
  5.119435587445990E-005
  5.118460712973663E-005
  5.117479495441543E-005
  5.116491956710467E-005
  5.115498098125012E-005
  5.114497871538021E-005
  5.113491247179418E-005
  5.112478218925524E-005
  5.111458745555935E-005
  5.110432823139144E-005
  5.109400365919201E-005
  5.108361338063796E-005
  5.107315779436503E-005
  5.106263549859687E-005
  5.105204743287088E-005
  5.104139291313817E-005
  5.103067071067635E-005
  5.101988197695876E-005
  5.100902436520878E-005
  5.099809894959026E-005
  5.098710499042777E-005
  5.097604142053601E-005
  5.096490824720757E-005
  5.095370547254324E-005
  5.094243154922957E-005
  5.093108644430006E-005
  5.091966964548998E-005
  5.090818133829099E-005
  5.089662032167098E-005
  5.088498440624913E-005
  5.087327444900924E-005
  5.086148918932997E-005
  5.084962887152372E-005
  5.083769188218241E-005
  5.082567809483601E-005
  5.081358551600264E-005
  5.080141359750157E-005
  5.078916212960303E-005
  5.077682938361297E-005
  5.076441507461313E-005
  5.075191758048372E-005
  5.073933749490202E-005
  5.072667200855267E-005
  5.071391750629869E-005
  5.070107584759572E-005
  5.068814462193826E-005
  5.067512258247898E-005
  5.066200766719220E-005
  5.064879838845489E-005
  5.063549327886354E-005
  5.062209047337190E-005
  5.060858947300253E-005
  5.059498627654509E-005
  5.058127879934214E-005
  5.056746475230875E-005
  5.055354235153424E-005
  5.053950873011820E-005
  5.052536109369722E-005
  5.051109660658760E-005
  5.049671335482680E-005
  5.048220759062950E-005
  5.046757613451377E-005
  5.045281458962250E-005
  5.043791935508467E-005
  5.042288622706085E-005
  5.040771269676211E-005
  5.039239481212933E-005
  5.037692672154357E-005
  5.036130321937283E-005
  5.034551847113505E-005
  5.032957052078323E-005
  5.031345311909131E-005
  5.029716034767325E-005
  5.028068390201338E-005
  5.026401861232207E-005
  5.024715907468709E-005
  5.023009760349299E-005
  5.021282770019090E-005
  5.019534179911983E-005
  5.017763540610801E-005
  5.015969714787229E-005
  5.014151985787075E-005
  5.012309152226927E-005
  5.010441452567622E-005
  5.008547509483125E-005
  5.006626393224104E-005
  5.004677126899412E-005
  5.002699635571118E-005
  5.000694130804707E-005
  4.998675224932366E-005
  4.996627853097812E-005
  4.994626375776581E-005
  4.992615452352335E-005
  4.990576214361547E-005
  4.988504524978177E-005
  4.986395534516651E-005
  4.984256746029482E-005
  4.982078081239539E-005
  4.979862126200155E-005
  4.977619494545120E-005
  4.975333112976320E-005
  4.973016548728960E-005
  4.970668374410532E-005
  4.968278417259442E-005
  4.965863729924858E-005
  4.963411626730509E-005
  4.960932098195483E-005
  4.958426685257719E-005
  4.955886330043678E-005
  4.953316300440846E-005
  4.950729454705146E-005
  4.948127098633082E-005
  4.945507592662554E-005
  4.942874642931295E-005
  4.940232350677536E-005
  4.937585275415678E-005
  4.934938460522220E-005
  4.932297451464330E-005
  4.929668309545283E-005
  4.927057619675183E-005
  4.924472489179285E-005
  4.921920535250411E-005
  4.919409877485199E-005
  4.916949386205547E-005
  4.914548518695867E-005
  4.912217128367442E-005
  4.909964884707033E-005
  4.907800961098939E-005
  4.905735944022567E-005
  4.903780337284966E-005
  4.901944479405675E-005
  4.900238421729496E-005
  4.898671752167400E-005
  4.897253380647512E-005
  4.895991291000043E-005
  4.894892259453828E-005
  4.893961540092410E-005
  4.893202517976561E-005
  4.892616331190047E-005
  4.892201467111528E-005
  4.891953338677899E-005
  4.891853622357076E-005
  4.891901227893835E-005
  4.892090316150397E-005
  4.892374585644668E-005
  4.892751317650712E-005
  4.893175453759194E-005
  4.893613327565862E-005
  4.894006201987052E-005
  4.894321578091872E-005
  4.894528281186357E-005
  4.894580695942930E-005
  4.894437586983349E-005
  4.894061512290194E-005
  4.893428028210990E-005
  4.892525587701174E-005
  4.891358311740675E-005
  4.889951839838443E-005
  4.888352279643062E-005
  4.886607118377792E-005
  4.884756334330051E-005
  4.882839661276696E-005
  4.880879565218702E-005
  4.878887571467513E-005
  4.876872521375295E-005
  4.874839975896517E-005
  4.872792593436238E-005
  4.870726169436510E-005
  4.868648323207218E-005
  4.866554416865275E-005
  4.864446235334550E-005
  4.862324391639017E-005
  4.860189530542834E-005
  4.858043549675442E-005
  4.855884553517488E-005
  4.853710475835290E-005
  4.851524211668893E-005
  4.849326033518796E-005
  4.847116513778042E-005
  4.844893407831777E-005
  4.842653531190686E-005
  4.840406217481948E-005
  4.838146113137001E-005
  4.835871640333521E-005
  4.833585029080478E-005
  4.831286946814288E-005
  4.828978166276138E-005
  4.826654841226119E-005
  4.824320271053554E-005
  4.821970693027272E-005
  4.819608990445330E-005
  4.817235850994721E-005
  4.814850682191058E-005
  4.812453562099487E-005
  4.810040392828270E-005
  4.807618060067706E-005
  4.805179981535481E-005
  4.802730009053480E-005
  4.800267884087066E-005
  4.797789951968539E-005
  4.795299928176751E-005
  4.792798892910543E-005
  4.790281766191467E-005
  4.787752299566628E-005
  4.785210591815661E-005
  4.782654734080893E-005
  4.780086919225126E-005
  4.777498910109732E-005
  4.774903386376214E-005
  4.772290584310258E-005
  4.769669360193903E-005
  4.767029677902866E-005
  4.764374398308243E-005
  4.761710027045793E-005
  4.759027300728170E-005
  4.756332760846791E-005
  4.753622378888813E-005
  4.750896885419075E-005
  4.748157718680076E-005
  4.745403708695668E-005
  4.742634627344652E-005
  4.739851422557646E-005
  4.737051832513822E-005
  4.734235724641586E-005
  4.731407182995288E-005
  4.728564145265008E-005
  4.725704023222997E-005
  4.722828206462056E-005
  4.719934353253631E-005
  4.717027453518148E-005
  4.714107122690912E-005
  4.711165636385985E-005
  4.708218778703384E-005
  4.705241940975303E-005
  4.702260159505707E-005
  4.699250456655035E-005
  4.696229971774735E-005
  4.693193272336150E-005
  4.690145261563317E-005
  4.687067569036316E-005
  4.683979445688484E-005
  4.680880830144213E-005
  4.677751474422710E-005
  4.674611306168229E-005
  4.671452933052757E-005
  4.668285634457576E-005
  4.665081468383756E-005
  4.661874312444962E-005
  4.658638305235388E-005
  4.655405064560482E-005
  4.652130097820735E-005
  4.648843317704268E-005
  4.645541886704734E-005
  4.642221083691231E-005
  4.638886355796668E-005
  4.635535935032474E-005
  4.632194868731404E-005
  4.628840790696665E-005
  4.625444541852350E-005
  4.621996545700045E-005
  4.618556957655753E-005
  4.615083129942737E-005
  4.611588750137716E-005
  4.608062622186000E-005
  4.604527563445184E-005
  4.600973381224710E-005
  4.597389705550653E-005
  4.593796322543831E-005
  4.590172576337918E-005
  4.586535120903163E-005
  4.582872568454172E-005
  4.579187195240229E-005
  4.575479471762578E-005
  4.571756131948489E-005
  4.567997504064375E-005
  4.564222416206587E-005
  4.560424633448664E-005
  4.556604177433629E-005
  4.552759757986649E-005
  4.548890049603766E-005
  4.544997913979598E-005
  4.541075604459354E-005
  4.537139426738723E-005
  4.533175669949507E-005
  4.529185398209483E-005
  4.525170153325775E-005
  4.521127721483233E-005
  4.517063495966597E-005
  4.512971428338804E-005
  4.508853634886136E-005
  4.504706998620351E-005
  4.500535500957841E-005
  4.496339161438172E-005
  4.492117241903607E-005
  4.487860013357897E-005
  4.483578276152755E-005
  4.479268296510004E-005
  4.474928860267396E-005
  4.470560178420416E-005
  4.466161569629402E-005
  4.461721209034754E-005
  4.457270366011177E-005
  4.452764835488209E-005
  4.448134269433239E-005
  4.443565036102415E-005
  4.439007361012633E-005
  4.434406488949666E-005
  4.429784712467389E-005
  4.425122255241579E-005
  4.420430908926150E-005
  4.415705565777012E-005
  4.410950702247988E-005
  4.406163437439192E-005
  4.401341425148052E-005
  4.396487280224205E-005
  4.391605079197415E-005
  4.386692467683432E-005
  4.381749659553982E-005
  4.376775929641895E-005
  4.371775868036638E-005
  4.366754595976903E-005
  4.361697173075500E-005
  4.356639158330365E-005
  4.351563544500985E-005
  4.346499260426577E-005
  4.341466773957281E-005
  4.336484288807911E-005
  4.331611338047575E-005
  4.326892281818586E-005
  4.322420015634329E-005
  4.318287656872836E-005
  4.314596454653808E-005
  4.311538141692110E-005
  4.309041416024115E-005
  4.306593210489267E-005
  4.304197489481784E-005
  4.301866121250383E-005
  4.299587975544741E-005
  4.297374371791946E-005
  4.295161845248411E-005
  4.293019331074867E-005
  4.290929906882548E-005
  4.288887902666964E-005
  4.286913946825963E-005
  4.284977252463895E-005
  4.283077722274425E-005
  4.281247283744701E-005
  4.279424995345522E-005
  4.277669694485313E-005
  4.275916283136126E-005
  4.274238602871186E-005
  4.272559124427000E-005
  4.271002851612591E-005
  4.269431379719086E-005
  4.267994590927161E-005
  4.266597543336030E-005
  4.265243593782604E-005
  4.263955161957070E-005
  4.262730942190032E-005
  4.261564190910174E-005
  4.260432650217831E-005
  4.259376452160732E-005
  4.258372342767741E-005
  4.257416600135901E-005
  4.256521704597325E-005
  4.255659662102418E-005
  4.254856778686131E-005
  4.254090986303898E-005
  4.253378875301433E-005
  4.252707567405517E-005
  4.252082127474588E-005
  4.251499744926619E-005
  4.250957893031968E-005
  4.250450950379885E-005
  4.249988817278479E-005
  4.249551019163861E-005
  4.249152824309525E-005
  4.241529112886037E-005
  4.232179076011623E-005
  4.222782699894478E-005
  4.213334391110477E-005
  4.203831102433986E-005
  4.194269839402757E-005
  4.184647253876561E-005
  4.174960117410402E-005
  4.165204931029622E-005
  4.155378012981967E-005
  4.145476135324754E-005
  4.135495239375916E-005
  4.125431478791305E-005
  4.115281169726131E-005
  4.105039944121999E-005
  4.094703532851652E-005
  4.084267782342986E-005
  4.073728134995469E-005
  4.063080373728224E-005
  4.052319283173472E-005
  4.041439892229168E-005
  4.030437675151501E-005
  4.019307039627318E-005
  4.008042326821412E-005
  3.996638337754446E-005
  3.985089566864145E-005
  3.973389067938090E-005
  3.961531269010510E-005
  3.949509919025023E-005
  3.937318303974734E-005
  3.924950087507021E-005
  3.912397904434527E-005
  3.899654677029982E-005
  3.886712741665606E-005
  3.873564390623541E-005
  3.860200961449101E-005
  3.846613439564797E-005
  3.832794399409766E-005
  3.818734535910943E-005
  3.804424898725412E-005
  3.789855997634678E-005
  3.775017683700082E-005
  3.759899694714540E-005
  3.744491179652717E-005
  3.728781004024099E-005
  3.712757540743525E-005
  3.696408228305792E-005
  3.679720678441752E-005
  3.662680804373975E-005
  3.645276390776140E-005
  3.627493369023006E-005
  3.609316784592988E-005
  3.590731675599903E-005
  3.571721745241139E-005
  3.552270285846727E-005
  3.532360031656125E-005
  3.511972816366931E-005
  3.491089883907398E-005
  3.469690327607456E-005
  3.447755059800913E-005
  3.425262524932427E-005
  3.402190306244139E-005
  3.378514910615749E-005
  3.354211767280910E-005
  3.329255598754445E-005
  3.303619659900303E-005
  3.277275674246915E-005
  3.250194938316816E-005
  3.222345707659316E-005
  3.193696491142552E-005
  3.164213837052952E-005
  3.133862521386250E-005
  3.102606077399007E-005
  3.070406165298245E-005
  3.037222008728576E-005
  3.003011928486795E-005
  2.967731310881280E-005
  2.931334136921604E-005
  2.893770924062367E-005
  2.854992238150024E-005
  2.814943450521358E-005
  2.773570038947243E-005
  2.730814654951406E-005
  2.686614684722512E-005
  2.640907994106785E-005
  2.593628286603749E-005
  2.544704665012981E-005
  2.494069094881879E-005
  2.441648991569129E-005
  2.387355703911931E-005
  2.331120997772066E-005
  2.272859277529702E-005
  2.212485361338993E-005
  2.149893576198732E-005
  2.085017513834404E-005
  2.017698568987031E-005
  1.947929489437247E-005
