  2.874984461299947E-005
  5.651645427090417E-006
  4.388957565636240E-006
  2.770171620847704E-006
  1.475129972009048E-006
  5.157674130700069E-007
  1.200000017881393E-006
  1.200000017881393E-006
  1.200000017881393E-006
  1.200000017881393E-006
  1.200000017881393E-006
  1.200000017881393E-006
  1.200000017881393E-006
  1.200000017881393E-006
  1.200000017881393E-006
  1.200000017881393E-006
  1.200000017881393E-006
  1.200000017881393E-006
  1.200000017881393E-006
  1.200000017881393E-006
  1.200000017881393E-006
  1.200000017881393E-006
  1.200000017881393E-006
  1.200000017881393E-006
  1.200000017881393E-006
  1.200000017881393E-006
  1.200000017881393E-006
  1.200000017881393E-006
  1.200000017881393E-006
  1.200000017881393E-006
  1.200000017881393E-006
  1.200000017881393E-006
  1.200000017881393E-006
  1.200000017881393E-006
  1.200000017881393E-006
  1.200000017881393E-006
  1.200000017881393E-006
  1.200000017881393E-006
  1.200000017881393E-006
  1.200000017881393E-006
  1.200000017881393E-006
  1.200000017881393E-006
  1.200000017881393E-006
  1.200000017881393E-006
  1.200000017881393E-006
  1.200000017881393E-006
  1.200000017881393E-006
  1.200000017881393E-006
  1.200000017881393E-006
  1.200000017881393E-006
  1.200000017881393E-006
  1.200000017881393E-006
  1.200000017881393E-006
  1.200000017881393E-006
  1.200000017881393E-006
  1.200000017881393E-006
  1.200000017881393E-006
  1.200000017881393E-006
  1.200000017881393E-006
  1.200000017881393E-006
  1.200000017881393E-006
  1.200000017881393E-006
  1.200000017881393E-006
  1.200000017881393E-006
  1.200000017881393E-006
  1.200000017881393E-006
  1.200000017881393E-006
  1.200000017881393E-006
  1.200000017881393E-006
  1.200000017881393E-006
  1.200000017881393E-006
  1.200000017881393E-006
  1.200000017881393E-006
  1.200000017881393E-006
  1.200000017881393E-006
  1.200000017881393E-006
  1.200000017881393E-006
  1.200000017881393E-006
  1.200000017881393E-006
  1.200000017881393E-006
  1.200000017881393E-006
  1.200000017881393E-006
  1.200000017881393E-006
  1.200000017881393E-006
  1.200000017881393E-006
  1.200000017881393E-006
  1.200000017881393E-006
  1.200000017881393E-006
  1.200000017881393E-006
  1.200000017881393E-006
  1.200000017881393E-006
  1.200000017881393E-006
  1.200000017881393E-006
  1.200000017881393E-006
  1.200000017881393E-006
  1.200000017881393E-006
  1.200000017881393E-006
  1.200000017881393E-006
  1.200000017881393E-006
  1.200000017881393E-006
  1.200000017881393E-006
  1.200000017881393E-006
  1.200000017881393E-006
  1.200000017881393E-006
  1.200000017881393E-006
  1.200000017881393E-006
  1.200000017881393E-006
  1.200000017881393E-006
  1.200000017881393E-006
  1.200000017881393E-006
  1.200000017881393E-006
  1.200000017881393E-006
  1.200000017881393E-006
  1.200000017881393E-006
  1.200000017881393E-006
  1.200000017881393E-006
  1.200000017881393E-006
  1.200000017881393E-006
  1.200000017881393E-006
  1.200000017881393E-006
  1.200000017881393E-006
  1.200000017881393E-006
  1.200000017881393E-006
  1.200000017881393E-006
  1.200000017881393E-006
  1.200000017881393E-006
  1.200000017881393E-006
  1.200000017881393E-006
  1.200000017881393E-006
  1.200000017881393E-006
  1.200000017881393E-006
  1.200000017881393E-006
  1.200000017881393E-006
  1.200000017881393E-006
  1.200000017881393E-006
  1.200000017881393E-006
  1.200000017881393E-006
  1.200000017881393E-006
  1.200000017881393E-006
  1.200000017881393E-006
  1.200000017881393E-006
  1.200000017881393E-006
  1.200000017881393E-006
  1.200000017881393E-006
  1.200000017881393E-006
  1.200000017881393E-006
  1.200000017881393E-006
  1.200000017881393E-006
  1.200000017881393E-006
  1.200000017881393E-006
  1.200000017881393E-006
  1.200000017881393E-006
  1.200000017881393E-006
  1.200000017881393E-006
  1.200000017881393E-006
  1.200000017881393E-006
  1.200000017881393E-006
  1.200000017881393E-006
  1.200000017881393E-006
  1.200000017881393E-006
  1.200000017881393E-006
  1.200000017881393E-006
  1.200000017881393E-006
  1.200000017881393E-006
  1.200000017881393E-006
  1.200000017881393E-006
  1.200000017881393E-006
  1.200000017881393E-006
  1.200000017881393E-006
  1.200000017881393E-006
  1.200000017881393E-006
  1.200000017881393E-006
  1.200000017881393E-006
  1.200000017881393E-006
  1.200000017881393E-006
  1.200000017881393E-006
  1.200000017881393E-006
  1.200000017881393E-006
  1.200000017881393E-006
  1.200000017881393E-006
  1.200000017881393E-006
  1.200000017881393E-006
  1.200000017881393E-006
  1.200000017881393E-006
  1.200000017881393E-006
  1.200000017881393E-006
  1.200000017881393E-006
  1.200000017881393E-006
  1.200000017881393E-006
  1.200000017881393E-006
  1.200000017881393E-006
  1.200000017881393E-006
  1.200000017881393E-006
  1.200000017881393E-006
  1.200000017881393E-006
  1.200000017881393E-006
  1.200000017881393E-006
  1.200000017881393E-006
  1.200000017881393E-006
  1.200000017881393E-006
  1.200000017881393E-006
  1.200000017881393E-006
  1.200000017881393E-006
  1.200000017881393E-006
  1.200000017881393E-006
  1.200000017881393E-006
  1.200000017881393E-006
  1.200000017881393E-006
  1.200000017881393E-006
  1.200000017881393E-006
  1.200000017881393E-006
  1.200000017881393E-006
  1.200000017881393E-006
  1.200000017881393E-006
  1.200000017881393E-006
  1.200000017881393E-006
  1.200000017881393E-006
  1.200000017881393E-006
  1.200000017881393E-006
  1.200000017881393E-006
  1.200000017881393E-006
  1.200000017881393E-006
  1.200000017881393E-006
  1.200000017881393E-006
  1.200000017881393E-006
  1.200000017881393E-006
  1.200000017881393E-006
  1.200000017881393E-006
  1.200000017881393E-006
  1.200000017881393E-006
  1.200000017881393E-006
  1.200000017881393E-006
  1.200000017881393E-006
  1.200000017881393E-006
  1.200000017881393E-006
  1.200000017881393E-006
  1.200000017881393E-006
  1.200000017881393E-006
  1.200000017881393E-006
  1.200000017881393E-006
  1.200000017881393E-006
  1.200000017881393E-006
  1.200000017881393E-006
  1.200000017881393E-006
  1.200000017881393E-006
  1.200000017881393E-006
  1.200000017881393E-006
  1.200000017881393E-006
  1.200000017881393E-006
  1.200000017881393E-006
  1.200000017881393E-006
  1.200000017881393E-006
  1.200000017881393E-006
  1.200000017881393E-006
  1.200000017881393E-006
  1.200000017881393E-006
  1.200000017881393E-006
  1.200000017881393E-006
  1.200000017881393E-006
  1.200000017881393E-006
  1.200000017881393E-006
  1.200000017881393E-006
  1.200000017881393E-006
  1.200000017881393E-006
  1.200000017881393E-006
  1.200000017881393E-006
  1.200000017881393E-006
  1.200000017881393E-006
  1.200000017881393E-006
  1.200000017881393E-006
  1.200000017881393E-006
  1.200000017881393E-006
  1.200000017881393E-006
  1.200000017881393E-006
  1.200000017881393E-006
  1.200000017881393E-006
  1.200000017881393E-006
  1.200000017881393E-006
  1.200000017881393E-006
  1.200000017881393E-006
  1.200000017881393E-006
  1.200000017881393E-006
  1.200000017881393E-006
  1.200000017881393E-006
  1.200000017881393E-006
  1.200000017881393E-006
  1.200000017881393E-006
  1.200000017881393E-006
  1.200000017881393E-006
  1.200000017881393E-006
  1.200000017881393E-006
  1.200000017881393E-006
  1.200000017881393E-006
  1.200000017881393E-006
  1.200000017881393E-006
  1.200000017881393E-006
  1.200000017881393E-006
  1.200000017881393E-006
  1.200000017881393E-006
  1.200000017881393E-006
  1.200000017881393E-006
  1.200000017881393E-006
  1.200000017881393E-006
  1.200000017881393E-006
  1.200000017881393E-006
  1.200000017881393E-006
  1.200000017881393E-006
  1.200000017881393E-006
  1.200000017881393E-006
  1.200000017881393E-006
  1.200000017881393E-006
  1.200000017881393E-006
  1.200000017881393E-006
  1.200000017881393E-006
  1.200000017881393E-006
  1.200000017881393E-006
  1.200000017881393E-006
  1.200000017881393E-006
  1.200000017881393E-006
  1.200000017881393E-006
  1.200000017881393E-006
  1.200000017881393E-006
  1.200000017881393E-006
  1.200000017881393E-006
  1.200000017881393E-006
  1.200000017881393E-006
  1.200000017881393E-006
  1.200000017881393E-006
  1.200000017881393E-006
  1.200000017881393E-006
  1.200000017881393E-006
  1.200000017881393E-006
  1.200000017881393E-006
  1.200000017881393E-006
  1.200000017881393E-006
  1.200000017881393E-006
  1.200000017881393E-006
  1.200000017881393E-006
  1.200000017881393E-006
  1.200000017881393E-006
  1.200000017881393E-006
  1.200000017881393E-006
  1.200000017881393E-006
  1.200000017881393E-006
  1.200000017881393E-006
  1.200000017881393E-006
  1.200000017881393E-006
  1.200000017881393E-006
  1.200000017881393E-006
  1.200000017881393E-006
  1.200000017881393E-006
  1.200000017881393E-006
  1.200000017881393E-006
  1.200000017881393E-006
  1.200000017881393E-006
  1.200000017881393E-006
  1.200000017881393E-006
  1.200000017881393E-006
  1.200000017881393E-006
  1.200000017881393E-006
  1.200000017881393E-006
  1.200000017881393E-006
  1.200000017881393E-006
  1.200000017881393E-006
  1.200000017881393E-006
  1.200000017881393E-006
  1.200000017881393E-006
  1.200000017881393E-006
  1.200000017881393E-006
  1.200000017881393E-006
  1.200000017881393E-006
  1.200000017881393E-006
  1.200000017881393E-006
  1.200000017881393E-006
  1.200000017881393E-006
  1.200000017881393E-006
  1.200000017881393E-006
  1.200000017881393E-006
  1.200000017881393E-006
  1.200000017881393E-006
  1.200000017881393E-006
  1.200000017881393E-006
  1.200000017881393E-006
  1.200000017881393E-006
  1.200000017881393E-006
  1.200000017881393E-006
  1.200000017881393E-006
  1.200000017881393E-006
  1.200000017881393E-006
  1.200000017881393E-006
  1.200000017881393E-006
  1.200000017881393E-006
  1.200000017881393E-006
  1.200000017881393E-006
  1.200000017881393E-006
  1.200000017881393E-006
  1.200000017881393E-006
  1.200000017881393E-006
  1.200000017881393E-006
  1.200000017881393E-006
  1.200000017881393E-006
  1.200000017881393E-006
  1.200000017881393E-006
  1.200000017881393E-006
  1.200000017881393E-006
  1.200000017881393E-006
  1.200000017881393E-006
  1.200000017881393E-006
  1.200000017881393E-006
  1.200000017881393E-006
  1.200000017881393E-006
  1.200000017881393E-006
  1.200000017881393E-006
  1.200000017881393E-006
  1.200000017881393E-006
  1.200000017881393E-006
  1.200000017881393E-006
  1.200000017881393E-006
  1.200000017881393E-006
  1.200000017881393E-006
  1.200000017881393E-006
  1.200000017881393E-006
  1.200000017881393E-006
  1.200000017881393E-006
  1.200000017881393E-006
  1.200000017881393E-006
  1.200000017881393E-006
  1.200000017881393E-006
  1.200000017881393E-006
  1.200000017881393E-006
  1.200000017881393E-006
  1.200000017881393E-006
  1.200000017881393E-006
  1.200000017881393E-006
  1.200000017881393E-006
  1.200000017881393E-006
  1.200000017881393E-006
  1.200000017881393E-006
  1.200000017881393E-006
  1.200000017881393E-006
  1.200000017881393E-006
  1.200000017881393E-006
  1.200000017881393E-006
  1.200000017881393E-006
  1.200000017881393E-006
  1.200000017881393E-006
  1.200000017881393E-006
  1.200000017881393E-006
  1.200000017881393E-006
  1.200000017881393E-006
  1.200000017881393E-006
  1.200000017881393E-006
  1.200000017881393E-006
  1.200000017881393E-006
  1.200000017881393E-006
  1.200000017881393E-006
  1.200000017881393E-006
  1.200000017881393E-006
  1.200000017881393E-006
  1.200000017881393E-006
  1.200000017881393E-006
  1.200000017881393E-006
  1.200000017881393E-006
  1.200000017881393E-006
  1.200000017881393E-006
  1.200000017881393E-006
  1.200000017881393E-006
  1.200000017881393E-006
  1.200000017881393E-006
  1.200000017881393E-006
  1.200000017881393E-006
  1.200000017881393E-006
  1.200000017881393E-006
  1.200000017881393E-006
  1.200000017881393E-006
  1.200000017881393E-006
  1.200000017881393E-006
  1.200000017881393E-006
  1.200000017881393E-006
  1.200000017881393E-006
  1.200000017881393E-006
  1.200000017881393E-006
  1.200000017881393E-006
  1.200000017881393E-006
  1.200000017881393E-006
  1.200000017881393E-006
  1.200000017881393E-006
  1.200000017881393E-006
  1.200000017881393E-006
  1.200000017881393E-006
  1.200000017881393E-006
  1.200000017881393E-006
  1.200000017881393E-006
  1.200000017881393E-006
  1.200000017881393E-006
  1.200000017881393E-006
  1.200000017881393E-006
  1.200000017881393E-006
  1.200000017881393E-006
  1.200000017881393E-006
  1.200000017881393E-006
  1.200000017881393E-006
  1.200000017881393E-006
  1.200000017881393E-006
  1.200000017881393E-006
  1.200000017881393E-006
  1.200000017881393E-006
  1.200000017881393E-006
  1.200000017881393E-006
  1.200000017881393E-006
  1.200000017881393E-006
  1.200000017881393E-006
  1.200000017881393E-006
  1.200000017881393E-006
  1.200000017881393E-006
  1.200000017881393E-006
  1.200000017881393E-006
  1.200000017881393E-006
  1.200000017881393E-006
  1.200000017881393E-006
  1.200000017881393E-006
  1.200000017881393E-006
  1.200000017881393E-006
  1.200000017881393E-006
  1.200000017881393E-006
  1.200000017881393E-006
  1.200000017881393E-006
  1.200000017881393E-006
  1.200000017881393E-006
  1.200000017881393E-006
  1.200000017881393E-006
  1.200000017881393E-006
  1.200000017881393E-006
  1.200000017881393E-006
  1.200000017881393E-006
  1.200000017881393E-006
  1.200000017881393E-006
  1.200000017881393E-006
  1.200000017881393E-006
  1.200000017881393E-006
  1.200000017881393E-006
  1.200000017881393E-006
  1.200000017881393E-006
  1.200000017881393E-006
  1.200000017881393E-006
  1.200000017881393E-006
  1.200000017881393E-006
  1.200000017881393E-006
  1.200000017881393E-006
  1.200000017881393E-006
  1.200000017881393E-006
  1.200000017881393E-006
  1.200000017881393E-006
  1.200000017881393E-006
  1.200000017881393E-006
  1.200000017881393E-006
  1.200000017881393E-006
  1.200000017881393E-006
  1.200000017881393E-006
  1.200000017881393E-006
  1.200000017881393E-006
  1.200000017881393E-006
  1.200000017881393E-006
  1.200000017881393E-006
  1.200000017881393E-006
  1.200000017881393E-006
  1.200000017881393E-006
  1.200000017881393E-006
  1.200000017881393E-006
  1.200000017881393E-006
  1.200000017881393E-006
  1.200000017881393E-006
  1.200000017881393E-006
  1.200000017881393E-006
  1.200000017881393E-006
  1.200000017881393E-006
  1.200000017881393E-006
  1.200000017881393E-006
  1.200000017881393E-006
  1.200000017881393E-006
  1.200000017881393E-006
  1.200000017881393E-006
  1.200000017881393E-006
  1.200000017881393E-006
  1.200000017881393E-006
  1.200000017881393E-006
  1.200000017881393E-006
  4.194746738822897E-008
  1.852155091962819E-007
  3.286978867596413E-007
  4.723934553409168E-007
  6.163011368019829E-007
  7.604187596694520E-007
  9.047446086121067E-007
  1.049276153339968E-006
  1.194011257933969E-006
  1.338947639196054E-006
  1.484082973691327E-006
  1.629414851061568E-006
  1.774940350385881E-006
  1.920657333101014E-006
  2.066563208584319E-006
  2.212655719018827E-006
  2.358931972883166E-006
  2.505389506625691E-006
  2.652025682076177E-006
  2.798838114300505E-006
  2.945824040470958E-006
  3.092980655619994E-006
  3.240305520182593E-006
  3.387795945731493E-006
  3.535449207275294E-006
  3.683262462979524E-006
  3.831233059389730E-006
  3.979358373083518E-006
  4.127635463557282E-006
  4.276061614510195E-006
  4.424634630909859E-006
  4.573350334000328E-006
  4.722206709597145E-006
  4.871200858610622E-006
  5.020329890283750E-006
  5.169590850369777E-006
  5.318981082849906E-006
  5.468497306858516E-006
  5.618136770742918E-006
  5.767896518256174E-006
  5.917773556491593E-006
  6.067765099229606E-006
  6.217867512075084E-006
  6.368078585908926E-006
  6.518394550223121E-006
  6.668812932923637E-006
  6.819330380935813E-006
  6.969943824511947E-006
  7.120650160078046E-006
  7.271446326969743E-006
  7.422329254702600E-006
  7.573295659969502E-006
  7.724342449872117E-006
  7.875466735774553E-006
  8.026664815086992E-006
  8.177933761535643E-006
  8.329270379744599E-006
  8.480671450200582E-006
  8.632133488925446E-006
  8.783653509177658E-006
  8.935228189965870E-006
  9.086854382375125E-006
  9.238528559373436E-006
  9.390247443098295E-006
  9.542007815728949E-006
  9.693806327462573E-006
  9.845639593353360E-006
  9.997504572979086E-006
  1.014939721111921E-005
  1.030131475125582E-005
  1.045325385792400E-005
  1.060521052485209E-005
  1.075718191990433E-005
  1.090916454721403E-005
  1.106115482438648E-005
  1.121314944359215E-005
  1.136514479246323E-005
  1.151713785470800E-005
  1.166912445723065E-005
  1.182110161502972E-005
  1.197306606435813E-005
  1.212501429496441E-005
  1.227694220776194E-005
  1.242884660805577E-005
  1.258072432381019E-005
  1.273257171819911E-005
  1.288438500345838E-005
  1.303616084452033E-005
  1.318789584873222E-005
  1.333958620885257E-005
  1.349122875302760E-005
  1.364281955171924E-005
  1.379435563019662E-005
  1.394583270388190E-005
  1.409724775051622E-005
  1.424859705842123E-005
  1.439987735038987E-005
  1.455108455702134E-005
  1.470221591147099E-005
  1.485326686646651E-005
  1.500423477816855E-005
  1.515511543549193E-005
  1.530590581882514E-005
  1.545660173326352E-005
  1.560720045069285E-005
  1.575769751388628E-005
  1.590809011000901E-005
  1.605837444189444E-005
  1.620854650751891E-005
  1.635860329907792E-005
  1.650854112399163E-005
  1.665835648239009E-005
  1.680804623156575E-005
  1.695760607019690E-005
  1.710703297038203E-005
  1.725632315769127E-005
  1.740547318064130E-005
  1.755447980363638E-005
  1.770333864009091E-005
  1.785204714167406E-005
  1.800060180008670E-005
  1.814899849171703E-005
  1.829723405999688E-005
  1.844530525354414E-005
  1.859320834546030E-005
  1.874093957296545E-005
  1.888849580910138E-005
  1.903587400822046E-005
  1.918307017318019E-005
  1.933008088727319E-005
  1.947690264530708E-005
  1.962353213745103E-005
  1.976996687350274E-005
  1.991620295788896E-005
  2.006223613802268E-005
  2.020806361122469E-005
  2.035368192540694E-005
  2.049908801880232E-005
  2.064427834896253E-005
  2.078925058369199E-005
  2.093400049718178E-005
  2.107852483503735E-005
  2.122282025009848E-005
  2.136688307389993E-005
  2.151071074527411E-005
  2.165430001687411E-005
  2.179764743675972E-005
  2.194074986670510E-005
  2.208360421027929E-005
  2.222620758518723E-005
  2.236855613206460E-005
  2.251064778395883E-005
  2.265247937263814E-005
  2.279404684601718E-005
  2.293534751362320E-005
  2.307637887148981E-005
  2.321713668400057E-005
  2.335761906754888E-005
  2.349782248101449E-005
  2.363774424907687E-005
  2.377738066528133E-005
  2.391672880934626E-005
  2.405578658370758E-005
  2.419455117518583E-005
  2.433301935192516E-005
  2.447118880660170E-005
  2.460905572547029E-005
  2.474661831946316E-005
  2.488387315930395E-005
  2.502081761695689E-005
  2.515744891714689E-005
  2.529376423574528E-005
  2.542976139182003E-005
  2.556543705592119E-005
  2.570078847653214E-005
  2.583581356497190E-005
  2.597051020925290E-005
  2.610487497252550E-005
  2.623890553733981E-005
  2.637259950940524E-005
  2.650595469507924E-005
  2.663896749082053E-005
  2.677163628886084E-005
  2.690395896720670E-005
  2.703593258180078E-005
  2.716755558783249E-005
  2.729882476968802E-005
  2.742973763859374E-005
  2.756029238409542E-005
  2.769048680206066E-005
  2.782031901843857E-005
  2.794978639966566E-005
  2.807888658032528E-005
  2.820761737089879E-005
  2.833597694417619E-005
  2.846396395051352E-005
  2.859157463624242E-005
  2.871880798952686E-005
  2.884566222789859E-005
  2.897213512773385E-005
  2.909822493804463E-005
  2.922392895227035E-005
  2.934924562869943E-005
  2.947417395620338E-005
  2.959871164306502E-005
  2.972285599799305E-005
  2.984660615760036E-005
  2.996996077990889E-005
  3.009291681796706E-005
  3.021547318970851E-005
  3.033762904426453E-005
  3.045938221243405E-005
  3.058073054370802E-005
  3.070167302497077E-005
  3.082220845562928E-005
  3.094233413168191E-005
  3.106204997822828E-005
  3.118135393212201E-005
  3.130024389495042E-005
  3.141871973043888E-005
  3.153678000274385E-005
  3.165442237892051E-005
  3.177164603801648E-005
  3.188845044909007E-005
  3.200483289107534E-005
  3.212079340441481E-005
  3.223633091537991E-005
  3.235144310100663E-005
  3.246612981301496E-005
  3.258038996229289E-005
  3.269422161938660E-005
  3.280762504040763E-005
  3.292059845362177E-005
  3.303314077999556E-005
  3.314525198410361E-005
  3.325693007673623E-005
  3.336817459352457E-005
  3.347898525495224E-005
  3.358935994573889E-005
  3.369929939655487E-005
  3.380880184619048E-005
  3.391786682465681E-005
  3.402649440367847E-005
  3.413468217058941E-005
  3.424243121727078E-005
  3.434974031219634E-005
  3.445660851098587E-005
  3.456303637755933E-005
  3.466902149703511E-005
  3.477456523571134E-005
  3.487966613609532E-005
  3.498432404329144E-005
  3.508853897369370E-005
  3.519230935584712E-005
  3.529563635260347E-005
  3.539851832514741E-005
  3.550095590030982E-005
  3.560294838322339E-005
  3.570449544777829E-005
  3.580559756872800E-005
  3.590625348289781E-005
  3.600646426878896E-005
  3.610622865608911E-005
  3.620554733016622E-005
  3.630442003209246E-005
  3.640284646645145E-005
  3.650082671453574E-005
  3.659836048072331E-005
  3.669544877841515E-005
  3.679209045674582E-005
  3.688828666554188E-005
  3.698403671406133E-005
  3.707934134751829E-005
  3.717420045365118E-005
  3.726861384112766E-005
  3.736258242941482E-005
  3.745610556151676E-005
  3.754918457136573E-005
  3.764181880923367E-005
  3.773400946141383E-005
  3.782575584415122E-005
  3.791705895128128E-005
  3.800791877587433E-005
  3.809833641197594E-005
  3.818831205187783E-005
  3.827784552426021E-005
  3.836693766156373E-005
  3.845558892828194E-005
  3.854380050312292E-005
  3.863157185037245E-005
  3.871890409055006E-005
  3.880579730626050E-005
  3.889225300028281E-005
  3.897827120984861E-005
  3.906385239302054E-005
  3.914899736645184E-005
  3.923370734947609E-005
  3.931798236582644E-005
  3.940182317943104E-005
  3.948523095892820E-005
  3.956820636636682E-005
  3.965074984852150E-005
  3.973286205944984E-005
  3.981454485538408E-005
  3.989579767454920E-005
  3.997662243319178E-005
  4.005701934333968E-005
  4.013698985231202E-005
  4.021653387284190E-005
  4.029565401488211E-005
  4.037434962332084E-005
  4.045262232369362E-005
  4.053047350058486E-005
  4.060790293873977E-005
  4.068491272728517E-005
  4.076150401184670E-005
  4.083767649361451E-005
  4.091343280307186E-005
  4.098877284699682E-005
  4.106369824134817E-005
  4.113821054111475E-005
  4.121230931105860E-005
  4.128599792196012E-005
  4.135927502876550E-005
  4.143214386320140E-005
  4.150460413892288E-005
  4.157665807014049E-005
  4.164830650609697E-005
  4.171955051093043E-005
  4.179039159773887E-005
  4.186083009788586E-005
  4.193086889855855E-005
  4.200050717599471E-005
  4.206974865983574E-005
  4.213859204245325E-005
  4.220704121459481E-005
  4.227509472379268E-005
  4.234275672952471E-005
  4.241002557941030E-005
  4.247690570535879E-005
  4.254339557592392E-005
  4.260949891839448E-005
  4.267521545961105E-005
  4.274054739372196E-005
  4.280549598109759E-005
  4.287006190089026E-005
  4.293424856991899E-005
  4.299805417031633E-005
  4.306148350960149E-005
  4.312453535198907E-005
  4.318721264327445E-005
  4.324951723800921E-005
  4.331144826112410E-005
  4.337300986751761E-005
  4.343420197348286E-005
  4.349502604482708E-005
  4.355548545359609E-005
  4.361557810231857E-005
  4.367530859262336E-005
  4.373467895333366E-005
  4.379368601603752E-005
  4.385233608890816E-005
  4.391063050420862E-005
  4.396856625111954E-005
  4.402614911719108E-005
  4.408338090450803E-005
  4.414025969297236E-005
  4.419678912109424E-005
  4.425297213613072E-005
  4.430880896071989E-005
  4.436429842957632E-005
  4.441944602785596E-005
  4.447425341016208E-005
  4.452872021743745E-005
  4.458284577361439E-005
  4.463663606116570E-005
  4.469009203840251E-005
  4.474321557807166E-005
  4.479600328137051E-005
  4.484846049600821E-005
  4.490058978937628E-005
  4.495239289195602E-005
  4.500387120896268E-005
  4.505502540231857E-005
  4.510585176861363E-005
  4.515635854634836E-005
  4.520654724819073E-005
  4.525641902667277E-005
  4.530597621422728E-005
  4.535521928187185E-005
  4.540415047643759E-005
  4.545277158508341E-005
  4.550108231079949E-005
  4.554908304117068E-005
  4.559676794058023E-005
  4.564415037815871E-005
  4.569123171575003E-005
  4.573801289633587E-005
  4.578449431236527E-005
  4.583067860901302E-005
  4.587656732428252E-005
  4.592216169172076E-005
  4.596746322855406E-005
  4.601247339133516E-005
  4.605719192186619E-005
  4.610162449564305E-005
  4.614576988955056E-005
  4.618963146781802E-005
  4.623320579248860E-005
  4.627649995680027E-005
  4.631952180885115E-005
  4.636224888070453E-005
  4.640461134854332E-005
  4.646882344365436E-005
  4.648860480193884E-005
  4.653044393044480E-005
  4.657178743701845E-005
  4.661288340491651E-005
  4.665369866540207E-005
  4.669426340670539E-005
  4.673455489566467E-005
  4.677457698879596E-005
  4.681433467292226E-005
  4.685383732643747E-005
  4.689308039001459E-005
  4.693206482024892E-005
  4.697079517104496E-005
  4.700927011628638E-005
  4.704749380038845E-005
  4.708546645005020E-005
  4.712318904758128E-005
  4.716066395433202E-005
  4.719789220920749E-005
  4.723487548913973E-005
  4.727161517611998E-005
  4.730811301329751E-005
  4.734437004019156E-005
  4.738038844826906E-005
  4.741616873275720E-005
  4.745171321444614E-005
  4.748702317103992E-005
  4.752209940946113E-005
  4.755694446623365E-005
  4.759155926844654E-005
  4.762594489981695E-005
  4.766010369438400E-005
  4.769403654906904E-005
  4.772774450303530E-005
  4.776122996030106E-005
  4.779449381950808E-005
  4.782753723611128E-005
  4.786036247016134E-005
  4.789297023813977E-005
  4.792536196096202E-005
  4.795753944517981E-005
  4.798950398539979E-005
  4.802125648818907E-005
  4.805279906695425E-005
  4.808413296837588E-005
  4.811525896957831E-005
  4.814617906529625E-005
  4.817689466417972E-005
  4.820740656865398E-005
  4.823771656990156E-005
  4.826782618029067E-005
  4.829773625842902E-005
  4.832744829019975E-005
  4.835696398741390E-005
  4.838628424818229E-005
  4.841541038216716E-005
  4.844434411515588E-005
  4.847308656460928E-005
  4.850163858156930E-005
  4.853000202020998E-005
  4.855817827574895E-005
  4.858616783450617E-005
  4.861397269655297E-005
  4.864159421245019E-005
  4.866903305983110E-005
  4.869629072651141E-005
  4.872336876651838E-005
  4.875026826634679E-005
  4.877698990700181E-005
  4.880353564508284E-005
  4.882990671100429E-005
  4.885610360617183E-005
  4.888212803699324E-005
  4.890798135975043E-005
  4.893366473600174E-005
  4.895917864297418E-005
  4.898452498174732E-005
  4.900970484090115E-005
  4.903471919825480E-005
  4.905956913977434E-005
  4.908425614619142E-005
  4.910878122114896E-005
  4.913314527172638E-005
  4.915734959529013E-005
  4.918139544189835E-005
  4.920528401822578E-005
  4.922901570918326E-005
  4.925259240328072E-005
  4.927601497858119E-005
  4.929928472444800E-005
  4.932240227530059E-005
  4.934536877016638E-005
  4.936818562889122E-005
  4.939085390876522E-005
  4.941337389470680E-005
  4.943574693401884E-005
  4.945797456726158E-005
  4.948005824796526E-005
  4.950199871583280E-005
  4.952379764533910E-005
  4.954545596337138E-005
  4.956697405276280E-005
  4.958835264279480E-005
  4.960959204909442E-005
  4.963069372471889E-005
  4.965165848512376E-005
  4.967248738901375E-005
  4.969318096890365E-005
  4.971374016108962E-005
  4.973416643816396E-005
  4.975446069143973E-005
  4.977462361630415E-005
  4.979465560207960E-005
  4.981455843390137E-005
  4.983433293142669E-005
  4.985397980490091E-005
  4.987349970882554E-005
  4.989289373789341E-005
  4.991216277025218E-005
  4.993130785397237E-005
  4.995032991062603E-005
  4.996922917029097E-005
  4.998800665336040E-005
  5.000666366835250E-005
  5.002520084193452E-005
  5.004361901504564E-005
  5.006191883498903E-005
  5.008010075243512E-005
  5.009816623041147E-005
  5.011611608516051E-005
  5.013395066769207E-005
  5.015167126772959E-005
  5.016927754956001E-005
  5.018677122238629E-005
  5.020415299769571E-005
  5.022142362136718E-005
  5.023858383237318E-005
  5.025563400945332E-005
  5.027257451590244E-005
  5.028940689986177E-005
  5.030613187369831E-005
  5.032275032265265E-005
  5.033926232385825E-005
  5.035566857536544E-005
  5.037196943056594E-005
  5.038816690146555E-005
  5.040426141828037E-005
  5.042025310524516E-005
  5.043614247527331E-005
  5.045192893674630E-005
  5.046761534539887E-005
  5.048319916365411E-005
  5.049868500864242E-005
  5.051407146581579E-005
  5.052935872994771E-005
  5.054455061651725E-005
  5.055964341676479E-005
  5.057463965715555E-005
  5.058953758517698E-005
  5.060434162894003E-005
  5.061905014845745E-005
  5.063366287891970E-005
  5.064818278863401E-005
  5.066260842117027E-005
  5.067694014152522E-005
  5.069117958671894E-005
  5.070532352945077E-005
  5.071937984470761E-005
  5.073334245048968E-005
  5.074721495493587E-005
  5.076099772802651E-005
  5.077469100946363E-005
  5.078829407716121E-005
  5.080180896636172E-005
  5.081523596768814E-005
  5.082857552043768E-005
  5.084182819277948E-005
  5.085499443322527E-005
  5.086807451791212E-005
  5.088106898737330E-005
  5.089397780983480E-005
  5.090680023648334E-005
  5.091953874291790E-005
  5.093219337360392E-005
  5.094476393487716E-005
  5.095725131528129E-005
  5.096965579625362E-005
  5.098197806769794E-005
  5.099421812251887E-005
  5.100637655812913E-005
  5.101845388957757E-005
  5.103044982823097E-005
  5.104236524153750E-005
  5.105420011838236E-005
  5.106595516647541E-005
  5.107763025736333E-005
  5.108922609140421E-005
  5.110074263441639E-005
  5.111217988160551E-005
  5.112353927151441E-005
  5.113481994563761E-005
  5.114602282153036E-005
  5.115714871599541E-005
  5.116819694652874E-005
  5.117916842342963E-005
  5.119006291491953E-005
  5.120088076335024E-005
  5.121162252274759E-005
  5.122228813516534E-005
  5.123287792858893E-005
  5.124339214914990E-005
  5.125383109438176E-005
  5.126419472497990E-005
  5.127448360464050E-005
  5.128469782038036E-005
  5.129483754353786E-005
  5.130490317132292E-005
  5.131489466892885E-005
  5.132481269205022E-005
  5.133465441441508E-005
  5.134441854558983E-005
  5.135410934830353E-005
  5.136372881974455E-005
  5.137327459730563E-005
  5.138274824047892E-005
  5.139215126853866E-005
  5.140148074663908E-005
  5.141073927807787E-005
  5.141992467056698E-005
  5.142903815605871E-005
  5.143808071708020E-005
  5.144705177177291E-005
  5.145594935846451E-005
  5.146478004660936E-005
  5.147353592159206E-005
  5.148222081892060E-005
  5.149083481730166E-005
  5.149937799346469E-005
  5.150785042161617E-005
  5.151625217412918E-005
  5.152458331951161E-005
  5.153284392386492E-005
  5.154103405027899E-005
  5.154915375816151E-005
  5.155720310362536E-005
  5.156518213921773E-005
  5.157309091419522E-005
  5.158092947416161E-005
  5.158869786014888E-005
  5.159639611088496E-005
  5.160402425990613E-005
  5.161158233766141E-005
  5.161907037051414E-005
  5.162648838115306E-005
  5.163383638777073E-005
  5.164111440530400E-005
  5.164832244440233E-005
  5.165546051191511E-005
  5.166252861057992E-005
  5.166952673958417E-005
  5.167645489394563E-005
  5.168331306482019E-005
  5.169010123934626E-005
  5.169681940108241E-005
  5.170346752963254E-005
  5.171004560059743E-005
  5.171655358624617E-005
  5.172299145439751E-005
  5.172935916953436E-005
  5.173565669239896E-005
  5.174188397988990E-005
  5.174804098538759E-005
  5.175412765843452E-005
  5.176014394515115E-005
  5.176608978776111E-005
  5.177196512535763E-005
  5.177776989274407E-005
  5.178350402219768E-005
  5.178916744188018E-005
  5.179476007657035E-005
  5.180028184784620E-005
  5.180573267359539E-005
  5.181111246873689E-005
  5.181642114226237E-005
  5.182165859177702E-005
  5.182682470075159E-005
  5.183191933844424E-005
  5.183694235890217E-005
  5.184189360181084E-005
  5.184677289059459E-005
  5.185158003390025E-005
  5.185631482407507E-005
  5.186097703800949E-005
  5.186556643697494E-005
  5.187008276631494E-005
  5.187452575591513E-005
  5.187889512120564E-005
  5.188319056248608E-005
  5.188741176676698E-005
  5.189155840796255E-005
  5.189563014844214E-005
  5.189962663997264E-005
  5.190354752566869E-005
  5.190739244155395E-005
  5.191116101845639E-005
  5.191485288463044E-005
  5.191846766776393E-005
  5.192200499764504E-005
  5.192546450911988E-005
  5.192884584463143E-005
  5.193214865784177E-005
  5.193537261581899E-005
  5.193851740340918E-005
  5.194158272559690E-005
  5.194456831135882E-005
  5.194747391702138E-005
  5.195029932954389E-005
  5.195304437004550E-005
  5.195570889745822E-005
  5.195829281167579E-005
  5.196079605724993E-005
  5.196321862640846E-005
  5.196556056295197E-005
  5.196782196482127E-005
  5.197000298794567E-005
  5.197210384881336E-005
  5.197412482788588E-005
  5.197606627202841E-005
  5.197792859767425E-005
  5.197971229308036E-005
  5.198141792105959E-005
  5.198304612083426E-005
  5.198459761058067E-005
  5.198607318895711E-005
  5.198747373692847E-005
  5.198880021900061E-005
  5.199005368458469E-005
  5.199123526885526E-005
  5.199234619313769E-005
  5.199338776539332E-005
  5.199436138003132E-005
  5.199526851753430E-005
  5.199611074361986E-005
  5.199688970786144E-005
  5.199760714214877E-005
  5.199826485844583E-005
  5.199886474599055E-005
  5.199940876813544E-005
  5.199989895850874E-005
  5.200033741658685E-005
  5.200072630257175E-005
  5.200106783174996E-005
  5.200136426800114E-005
  5.200161791671601E-005
  5.200183111696376E-005
  5.200200623291477E-005
  5.200214564453861E-005
  5.200225173761594E-005
  5.200232689301133E-005
  5.200237347530210E-005
  5.200239382076835E-005
  5.200239022482784E-005
  5.200236492895737E-005
  5.200232010721520E-005
  5.200225785245301E-005
  5.200218016231620E-005
  5.200208892517866E-005
  5.200198590614013E-005
  5.200187273321143E-005
  5.200175088385500E-005
  5.200162167198387E-005
  5.200148623557297E-005
  5.200134552500170E-005
  5.200120029220476E-005
  5.200105108070433E-005
  5.200089821660091E-005
  5.200074180047596E-005
  5.200058170035468E-005
  5.200041754556681E-005
  5.200024872169247E-005
  5.200007436650101E-005
  5.199989336729097E-005
  5.199970435971370E-005
  5.199950572876594E-005
  5.199929561264556E-005
  5.199907191065942E-005
  5.199883229657172E-005
  5.199857423924333E-005
  5.199829503252710E-005
  5.199799183655903E-005
  5.199766173233154E-005
  5.199730179036907E-005
  5.199690915319871E-005
  5.199648112896446E-005
  5.199601529076245E-005
  5.199550957294691E-005
  5.199496235386637E-005
  5.199437251275861E-005
  5.199373945115865E-005
  5.199306307334815E-005
  5.199234372747258E-005
  5.199158211639888E-005
  5.199077919193871E-005
  5.198993604797285E-005
  5.198905382522675E-005
  5.198813363637758E-005
  5.198717651393775E-005
  5.198618338021806E-005
  5.198515503512117E-005
  5.198409215708959E-005
  5.198299531253774E-005
  5.198186496996542E-005
  5.198070151560109E-005
  5.197950526890118E-005
  5.197827649660038E-005
  5.197701542482536E-005
  5.197572224907475E-005
  5.197439714223108E-005
  5.197304026057345E-005
  5.197165174858930E-005
  5.197023174216690E-005
  5.196878037115512E-005
  5.196729776102944E-005
  5.196578403402456E-005
  5.196423931002948E-005
  5.196266370695250E-005
  5.196105734101768E-005
  5.195942032718876E-005
  5.195775277906264E-005
  5.195605480903725E-005
  5.195432652827828E-005
  5.195256804666451E-005
  5.195077947306383E-005
  5.194896091498759E-005
  5.194711247875462E-005
  5.194523426930139E-005
  5.194332639048540E-005
  5.194138894468195E-005
  5.193942203301366E-005
  5.193742575521457E-005
  5.193540020969284E-005
  5.193334549348252E-005
  5.193126170200902E-005
  5.192914619007377E-005
  5.192699664485798E-005
  5.192481614738382E-005
  5.192260610511512E-005
  5.192036715553603E-005
  5.191809961344443E-005
  5.191580365960408E-005
  5.191347941838176E-005
  5.191112699052266E-005
  5.190874646605882E-005
  5.190633792968425E-005
  5.190390146314515E-005
  5.190143714568205E-005
  5.189894505469373E-005
  5.189642526570782E-005
  5.189387785253381E-005
  5.189130288709012E-005
  5.188870043954922E-005
  5.188607057831884E-005
  5.188341336992622E-005
  5.188072887911551E-005
  5.187801716881709E-005
  5.187527830005200E-005
  5.187251233205821E-005
  5.186971932215494E-005
  5.186689932578118E-005
  5.186405239645091E-005
  5.186117858584640E-005
  5.185827794376347E-005
  5.185535051788910E-005
  5.185239635409386E-005
  5.184941549630499E-005
  5.184640798642832E-005
  5.184337386440141E-005
  5.184031316820019E-005
  5.183722593370124E-005
  5.183411219495070E-005
  5.183097198377973E-005
  5.182780533005318E-005
  5.182461226154125E-005
  5.182139280403790E-005
  5.181814698114200E-005
  5.181487481443641E-005
  5.181157632337566E-005
  5.180825152531264E-005
  5.180490043541549E-005
  5.180152306678841E-005
  5.179811943030111E-005
  5.179468953474110E-005
  5.179123338664340E-005
  5.178775099034574E-005
  5.178424234804271E-005
  5.178070745963803E-005
  5.177714632292614E-005
  5.177355893322744E-005
  5.176994528387732E-005
  5.176630536564670E-005
  5.176263916734939E-005
  5.175894667522405E-005
  5.175522787339547E-005
  5.175148274350542E-005
  5.174771126494915E-005
  5.174391341470949E-005
  5.174008916758451E-005
  5.173623849572402E-005
  5.173236136903146E-005
  5.172845775512167E-005
  5.172452761894415E-005
  5.172057092321151E-005
  5.171658762810788E-005
  5.171257769141214E-005
  5.170854106838037E-005
  5.170447771181706E-005
  5.170038757193876E-005
  5.169627059669398E-005
  5.169212673122441E-005
  5.168795591834622E-005
  5.168375809811349E-005
  5.167953320824983E-005
  5.167528118374680E-005
  5.167100195697136E-005
  5.166669545783734E-005
  5.166236161356088E-005
  5.165800034869826E-005
  5.165361158512909E-005
  5.164919524215150E-005
  5.164475123640950E-005
  5.164027948164672E-005
  5.163577988926117E-005
  5.163125236759300E-005
  5.162669682233938E-005
  5.162211315661047E-005
  5.161750127062560E-005
  5.161286106173865E-005
  5.160819242471809E-005
  5.160349525131956E-005
  5.159876943064156E-005
  5.159401484892102E-005
  5.158923138944050E-005
  5.158441893275388E-005
  5.157957735644382E-005
  5.157470653521219E-005
  5.156980634098376E-005
  5.156487664238073E-005
  5.155991730559250E-005
  5.155492819359828E-005
  5.154990916642055E-005
  5.154486008094884E-005
  5.153978079153057E-005
  5.153467114879475E-005
  5.152953100105703E-005
  5.152436019325092E-005
  5.151915856716607E-005
  5.151392596180621E-005
  5.150866221262932E-005
  5.150336715247239E-005
  5.149804061083890E-005
  5.149268241408606E-005
  5.148729238533493E-005
  5.148187034478352E-005
  5.147641610915829E-005
  5.147092949216278E-005
  5.146541030425654E-005
  5.145985835258582E-005
  5.145427344133269E-005
  5.144865537093044E-005
  5.144300393881888E-005
  5.143731050236322E-005
  5.143157615349743E-005
  5.142580717346029E-005
  5.142000369012202E-005
  5.141416550046908E-005
  5.140829238252832E-005
  5.140238410976039E-005
  5.139644045312826E-005
  5.139046117904208E-005
  5.138444605161732E-005
  5.137839483003720E-005
  5.137230727173410E-005
  5.136618312934595E-005
  5.136002215238138E-005
  5.135382408706751E-005
  5.134758867580749E-005
  5.134131565750030E-005
  5.133500476719536E-005
  5.132865573700468E-005
  5.132226829482881E-005
  5.131584216495869E-005
  5.130937706819621E-005
  5.130287272162610E-005
  5.129632883857112E-005
  5.128974512885362E-005
  5.128312129798337E-005
  5.127645704824807E-005
  5.126975207790218E-005
  5.126300608171764E-005
  5.125621875012200E-005
  5.124938976979809E-005
  5.124251882374773E-005
  5.123560559138760E-005
  5.122864974742581E-005
  5.122165096334389E-005
  5.121460890615540E-005
  5.120752323954677E-005
  5.120039362241058E-005
  5.119321970997949E-005
  5.118600115354331E-005
  5.117873760055299E-005
  5.117142869336969E-005
  5.116407407123447E-005
  5.115667336915076E-005
  5.114922621771946E-005
  5.114173224279789E-005
  5.113419106760845E-005
  5.112713817109646E-005
  5.112020590858600E-005
  5.111322940495279E-005
  5.110620825736943E-005
  5.109914205970068E-005
  5.109203040011976E-005
  5.108487286413312E-005
  5.107766903234321E-005
  5.107041848171511E-005
  5.106312078499576E-005
  5.105577550998661E-005
  5.104838222152135E-005
  5.104094047822065E-005
  5.103344983655665E-005
  5.102590984812307E-005
  5.101832005858783E-005
  5.101068001093943E-005
  5.100298924289703E-005
  5.099524728821624E-005
  5.098745367631740E-005
  5.097960793123636E-005
  5.097170957379840E-005
  5.096375811859823E-005
  5.095575307772977E-005
  5.094769395673057E-005
  5.093958025759453E-005
  5.093141147684225E-005
  5.092318710656234E-005
  5.091490663593899E-005
  5.090656954667922E-005
  5.089817531677809E-005
  5.088972341962549E-005
  5.088121332352714E-005
  5.087264449189514E-005
  5.086401638362885E-005
  5.085532845151905E-005
  5.084658014436138E-005
  5.083777090591155E-005
  5.082890017418296E-005
  5.081996738318014E-005
  5.081097196057913E-005
  5.080191332968767E-005
  5.079279090766683E-005
  5.078360410761645E-005
  5.077435233681671E-005
  5.076503499648546E-005
  5.075565148454819E-005
  5.074620119025359E-005
  5.073668349988796E-005
  5.072709779406795E-005
  5.071744344690383E-005
  5.070771982795453E-005
  5.069792629925100E-005
  5.068806221926738E-005
  5.067812694015387E-005
  5.066811980720767E-005
  5.065804016185061E-005
  5.064788733737409E-005
  5.063766066234908E-005
  5.062735946017959E-005
  5.061698304627960E-005
  5.060653073143017E-005
  5.059600181953000E-005
  5.058539560945278E-005
  5.057471139110319E-005
  5.056394845133828E-005
  5.055310606959197E-005
  5.054218351788935E-005
  5.053118006208845E-005
  5.052009496162948E-005
  5.050892746893842E-005
  5.049767683125043E-005
  5.048634228805881E-005
  5.047492307052918E-005
  5.046341840582869E-005
  5.045182751157148E-005
  5.044014960213503E-005
  5.042838387757174E-005
  5.041652953787784E-005
  5.040458577246568E-005
  5.039255176381166E-005
  5.038042668729543E-005
  5.036820971201142E-005
  5.035590033037711E-005
  5.034349713590476E-005
  5.033099942931524E-005
  5.031840604109363E-005
  5.030571702908303E-005
  5.029293103324351E-005
  5.028004716424409E-005
  5.026706452589517E-005
  5.025398221434809E-005
  5.024079931585307E-005
  5.022751490870156E-005
  5.021412806203119E-005
  5.020063783604905E-005
  5.018704327875337E-005
  5.017334343896233E-005
  5.015953734671789E-005
  5.014562401860932E-005
  5.013160247705211E-005
  5.011747171751584E-005
  5.010323073740166E-005
  5.008887851982758E-005
  5.007441403517689E-005
  5.005983624574550E-005
  5.004514410668653E-005
  5.003033655244937E-005
  5.001541251313872E-005
  5.000037090735665E-005
  4.998521064292430E-005
  4.996993061074426E-005
  4.995452968955535E-005
  4.993900675665033E-005
  4.992336065887188E-005
  4.990759024456310E-005
  4.989169434223048E-005
  4.987567176579862E-005
  4.985952131733484E-005
  4.984324178549490E-005
  4.982683194275088E-005
  4.981029054369079E-005
  4.979361633009167E-005
  4.977680802495603E-005
  4.975986433922889E-005
  4.974278395867330E-005
  4.972556555734933E-005
  4.970820778679717E-005
  4.969070928380640E-005
  4.967306865853427E-005
  4.965528450595521E-005
  4.963735539888908E-005
  4.961927987857585E-005
  4.960105647439364E-005
  4.958268368203008E-005
  4.956415997844511E-005
  4.954548380317074E-005
  4.952665357759340E-005
  4.950766768859526E-005
  4.948852448443293E-005
  4.946922228397291E-005
  4.944975937660837E-005
  4.943013399856944E-005
  4.941034435905756E-005
  4.939038861228928E-005
  4.937026487152834E-005
  4.934997120152391E-005
  4.932950560516223E-005
  4.930886602445013E-005
  4.928805034707759E-005
  4.926705638368060E-005
  4.924588186962941E-005
  4.922452445608761E-005
  4.920298171253645E-005
  4.918125108639811E-005
  4.915932993205158E-005
  4.913721547214555E-005
  4.911490479236704E-005
  4.909239482069617E-005
  4.906968231933291E-005
  4.904676385943813E-005
  4.902363580388149E-005
  4.900029430483358E-005
  4.897673540010380E-005
  4.895295517308680E-005
  4.892894993609126E-005
  4.890471373429037E-005
  4.888023801733166E-005
  4.885551957867116E-005
  4.883055235349167E-005
  4.880532792347004E-005
  4.877983747447193E-005
  4.875407154527636E-005
  4.872801967520160E-005
  4.870167016489730E-005
  4.867500992582885E-005
  4.864802473585861E-005
  4.862069667283637E-005
  4.859300502271975E-005
  4.856492875034204E-005
  4.853644012329229E-005
  4.850750768360031E-005
  4.847809494846407E-005
  4.844815908366361E-005
  4.841764960609398E-005
  4.838650675769118E-005
  4.835465964989804E-005
  4.832202400808326E-005
  4.828849949546594E-005
  4.825396650373200E-005
  4.821828238535786E-005
  4.818127693652844E-005
  4.814274724118455E-005
  4.810245143031021E-005
  4.806010154520842E-005
  4.801535491157292E-005
  4.796780386157019E-005
  4.791753984253743E-005
  4.786705928492136E-005
  4.781670477555828E-005
  4.776648291888086E-005
  4.771640022032002E-005
  4.766646315860225E-005
  4.761667811070816E-005
  4.756705144842633E-005
  4.751758943782963E-005
  4.746829830189757E-005
  4.741918421468276E-005
  4.737025327931869E-005
  4.732151152588399E-005
  4.727296497426407E-005
  4.722461951866581E-005
  4.717648106350667E-005
  4.712855540612959E-005
  4.708084829966551E-005
  4.703336542891641E-005
  4.698611242738273E-005
  4.693909486327398E-005
  4.689231825339821E-005
  4.684578802977329E-005
  4.679950957826645E-005
  4.675348820032498E-005
  4.670772915473815E-005
  4.666223760970812E-005
  4.661701867737321E-005
  4.657207739279478E-005
  4.652741873267126E-005
  4.648304753892382E-005
  4.643896866255237E-005
  4.639518682026375E-005
  4.635170664844791E-005
  4.630853268180701E-005
  4.626566943551779E-005
  4.622312127617917E-005
  4.618089245646654E-005
  4.613898718976984E-005
  4.609740953473844E-005
  4.605616346774667E-005
  4.601525284568723E-005
  4.597468144768684E-005
  4.593445281849570E-005
  4.589457050329276E-005
  4.585503786108754E-005
  4.581585805203374E-005
  4.577703415413116E-005
  4.573856904598106E-005
  4.570046558611900E-005
  4.566272761745145E-005
  4.562535592478390E-005
  4.558835347456975E-005
  4.555172287569834E-005
  4.551546514271283E-005
  4.547958179730112E-005
  4.544407445714186E-005
  4.540894731267059E-005
  4.537419819420869E-005
  4.533982880639798E-005
  4.530584156723693E-005
  4.527223472545179E-005
  4.523900819161749E-005
  4.520616185566799E-005
  4.517369511811943E-005
  4.514160725502229E-005
  4.510989702860761E-005
  4.507856295971696E-005
  4.504760320060800E-005
  4.501701541908481E-005
  4.498679690356808E-005
  4.495694462628680E-005
  4.492745506225611E-005
  4.489832421372855E-005
  4.486954762144070E-005
  4.484112024230357E-005
  4.481303663471399E-005
  4.478529077144494E-005
  4.475743178301511E-005
  4.472861286242569E-005
  4.470142593773749E-005
  4.467369831531452E-005
  4.464652546929874E-005
  4.461963812699324E-005
  4.459270916715901E-005
  4.456654676493799E-005
  4.454034076019933E-005
  4.451480239884115E-005
  4.448926773527204E-005
  4.440841388888768E-005
  4.431491218250542E-005
  4.422102015260095E-005
  4.412659399958029E-005
  4.403158341386955E-005
  4.393593897854386E-005
  4.383961001061142E-005
  4.374261321424539E-005
  4.364485890842831E-005
  4.354635589843444E-005
  4.344703172543214E-005
  4.334685908037195E-005
  4.324578670051892E-005
  4.314377894575838E-005
  4.304079504333267E-005
  4.293678392212406E-005
  4.283167211987893E-005
  4.272543487858668E-005
  4.261801254732415E-005
  4.250934485732839E-005
  4.239938014046515E-005
  4.228806170327216E-005
  4.217531197021779E-005
  4.206109482847396E-005
  4.194532208064044E-005
  4.182792942878742E-005
  4.170884328672080E-005
  4.158798536620735E-005
  4.146528792083759E-005
  4.134066308766847E-005
  4.121402778522012E-005
  4.108529414380869E-005
  4.095436685010563E-005
  4.082115298457320E-005
  4.068555259824020E-005
  4.054745923370396E-005
  4.040676817529052E-005
  4.026335900104625E-005
  4.011711950677645E-005
  3.996792040065372E-005
  3.981564821763514E-005
  3.966013587552236E-005
  3.950125932110837E-005
  3.933887807766948E-005
  3.917281260881564E-005
  3.900290285778955E-005
  3.882899539933280E-005
  3.865088705777643E-005
  3.846841909284427E-005
  3.828136780077140E-005
  3.808953932986712E-005
  3.789270812129949E-005
  3.769062698216439E-005
  3.748308976617873E-005
  3.726977189495817E-005
  3.705046385435276E-005
  3.682485115037141E-005
  3.659268353753681E-005
  3.635354422170954E-005
  3.610721305759179E-005
  3.585324192253777E-005
  3.559131115554143E-005
  3.532099438503412E-005
  3.504190016527286E-005
  3.475356780766436E-005
  3.445553238048019E-005
  3.414733630423106E-005
  3.382839328863017E-005
  3.349817835004871E-005
  3.315612035771900E-005
  3.280157215373124E-005
  3.243385591809803E-005
  3.205230913521859E-005
  3.165616540697439E-005
  3.124466048960844E-005
  3.081693398843268E-005
  3.037211423818428E-005
  2.990927826225563E-005
  2.942741254126456E-005
  2.892550605408021E-005
  2.840243362565978E-005
  2.785704862316252E-005
  2.728814506854670E-005
  2.669440759850107E-005
  2.607451350619150E-005
  2.542704999622968E-005
  2.475052887651121E-005
  2.404349316082539E-005
  2.330441443789836E-005
  2.253151347300786E-005
  2.172334377368936E-005
  2.087821658711115E-005
  1.999448408602513E-005
  1.907025025266366E-005
  1.810434848303885E-005
  1.709425126087679E-005
  1.603995404226603E-005
