  2.869366263583690E-005
  5.607357283534847E-006
  3.635337376473036E-006
  3.538155674212114E-006
  1.723247441192607E-006
  1.877154154124665E-006
  1.365655446998322E-007
  5.215162932115038E-007
  1.200000017881393E-006
  1.200000017881393E-006
  1.200000017881393E-006
  1.200000017881393E-006
  1.200000017881393E-006
  1.200000017881393E-006
  1.200000017881393E-006
  1.200000017881393E-006
  1.200000017881393E-006
  1.200000017881393E-006
  1.200000017881393E-006
  1.200000017881393E-006
  1.200000017881393E-006
  1.200000017881393E-006
  1.200000017881393E-006
  1.200000017881393E-006
  1.200000017881393E-006
  1.200000017881393E-006
  1.200000017881393E-006
  1.200000017881393E-006
  1.200000017881393E-006
  1.200000017881393E-006
  1.200000017881393E-006
  1.200000017881393E-006
  1.200000017881393E-006
  1.200000017881393E-006
  1.200000017881393E-006
  1.200000017881393E-006
  1.200000017881393E-006
  1.200000017881393E-006
  1.200000017881393E-006
  1.200000017881393E-006
  1.200000017881393E-006
  1.200000017881393E-006
  1.200000017881393E-006
  1.200000017881393E-006
  1.200000017881393E-006
  1.200000017881393E-006
  1.200000017881393E-006
  1.200000017881393E-006
  1.200000017881393E-006
  1.200000017881393E-006
  1.200000017881393E-006
  1.200000017881393E-006
  1.200000017881393E-006
  1.200000017881393E-006
  1.200000017881393E-006
  1.200000017881393E-006
  1.200000017881393E-006
  1.200000017881393E-006
  1.200000017881393E-006
  1.200000017881393E-006
  1.200000017881393E-006
  1.200000017881393E-006
  1.200000017881393E-006
  1.200000017881393E-006
  1.200000017881393E-006
  1.200000017881393E-006
  1.200000017881393E-006
  1.200000017881393E-006
  1.200000017881393E-006
  1.200000017881393E-006
  1.200000017881393E-006
  1.200000017881393E-006
  1.200000017881393E-006
  1.200000017881393E-006
  1.200000017881393E-006
  1.200000017881393E-006
  1.200000017881393E-006
  1.200000017881393E-006
  1.200000017881393E-006
  1.200000017881393E-006
  1.200000017881393E-006
  1.200000017881393E-006
  1.200000017881393E-006
  1.200000017881393E-006
  1.200000017881393E-006
  1.200000017881393E-006
  1.200000017881393E-006
  1.200000017881393E-006
  1.200000017881393E-006
  1.200000017881393E-006
  1.200000017881393E-006
  1.200000017881393E-006
  1.200000017881393E-006
  1.200000017881393E-006
  1.200000017881393E-006
  1.200000017881393E-006
  1.200000017881393E-006
  1.200000017881393E-006
  1.200000017881393E-006
  1.200000017881393E-006
  1.200000017881393E-006
  1.200000017881393E-006
  1.200000017881393E-006
  1.200000017881393E-006
  1.200000017881393E-006
  1.200000017881393E-006
  1.200000017881393E-006
  1.200000017881393E-006
  1.200000017881393E-006
  1.200000017881393E-006
  1.200000017881393E-006
  1.200000017881393E-006
  1.200000017881393E-006
  1.200000017881393E-006
  1.200000017881393E-006
  1.200000017881393E-006
  1.200000017881393E-006
  1.200000017881393E-006
  1.200000017881393E-006
  1.200000017881393E-006
  1.200000017881393E-006
  1.200000017881393E-006
  1.200000017881393E-006
  1.200000017881393E-006
  1.200000017881393E-006
  1.200000017881393E-006
  1.200000017881393E-006
  1.200000017881393E-006
  1.200000017881393E-006
  1.200000017881393E-006
  1.200000017881393E-006
  1.200000017881393E-006
  1.200000017881393E-006
  1.200000017881393E-006
  1.200000017881393E-006
  1.200000017881393E-006
  1.200000017881393E-006
  1.200000017881393E-006
  1.200000017881393E-006
  1.200000017881393E-006
  1.200000017881393E-006
  1.200000017881393E-006
  1.200000017881393E-006
  1.200000017881393E-006
  1.200000017881393E-006
  1.200000017881393E-006
  1.200000017881393E-006
  1.200000017881393E-006
  1.200000017881393E-006
  1.200000017881393E-006
  1.200000017881393E-006
  1.200000017881393E-006
  1.200000017881393E-006
  1.200000017881393E-006
  1.200000017881393E-006
  1.200000017881393E-006
  1.200000017881393E-006
  1.200000017881393E-006
  1.200000017881393E-006
  1.200000017881393E-006
  1.200000017881393E-006
  1.200000017881393E-006
  1.200000017881393E-006
  1.200000017881393E-006
  1.200000017881393E-006
  1.200000017881393E-006
  1.200000017881393E-006
  1.200000017881393E-006
  1.200000017881393E-006
  1.200000017881393E-006
  1.200000017881393E-006
  1.200000017881393E-006
  1.200000017881393E-006
  1.200000017881393E-006
  1.200000017881393E-006
  1.200000017881393E-006
  1.200000017881393E-006
  1.200000017881393E-006
  1.200000017881393E-006
  1.200000017881393E-006
  1.200000017881393E-006
  1.200000017881393E-006
  1.200000017881393E-006
  1.200000017881393E-006
  1.200000017881393E-006
  1.200000017881393E-006
  1.200000017881393E-006
  1.200000017881393E-006
  1.200000017881393E-006
  1.200000017881393E-006
  1.200000017881393E-006
  1.200000017881393E-006
  1.200000017881393E-006
  1.200000017881393E-006
  1.200000017881393E-006
  1.200000017881393E-006
  1.200000017881393E-006
  1.200000017881393E-006
  1.200000017881393E-006
  1.200000017881393E-006
  1.200000017881393E-006
  1.200000017881393E-006
  1.200000017881393E-006
  1.200000017881393E-006
  1.200000017881393E-006
  1.200000017881393E-006
  1.200000017881393E-006
  1.200000017881393E-006
  1.200000017881393E-006
  1.200000017881393E-006
  1.200000017881393E-006
  1.200000017881393E-006
  1.200000017881393E-006
  1.200000017881393E-006
  1.200000017881393E-006
  1.200000017881393E-006
  1.200000017881393E-006
  1.200000017881393E-006
  1.200000017881393E-006
  1.200000017881393E-006
  1.200000017881393E-006
  1.200000017881393E-006
  1.200000017881393E-006
  1.200000017881393E-006
  1.200000017881393E-006
  1.200000017881393E-006
  1.200000017881393E-006
  1.200000017881393E-006
  1.200000017881393E-006
  1.200000017881393E-006
  1.200000017881393E-006
  1.200000017881393E-006
  1.200000017881393E-006
  1.200000017881393E-006
  1.200000017881393E-006
  1.200000017881393E-006
  1.200000017881393E-006
  1.200000017881393E-006
  1.200000017881393E-006
  1.200000017881393E-006
  1.200000017881393E-006
  1.200000017881393E-006
  1.200000017881393E-006
  1.200000017881393E-006
  1.200000017881393E-006
  1.200000017881393E-006
  1.200000017881393E-006
  1.200000017881393E-006
  1.200000017881393E-006
  1.200000017881393E-006
  1.200000017881393E-006
  1.200000017881393E-006
  1.200000017881393E-006
  1.200000017881393E-006
  1.200000017881393E-006
  1.200000017881393E-006
  1.200000017881393E-006
  1.200000017881393E-006
  1.200000017881393E-006
  1.200000017881393E-006
  1.200000017881393E-006
  1.200000017881393E-006
  1.200000017881393E-006
  1.200000017881393E-006
  1.200000017881393E-006
  1.200000017881393E-006
  1.200000017881393E-006
  1.200000017881393E-006
  1.200000017881393E-006
  1.200000017881393E-006
  1.200000017881393E-006
  1.200000017881393E-006
  1.200000017881393E-006
  1.200000017881393E-006
  1.200000017881393E-006
  1.200000017881393E-006
  1.200000017881393E-006
  1.200000017881393E-006
  1.200000017881393E-006
  1.200000017881393E-006
  1.200000017881393E-006
  1.200000017881393E-006
  1.200000017881393E-006
  1.200000017881393E-006
  1.200000017881393E-006
  1.200000017881393E-006
  1.200000017881393E-006
  1.200000017881393E-006
  1.200000017881393E-006
  1.200000017881393E-006
  1.200000017881393E-006
  1.200000017881393E-006
  1.200000017881393E-006
  1.200000017881393E-006
  1.200000017881393E-006
  1.200000017881393E-006
  1.200000017881393E-006
  1.200000017881393E-006
  1.200000017881393E-006
  1.200000017881393E-006
  1.200000017881393E-006
  1.200000017881393E-006
  1.200000017881393E-006
  1.200000017881393E-006
  1.200000017881393E-006
  1.200000017881393E-006
  1.200000017881393E-006
  1.200000017881393E-006
  1.200000017881393E-006
  1.200000017881393E-006
  1.200000017881393E-006
  1.200000017881393E-006
  1.200000017881393E-006
  1.200000017881393E-006
  1.200000017881393E-006
  1.200000017881393E-006
  1.200000017881393E-006
  1.200000017881393E-006
  1.200000017881393E-006
  1.200000017881393E-006
  1.200000017881393E-006
  1.200000017881393E-006
  1.200000017881393E-006
  1.200000017881393E-006
  1.200000017881393E-006
  1.200000017881393E-006
  1.200000017881393E-006
  1.200000017881393E-006
  1.200000017881393E-006
  1.200000017881393E-006
  1.200000017881393E-006
  1.200000017881393E-006
  1.200000017881393E-006
  1.200000017881393E-006
  1.200000017881393E-006
  1.200000017881393E-006
  1.200000017881393E-006
  1.200000017881393E-006
  1.200000017881393E-006
  1.200000017881393E-006
  1.200000017881393E-006
  1.200000017881393E-006
  1.200000017881393E-006
  1.200000017881393E-006
  1.200000017881393E-006
  1.200000017881393E-006
  1.200000017881393E-006
  1.200000017881393E-006
  1.200000017881393E-006
  1.200000017881393E-006
  1.200000017881393E-006
  1.200000017881393E-006
  1.200000017881393E-006
  1.200000017881393E-006
  1.200000017881393E-006
  1.200000017881393E-006
  1.200000017881393E-006
  1.200000017881393E-006
  1.200000017881393E-006
  1.200000017881393E-006
  1.200000017881393E-006
  1.200000017881393E-006
  1.200000017881393E-006
  1.200000017881393E-006
  1.200000017881393E-006
  1.200000017881393E-006
  1.200000017881393E-006
  1.200000017881393E-006
  1.200000017881393E-006
  1.200000017881393E-006
  1.200000017881393E-006
  1.200000017881393E-006
  1.200000017881393E-006
  1.200000017881393E-006
  1.200000017881393E-006
  1.200000017881393E-006
  1.200000017881393E-006
  1.200000017881393E-006
  1.200000017881393E-006
  1.200000017881393E-006
  1.200000017881393E-006
  1.200000017881393E-006
  1.200000017881393E-006
  1.200000017881393E-006
  1.200000017881393E-006
  1.200000017881393E-006
  1.200000017881393E-006
  1.200000017881393E-006
  1.200000017881393E-006
  1.200000017881393E-006
  1.200000017881393E-006
  1.200000017881393E-006
  1.200000017881393E-006
  1.200000017881393E-006
  1.200000017881393E-006
  1.200000017881393E-006
  1.200000017881393E-006
  1.200000017881393E-006
  1.200000017881393E-006
  1.200000017881393E-006
  1.200000017881393E-006
  1.200000017881393E-006
  1.200000017881393E-006
  1.200000017881393E-006
  1.200000017881393E-006
  1.200000017881393E-006
  1.200000017881393E-006
  1.200000017881393E-006
  1.200000017881393E-006
  1.200000017881393E-006
  1.200000017881393E-006
  1.200000017881393E-006
  1.200000017881393E-006
  1.200000017881393E-006
  1.200000017881393E-006
  1.200000017881393E-006
  1.200000017881393E-006
  1.200000017881393E-006
  1.200000017881393E-006
  1.200000017881393E-006
  1.200000017881393E-006
  1.200000017881393E-006
  1.200000017881393E-006
  1.200000017881393E-006
  1.200000017881393E-006
  1.200000017881393E-006
  1.200000017881393E-006
  1.200000017881393E-006
  1.200000017881393E-006
  1.200000017881393E-006
  1.200000017881393E-006
  1.200000017881393E-006
  1.200000017881393E-006
  1.200000017881393E-006
  1.200000017881393E-006
  1.200000017881393E-006
  1.200000017881393E-006
  1.200000017881393E-006
  1.200000017881393E-006
  1.200000017881393E-006
  1.200000017881393E-006
  1.200000017881393E-006
  1.200000017881393E-006
  1.200000017881393E-006
  1.200000017881393E-006
  1.200000017881393E-006
  1.200000017881393E-006
  1.200000017881393E-006
  1.200000017881393E-006
  1.200000017881393E-006
  1.200000017881393E-006
  1.200000017881393E-006
  1.200000017881393E-006
  1.200000017881393E-006
  1.200000017881393E-006
  1.200000017881393E-006
  1.200000017881393E-006
  1.200000017881393E-006
  1.200000017881393E-006
  1.200000017881393E-006
  1.200000017881393E-006
  1.200000017881393E-006
  1.200000017881393E-006
  1.200000017881393E-006
  1.200000017881393E-006
  1.200000017881393E-006
  1.200000017881393E-006
  1.200000017881393E-006
  1.200000017881393E-006
  1.200000017881393E-006
  1.200000017881393E-006
  1.200000017881393E-006
  1.200000017881393E-006
  1.200000017881393E-006
  1.200000017881393E-006
  1.200000017881393E-006
  1.200000017881393E-006
  1.200000017881393E-006
  1.200000017881393E-006
  1.200000017881393E-006
  1.200000017881393E-006
  1.200000017881393E-006
  1.200000017881393E-006
  1.200000017881393E-006
  1.200000017881393E-006
  1.200000017881393E-006
  1.200000017881393E-006
  1.200000017881393E-006
  1.200000017881393E-006
  1.200000017881393E-006
  1.200000017881393E-006
  1.200000017881393E-006
  1.200000017881393E-006
  1.200000017881393E-006
  1.200000017881393E-006
  1.200000017881393E-006
  1.200000017881393E-006
  1.200000017881393E-006
  1.200000017881393E-006
  1.200000017881393E-006
  1.200000017881393E-006
  1.200000017881393E-006
  1.200000017881393E-006
  1.200000017881393E-006
  1.200000017881393E-006
  1.200000017881393E-006
  1.200000017881393E-006
  1.200000017881393E-006
  1.200000017881393E-006
  1.200000017881393E-006
  1.200000017881393E-006
  1.200000017881393E-006
  1.200000017881393E-006
  1.200000017881393E-006
  1.200000017881393E-006
  1.200000017881393E-006
  1.200000017881393E-006
  1.200000017881393E-006
  1.200000017881393E-006
  1.200000017881393E-006
  1.200000017881393E-006
  1.200000017881393E-006
  1.200000017881393E-006
  1.200000017881393E-006
  1.200000017881393E-006
  1.200000017881393E-006
  1.200000017881393E-006
  1.200000017881393E-006
  1.200000017881393E-006
  1.200000017881393E-006
  1.200000017881393E-006
  1.200000017881393E-006
  1.200000017881393E-006
  1.200000017881393E-006
  1.200000017881393E-006
  1.200000017881393E-006
  1.200000017881393E-006
  1.200000017881393E-006
  1.200000017881393E-006
  1.200000017881393E-006
  1.200000017881393E-006
  1.200000017881393E-006
  1.200000017881393E-006
  1.200000017881393E-006
  1.200000017881393E-006
  1.200000017881393E-006
  1.200000017881393E-006
  1.200000017881393E-006
  1.200000017881393E-006
  1.200000017881393E-006
  1.200000017881393E-006
  1.200000017881393E-006
  1.200000017881393E-006
  1.200000017881393E-006
  1.200000017881393E-006
  1.200000017881393E-006
  1.200000017881393E-006
  1.200000017881393E-006
  1.200000017881393E-006
  1.200000017881393E-006
  1.200000017881393E-006
  1.200000017881393E-006
  1.200000017881393E-006
  1.200000017881393E-006
  1.200000017881393E-006
  1.200000017881393E-006
  1.200000017881393E-006
  1.200000017881393E-006
  1.200000017881393E-006
  1.200000017881393E-006
  1.200000017881393E-006
  1.200000017881393E-006
  1.200000017881393E-006
  1.200000017881393E-006
  1.200000017881393E-006
  1.200000017881393E-006
  1.200000017881393E-006
  1.200000017881393E-006
  1.200000017881393E-006
  1.158961635489440E-007
  2.824921936646500E-007
  4.492575348722156E-007
  6.161916307577849E-007
  7.832901075688034E-007
  9.505480586947458E-007
  1.117960135802943E-006
  1.285520316609893E-006
  1.453223441654023E-006
  1.621063677863193E-006
  1.789036076581700E-006
  1.957134682478127E-006
  2.125354156016471E-006
  2.293688325723168E-006
  2.462132271678758E-006
  2.630680260090177E-006
  2.799326569387893E-006
  2.968065626382049E-006
  3.136891150093915E-006
  3.305798392224821E-006
  3.474781421304726E-006
  3.643834617217962E-006
  3.812952372803971E-006
  3.982129399095710E-006
  4.151360304219167E-006
  4.320637161821492E-006
  4.489956916618364E-006
  4.659313101758555E-006
  4.828700682138180E-006
  4.998112298539140E-006
  5.167544109078844E-006
  5.336990304593717E-006
  5.506444823296419E-006
  5.675901483722842E-006
  5.845355769251962E-006
  6.014802257586437E-006
  6.184234145314042E-006
  6.353646838800726E-006
  6.523034482805491E-006
  6.692391555521001E-006
  6.861712834498719E-006
  7.030992512803821E-006
  7.200225140224821E-006
  7.369405337993557E-006
  7.538527718650648E-006
  7.707586451773038E-006
  7.876576354366802E-006
  8.045492321021775E-006
  8.214328465525124E-006
  8.383079954637616E-006
  8.551740568672138E-006
  8.720306076143266E-006
  8.888770275905448E-006
  9.057128846214559E-006
  9.225375689044355E-006
  9.393505349065250E-006
  9.561514183724541E-006
  9.729394488667289E-006
  9.897143352414935E-006
  1.006475435561937E-005
  1.023222327967635E-005
  1.039954428848378E-005
  1.056671376267728E-005
  1.073372425831678E-005
  1.090057270903598E-005
  1.106725292580665E-005
  1.123376103781577E-005
  1.140009180166913E-005
  1.156624009972283E-005
  1.173220161443037E-005
  1.189797024501434E-005
  1.206354298839510E-005
  1.222891352516313E-005
  1.239407792025128E-005
  1.255903165783676E-005
  1.272376977033096E-005
  1.288828792010026E-005
  1.305258138613105E-005
  1.321664548261493E-005
  1.338047598663288E-005
  1.354406835876902E-005
  1.370741815183044E-005
  1.387052087122202E-005
  1.403337259293798E-005
  1.419596863539055E-005
  1.435830446535279E-005
  1.452037679448582E-005
  1.468218020348469E-005
  1.484371125203952E-005
  1.500496590515778E-005
  1.516594060740593E-005
  1.532662959202507E-005
  1.548703081033836E-005
  1.564713940155895E-005
  1.580695108016923E-005
  1.596646352591638E-005
  1.612567120405022E-005
  1.628457133695949E-005
  1.644315963248527E-005
  1.660143315439523E-005
  1.675938760554770E-005
  1.691701971659433E-005
  1.707432556410043E-005
  1.723130187070320E-005
  1.738794532875719E-005
  1.754425248711333E-005
  1.770022006188652E-005
  1.785584516412806E-005
  1.801112289920218E-005
  1.816605203950790E-005
  1.832062746087104E-005
  1.847484715756424E-005
  1.862870848429650E-005
  1.878220675282636E-005
  1.893534040080686E-005
  1.908810663503685E-005
  1.924050119156916E-005
  1.939252165309513E-005
  1.954416694822962E-005
  1.969543184279036E-005
  1.984631387731107E-005
  1.999681126490731E-005
  2.014692283131704E-005
  2.029664326640622E-005
  2.044597040747005E-005
  2.059490219677186E-005
  2.074343775765908E-005
  2.089157324994922E-005
  2.103930558380014E-005
  2.118663296249463E-005
  2.133355312592073E-005
  2.148006394630482E-005
  2.162616414750629E-005
  2.177185113461100E-005
  2.191712173687998E-005
  2.206197453824586E-005
  2.220640713276897E-005
  2.235041791080774E-005
  2.249400495652317E-005
  2.263716652226587E-005
  2.277990084763173E-005
  2.292220695333056E-005
  2.306408116399672E-005
  2.320552285698345E-005
  2.334653008241512E-005
  2.348710072899570E-005
  2.362723414135935E-005
  2.376692832474001E-005
  2.390618197755283E-005
  2.404499317607532E-005
  2.418336103229341E-005
  2.432128397694148E-005
  2.445876111237942E-005
  2.459579084305578E-005
  2.473237144092823E-005
  2.486850158484626E-005
  2.500418157667449E-005
  2.513940891478497E-005
  2.527418203015608E-005
  2.540850012973404E-005
  2.554236370466622E-005
  2.567577052744576E-005
  2.580872035582327E-005
  2.594121159663252E-005
  2.607324328719611E-005
  2.620481531100712E-005
  2.633592713871066E-005
  2.646657705315107E-005
  2.659676366388507E-005
  2.672648802884389E-005
  2.685574814985358E-005
  2.698454434867642E-005
  2.711287567902125E-005
  2.724074229178472E-005
  2.736814312256748E-005
  2.749507569067938E-005
  2.762154291805087E-005
  2.774754228657674E-005
  2.787307453425971E-005
  2.799813970275389E-005
  2.812273492372679E-005
  2.824686236436481E-005
  2.837052033097448E-005
  2.849371085191625E-005
  2.861643108490216E-005
  2.873868242421627E-005
  2.886046367933582E-005
  2.898177655804474E-005
  2.910261935227051E-005
  2.922299227228129E-005
  2.934289472897426E-005
  2.946232945276370E-005
  2.958129325833638E-005
  2.969978750614941E-005
  2.981781258854135E-005
  2.993536933940726E-005
  3.005245637782471E-005
  3.016907397346876E-005
  3.028522395860717E-005
  3.040090487190322E-005
  3.051611766602777E-005
  3.063086255285189E-005
  3.074514078561029E-005
  3.085895067781037E-005
  3.097229398146303E-005
  3.108517221840394E-005
  3.119758238811617E-005
  3.130952769483943E-005
  3.142100943566275E-005
  3.153202400924806E-005
  3.164257566915129E-005
  3.175266490067018E-005
  3.186228885896675E-005
  3.197145157472128E-005
  3.208015337876982E-005
  3.218839201083756E-005
  3.229617113609927E-005
  3.240349045144645E-005
  3.251034966486153E-005
  3.261675111195935E-005
  3.272269393935649E-005
  3.282818015398363E-005
  3.293321002621960E-005
  3.303778340619901E-005
  3.314190316492167E-005
  3.324556854327090E-005
  3.334878011410377E-005
  3.345154020354013E-005
  3.355384759633811E-005
  3.365570582679187E-005
  3.375711318454422E-005
  3.385807170707780E-005
  3.395858293439922E-005
  3.405864646034754E-005
  3.415826512299476E-005
  3.425743717834438E-005
  3.435616584225602E-005
  3.445445137869562E-005
  3.455229461390055E-005
  3.464969763908786E-005
  3.474665973891101E-005
  3.484318332425778E-005
  3.493926812214947E-005
  3.503491674401833E-005
  3.513012940896818E-005
  3.522490742924948E-005
  3.531925221378569E-005
  3.541316383339618E-005
  3.550664530012468E-005
  3.559969524753464E-005
  3.569231691179142E-005
  3.578450995094127E-005
  3.587627705506701E-005
  3.596761821629376E-005
  3.605853520736536E-005
  3.614902894141269E-005
  3.623910081249839E-005
  3.632875236047906E-005
  3.641798384455989E-005
  3.650679775904671E-005
  3.659519400731096E-005
  3.668317539730961E-005
  3.677074119070954E-005
  3.685789492368872E-005
  3.694463576341239E-005
  3.703096681917931E-005
  3.711688783175371E-005
  3.720240129084010E-005
  3.728750737346489E-005
  3.737220868732948E-005
  3.745650538401929E-005
  3.754039964500662E-005
  3.762389242996428E-005
  3.770698510591054E-005
  3.778967880169205E-005
  3.787197513716153E-005
  3.795387544266935E-005
  3.803538093576719E-005
  3.811649333809664E-005
  3.819721359039585E-005
  3.827754317821780E-005
  3.835748324418482E-005
  3.843703577808545E-005
  3.851620146705096E-005
  3.859498251305589E-005
  3.867337934906381E-005
  3.875139452623653E-005
  3.882902829935157E-005
  3.890628288997582E-005
  3.898315844604988E-005
  3.905965799374531E-005
  3.913578177691814E-005
  3.921153232485648E-005
  3.928690994071398E-005
  3.936191709167844E-005
  3.943655344628853E-005
  3.951082204538992E-005
  3.958472358341040E-005
  3.965826033290031E-005
  3.973143284688772E-005
  3.980424296475196E-005
  3.987669108698120E-005
  3.994878036001538E-005
  4.002051081792413E-005
  4.009188504267028E-005
  4.016290272466234E-005
  4.023356731317852E-005
  4.030387899408063E-005
  4.037384050206901E-005
  4.044345065845169E-005
  4.051271342250525E-005
  4.058162918366109E-005
  4.065019993678773E-005
  4.071842591456636E-005
  4.078630992809571E-005
  4.085385283419324E-005
  4.092105562188930E-005
  4.098792007044144E-005
  4.105444818810945E-005
  4.112064030908657E-005
  4.118649882651222E-005
  4.125202468323754E-005
  4.131721969113028E-005
  4.138208424458913E-005
  4.144662150559003E-005
  4.151083096598928E-005
  4.157471519790978E-005
  4.163827580883479E-005
  4.170151319160725E-005
  4.176442929156681E-005
  4.182702678892408E-005
  4.188930394531078E-005
  4.195126555327130E-005
  4.201291094704709E-005
  4.207424239380085E-005
  4.213526138885617E-005
  4.219596790749661E-005
  4.225636528210715E-005
  4.231645375636391E-005
  4.237623480811717E-005
  4.243571120213331E-005
  4.249488168164871E-005
  4.255375113094638E-005
  4.261231635403299E-005
  4.267058329282932E-005
  4.272854965598749E-005
  4.278621986182764E-005
  4.284359287505390E-005
  4.290067212701211E-005
  4.295745707772899E-005
  4.301395058920563E-005
  4.307015280536659E-005
  4.312606629827409E-005
  4.318169113356213E-005
  4.323702973131233E-005
  4.329208269043678E-005
  4.334685230513902E-005
  4.340133830298674E-005
  4.345554417890328E-005
  4.350946863040070E-005
  4.356311592715757E-005
  4.361648418896180E-005
  4.366957785671642E-005
  4.372239600093772E-005
  4.377494120072954E-005
  4.382721465516441E-005
  4.387921605359386E-005
  4.393095009062341E-005
  4.398241350364778E-005
  4.403361175282287E-005
  4.408454392030572E-005
  4.413521109845996E-005
  4.418561676633305E-005
  4.423575900930571E-005
  4.428564143234154E-005
  4.433526662127856E-005
  4.438462995189222E-005
  4.443373862917478E-005
  4.448259345833065E-005
  4.453119067604700E-005
  4.457953718870433E-005
  4.462763332775509E-005
  4.467547515466614E-005
  4.472306927729985E-005
  4.477041756445249E-005
  4.481751656172280E-005
  4.486437013671074E-005
  4.491098077260799E-005
  4.495734941589056E-005
  4.500347170439427E-005
  4.504935527522654E-005
  4.509500160730617E-005
  4.514040986388184E-005
  4.518557638961519E-005
  4.523050858483240E-005
  4.527520812480583E-005
  4.531967530268906E-005
  4.536390728248392E-005
  4.540790593788476E-005
  4.545167659350219E-005
  4.549521979880155E-005
  4.553853664526154E-005
  4.558162789692015E-005
  4.562448681768611E-005
  4.566712192279849E-005
  4.570953609514718E-005
  4.575172903457554E-005
  4.579370289979120E-005
  4.583545760340334E-005
  4.587699503734703E-005
  4.591831490165558E-005
  4.595941923361227E-005
  4.600030787295847E-005
  4.604097131232021E-005
  4.608142027922629E-005
  4.612166039788819E-005
  4.616169070948399E-005
  4.620151375741007E-005
  4.624113347585361E-005
  4.628053919918854E-005
  4.631969713740527E-005
  4.636927587997174E-005
  4.639744535209728E-005
  4.643613501437308E-005
  4.647451523069370E-005
  4.651270499215991E-005
  4.655068881770366E-005
  4.658848070610227E-005
  4.662607100954882E-005
  4.666346375345411E-005
  4.670065933544007E-005
  4.673766215617658E-005
  4.677446959223968E-005
  4.681108349814484E-005
  4.684750528269224E-005
  4.688373521933227E-005
  4.691977568645184E-005
  4.695562582648523E-005
  4.699128790463705E-005
  4.702676219836415E-005
  4.706204975590714E-005
  4.709714931461064E-005
  4.713205797173647E-005
  4.716678475812625E-005
  4.720132975115329E-005
  4.723569320249178E-005
  4.726987665229193E-005
  4.730388017237446E-005
  4.733770483928862E-005
  4.737135186436099E-005
  4.740482099677579E-005
  4.743811429346742E-005
  4.747123216499195E-005
  4.750417497455952E-005
  4.753694439475413E-005
  4.756954049147438E-005
  4.760196460882410E-005
  4.763421786033694E-005
  4.766630030040659E-005
  4.769821343532661E-005
  4.772995822447222E-005
  4.776153455521264E-005
  4.779294423675890E-005
  4.782418787228190E-005
  4.785526563384175E-005
  4.788617928280796E-005
  4.791692935804238E-005
  4.794751613361122E-005
  4.797794109121220E-005
  4.800820495489566E-005
  4.803830797514238E-005
  4.806825153075362E-005
  4.809803619100831E-005
  4.812766260068399E-005
  4.815713198423939E-005
  4.818644465499696E-005
  4.821560144999454E-005
  4.824460349603250E-005
  4.827345123795282E-005
  4.830214536515368E-005
  4.833068688374890E-005
  4.835907653587072E-005
  4.838731472751033E-005
  4.841540253652962E-005
  4.844334097033832E-005
  4.847112978284025E-005
  4.849877053150586E-005
  4.852626402160042E-005
  4.855361009929032E-005
  4.858081020316764E-005
  4.860786523502236E-005
  4.863477504547033E-005
  4.866154074654687E-005
  4.868816351846523E-005
  4.871464333297743E-005
  4.874098093192612E-005
  4.876717769970813E-005
  4.879323390164671E-005
  4.881914953741787E-005
  4.884492628539801E-005
  4.887056470916379E-005
  4.889606442818977E-005
  4.892142706797939E-005
  4.894665339873084E-005
  4.897174339449390E-005
  4.899669772634411E-005
  4.902151766893184E-005
  4.904620373253469E-005
  4.907075538337480E-005
  4.909517460990184E-005
  4.911946179665487E-005
  4.914361688015488E-005
  4.916764088222657E-005
  4.919153472411243E-005
  4.921529896097345E-005
  4.923893323006876E-005
  4.926243896913420E-005
  4.928581692328015E-005
  4.930906734801917E-005
  4.933219016607856E-005
  4.935518709982372E-005
  4.937805829954937E-005
  4.940080406640518E-005
  4.942342483943164E-005
  4.944592161523223E-005
  4.946829492722371E-005
  4.949054513747995E-005
  4.951267229277222E-005
  4.953467772130645E-005
  4.955656200968156E-005
  4.957832523062640E-005
  4.959996762430305E-005
  4.962149043357669E-005
  4.964289426642530E-005
  4.966417915878247E-005
  4.968534515997525E-005
  4.970639382417830E-005
  4.972732547984442E-005
  4.974814025791127E-005
  4.976883805757486E-005
  4.978942035663059E-005
  4.980988766337870E-005
  4.983023995546295E-005
  4.985047736584249E-005
  4.987060080819457E-005
  4.989061039536332E-005
  4.991050702287890E-005
  4.993029039170353E-005
  4.994996014306614E-005
  4.996951754675609E-005
  4.998896272171303E-005
  5.000829555532732E-005
  5.002751536515437E-005
  5.004662268855842E-005
  5.006561790319790E-005
  5.008450049627568E-005
  5.010327055508348E-005
  5.012192658825741E-005
  5.014046918192538E-005
  5.015889815216526E-005
  5.017721297880360E-005
  5.019541304973750E-005
  5.021349645279475E-005
  5.023146362557396E-005
  5.024931369709465E-005
  5.026704562778574E-005
  5.028465882918048E-005
  5.030215156332281E-005
  5.031952214147723E-005
  5.033677071746915E-005
  5.035389570875262E-005
  5.037089584663551E-005
  5.038776985300447E-005
  5.040451589874481E-005
  5.042113178769185E-005
  5.043761737425407E-005
  5.045397097967655E-005
  5.047019106785005E-005
  5.048627614409826E-005
  5.050222453253872E-005
  5.051803457954165E-005
  5.053370397867699E-005
  5.054923168391028E-005
  5.056461651181287E-005
  5.057985789275565E-005
  5.059495308752174E-005
  5.060990015699725E-005
  5.062469670246696E-005
  5.063934253199207E-005
  5.065383541672175E-005
  5.066817512455008E-005
  5.068235639428071E-005
  5.069638039519068E-005
  5.071024444191439E-005
  5.072394794936721E-005
  5.073748980953481E-005
  5.075086796134701E-005
  5.076407948031098E-005
  5.077712486105935E-005
  5.079000177589884E-005
  5.080270960844966E-005
  5.081524568219489E-005
  5.082761018044030E-005
  5.083980187963793E-005
  5.085181881893825E-005
  5.086366135841453E-005
  5.087532759957991E-005
  5.088681627339392E-005
  5.089812735098377E-005
  5.090925939057718E-005
  5.092021359331071E-005
  5.093098768191580E-005
  5.094158143395606E-005
  5.095199470100022E-005
  5.096222769726612E-005
  5.097228071060066E-005
  5.098215466129733E-005
  5.099184888437742E-005
  5.100136434408883E-005
  5.101070233245787E-005
  5.101986440069842E-005
  5.102885125291121E-005
  5.103766476458545E-005
  5.104630818468551E-005
  5.105478281400507E-005
  5.106309163398397E-005
  5.107123892211621E-005
  5.107922741335281E-005
  5.108706184884610E-005
  5.109474677914980E-005
  5.110228703638815E-005
  5.110968909267501E-005
  5.111695843026665E-005
  5.112410275393303E-005
  5.113112864487722E-005
  5.113804504642254E-005
  5.114485983564437E-005
  5.115158288481082E-005
  5.115822355540828E-005
  5.116479289899306E-005
  5.117130120806647E-005
  5.117776082505483E-005
  5.118418286722855E-005
  5.119058005978927E-005
  5.119696458848921E-005
  5.120334972991017E-005
  5.120974774709475E-005
  5.121617175579382E-005
  5.122263389128723E-005
  5.122914622222388E-005
  5.123572008599086E-005
  5.124236568240606E-005
  5.124909303224355E-005
  5.125590932422552E-005
  5.126282106064713E-005
  5.126983383181168E-005
  5.127694936243224E-005
  5.128416828179307E-005
  5.129148945507385E-005
  5.129890883524009E-005
  5.130641983951118E-005
  5.131401431216284E-005
  5.132168233651523E-005
  5.132941254920092E-005
  5.133719281680405E-005
  5.134501074040017E-005
  5.135285264683763E-005
  5.136070613684935E-005
  5.136855960168923E-005
  5.137640249092686E-005
  5.138422546472903E-005
  5.139202047166202E-005
  5.139978071094106E-005
  5.140750056252972E-005
  5.141517546078153E-005
  5.142280176472763E-005
  5.143037661715488E-005
  5.143789779802729E-005
  5.144536363409819E-005
  5.145277286042342E-005
  5.146012456704770E-005
  5.146741807980655E-005
  5.147465295645865E-005
  5.148182889086899E-005
  5.148894571053332E-005
  5.149600332660475E-005
  5.150300171826287E-005
  5.150994091752584E-005
  5.151682100669844E-005
  5.152364208046717E-005
  5.153040427537056E-005
  5.153710773376852E-005
  5.154375261597885E-005
  5.155033909193803E-005
  5.155686734306591E-005
  5.156333755386445E-005
  5.156974991351196E-005
  5.157610461947409E-005
  5.158240187545744E-005
  5.158864188206640E-005
  5.159482484831886E-005
  5.160095098704646E-005
  5.160702050749335E-005
  5.161303362896423E-005
  5.161899056007544E-005
  5.162489153177004E-005
  5.163073675501064E-005
  5.163652645446115E-005
  5.164226085310954E-005
  5.164794017321397E-005
  5.165356464749526E-005
  5.165913449055657E-005
  5.166464994017163E-005
  5.167011121885949E-005
  5.167551855850261E-005
  5.168087218561978E-005
  5.168617233099726E-005
  5.169141922689464E-005
  5.169661310347202E-005
  5.170175419091882E-005
  5.170684272192186E-005
  5.171187892846041E-005
  5.171686304194628E-005
  5.172179529339320E-005
  5.172667591728242E-005
  5.173150514528308E-005
  5.173628320879551E-005
  5.174101034109918E-005
  5.174568677422945E-005
  5.175031274098779E-005
  5.175488847498914E-005
  5.175941420500157E-005
  5.176389016519978E-005
  5.176831658581924E-005
  5.177269369862851E-005
  5.177702173392421E-005
  5.178130092341100E-005
  5.178553149642462E-005
  5.178971368546191E-005
  5.179384771824239E-005
  5.179793382447836E-005
  5.180197223210421E-005
  5.180596317088021E-005
  5.180990686813288E-005
  5.181380355099082E-005
  5.181765344684820E-005
  5.182145678181436E-005
  5.182521378173746E-005
  5.182892467206731E-005
  5.183258967689678E-005
  5.183620901997189E-005
  5.183978292530751E-005
  5.184331161501718E-005
  5.184679531091846E-005
  5.185023423451178E-005
  5.185362860600983E-005
  5.185697864530512E-005
  5.186028457098893E-005
  5.186354660138330E-005
  5.186676495420632E-005
  5.186993984496599E-005
  5.187307148980421E-005
  5.187616010355619E-005
  5.187920589889643E-005
  5.188220909018703E-005
  5.188516988791653E-005
  5.188808850348718E-005
  5.189096514749362E-005
  5.189380002790438E-005
  5.189659335309660E-005
  5.189934532934561E-005
  5.190205616275177E-005
  5.190472605711908E-005
  5.190735521528454E-005
  5.190994384093426E-005
  5.191249213380278E-005
  5.191500029481432E-005
  5.191746852117131E-005
  5.191989700889241E-005
  5.192228595527592E-005
  5.192463555492283E-005
  5.192694600157943E-005
  5.192921748321901E-005
  5.193145019434272E-005
  5.193364431862283E-005
  5.193580004754771E-005
  5.193791756462990E-005
  5.193999705381065E-005
  5.194203869709018E-005
  5.194404267381590E-005
  5.194600916288338E-005
  5.194793834340854E-005
  5.194983038641755E-005
  5.195168546831083E-005
  5.195350375816899E-005
  5.195528542724221E-005
  5.195703063597191E-005
  5.195873955592044E-005
  5.196041234699890E-005
  5.196204916896133E-005
  5.196365018043174E-005
  5.196521553522759E-005
  5.196674538956215E-005
  5.196823989259000E-005
  5.196969918775357E-005
  5.197112342551954E-005
  5.197251274478926E-005
  5.197386728359950E-005
  5.197518718301806E-005
  5.197647256890311E-005
  5.197772357572238E-005
  5.197894032825671E-005
  5.198012295248574E-005
  5.198127156102789E-005
  5.198238627053303E-005
  5.198346720003587E-005
  5.198451445048512E-005
  5.198552812324927E-005
  5.198650831905411E-005
  5.198745513360664E-005
  5.198836865704696E-005
  5.198924897317185E-005
  5.199009616197703E-005
  5.199091030023047E-005
  5.199169145207737E-005
  5.199243968056041E-005
  5.199315499354250E-005
  5.199383749620813E-005
  5.199448716345133E-005
  5.199510403988613E-005
  5.199568827467993E-005
  5.199623987579999E-005
  5.199675885539417E-005
  5.199724520726139E-005
  5.199769893016012E-005
  5.199812000644951E-005
  5.199850841763362E-005
  5.199886413395124E-005
  5.199918711824351E-005
  5.199947731852463E-005
  5.199973467945033E-005
  5.199995913049172E-005
  5.200015058877634E-005
  5.200030896231499E-005
  5.200043414459761E-005
  5.200052601709183E-005
  5.200058444673720E-005
  5.200060928532612E-005
  5.200060037132429E-005
  5.200055752486637E-005
  5.200048055123871E-005
  5.200036923818862E-005
  5.200022335510293E-005
  5.200004265239891E-005
  5.199982685834141E-005
  5.199957568338150E-005
  5.199928882009235E-005
  5.199896593587171E-005
  5.199860667104914E-005
  5.199821064311443E-005
  5.199777747417137E-005
  5.199730670486081E-005
  5.199679805210367E-005
  5.199625089927704E-005
  5.199566467103634E-005
  5.199503881661931E-005
  5.199437275432856E-005
  5.199366586506822E-005
  5.199291749814189E-005
  5.199212695403425E-005
  5.199129352412669E-005
  5.199041643907898E-005
  5.198949488968130E-005
  5.198852803033437E-005
  5.198751497511687E-005
  5.198645477758753E-005
  5.198534661458035E-005
  5.198418930799725E-005
  5.198298185372009E-005
  5.198172350805559E-005
  5.198041262714443E-005
  5.197904793170293E-005
  5.197762821839294E-005
  5.197615213508578E-005
  5.197461827632423E-005
  5.197302519721306E-005
  5.197137138153186E-005
  5.196965548047364E-005
  5.196787566175260E-005
  5.196603016566432E-005
  5.196411835957973E-005
  5.196213731556643E-005
  5.196008538147112E-005
  5.195796050063719E-005
  5.195576084401268E-005
  5.195348440921068E-005
  5.195112950635820E-005
  5.194869339650986E-005
  5.194617454458055E-005
  5.194357102595296E-005
  5.194087982030654E-005
  5.193809861913418E-005
  5.193522546883541E-005
  5.193225806568891E-005
  5.192919377126119E-005
  5.192603075958099E-005
  5.192276722269806E-005
  5.191939983752378E-005
  5.191592643389623E-005
  5.191234470288788E-005
  5.190865231851007E-005
  5.190484721977723E-005
  5.190092886305233E-005
  5.189689363516682E-005
  5.189273951212748E-005
  5.188846442717602E-005
  5.188406704418403E-005
  5.187954662099866E-005
  5.187490218492833E-005
  5.187013105114563E-005
  5.186523238869440E-005
  5.186020532585882E-005
  5.185505010761802E-005
  5.184976874518583E-005
  5.184435937490885E-005
  5.183882282077928E-005
  5.183316025533096E-005
  5.182737347021082E-005
  5.182146619894225E-005
  5.181543705005529E-005
  5.180928884521643E-005
  5.180302519035284E-005
  5.179665047068050E-005
  5.179017108718754E-005
  5.178358912589863E-005
  5.177691022811642E-005
  5.177014102372593E-005
  5.176328801827616E-005
  5.175636189103816E-005
  5.174936898136540E-005
  5.174231922510786E-005
  5.173522347577417E-005
  5.172809095827133E-005
  5.172093270786907E-005
  5.171376509345915E-005
  5.170659654943056E-005
  5.169944225862331E-005
  5.169231641199659E-005
  5.168523512809316E-005
  5.167821491896778E-005
  5.167127333598818E-005
  5.166442937711116E-005
  5.165770711983905E-005
  5.165112017955449E-005
  5.164468870371116E-005
  5.163843363840881E-005
  5.163237620165771E-005
  5.162653800009816E-005
  5.162094064634286E-005
  5.161560646784238E-005
  5.161055733833934E-005
  5.160581509393868E-005
  5.160140152680239E-005
  5.159733763467770E-005
  5.159364375210049E-005
  5.159033956750651E-005
  5.158743969808149E-005
  5.158496080770210E-005
  5.158292294921726E-005
  5.158133989727445E-005
  5.158022292117743E-005
  5.157958004696729E-005
  5.157941530104058E-005
  5.157973297229458E-005
  5.158053670168881E-005
  5.158182143685048E-005
  5.158357631872395E-005
  5.158579136751918E-005
  5.158845467397090E-005
  5.159154100616619E-005
  5.159502743093399E-005
  5.159888741531264E-005
  5.160307883365809E-005
  5.160757090828858E-005
  5.161231388184410E-005
  5.161726370167266E-005
  5.162236633882187E-005
  5.162756579650148E-005
  5.163280549244168E-005
  5.163802108370634E-005
  5.164315495818931E-005
  5.164813889125870E-005
  5.165291388609577E-005
  5.165741567995976E-005
  5.166158811417911E-005
  5.166537598197013E-005
  5.166872809119552E-005
  5.167160664787033E-005
  5.167397356296652E-005
  5.167580278600858E-005
  5.167708371020598E-005
  5.167781148651941E-005
  5.167798626020966E-005
  5.167763094477830E-005
  5.167677387570095E-005
  5.167544975526166E-005
  5.167369948259277E-005
  5.167156729264270E-005
  5.166909520156664E-005
  5.166632861571914E-005
  5.166331388674037E-005
  5.166008785598630E-005
  5.165668255920645E-005
  5.165312494461572E-005
  5.164943719603748E-005
  5.164563708562462E-005
  5.164173856737650E-005
  5.163775242259077E-005
  5.163368690061293E-005
  5.162954824949146E-005
  5.162534116935609E-005
  5.162106918940941E-005
  5.161673499606393E-005
  5.161234063905469E-005
  5.160788766820731E-005
  5.160337729314329E-005
  5.159881047404255E-005
  5.159418796185499E-005
  5.158951036661672E-005
  5.158477816900661E-005
  5.157999175574285E-005
  5.157515142581955E-005
  5.157025740891137E-005
  5.156530987911545E-005
  5.156030895731782E-005
  5.155525471896808E-005
  5.155014720299992E-005
  5.154498636842195E-005
  5.153977220842166E-005
  5.153484171074891E-005
  5.152997881901391E-005
  5.152507326567637E-005
  5.152012055766755E-005
  5.151511861983874E-005
  5.151006655787916E-005
  5.150496387489883E-005
  5.149981011162419E-005
  5.149460503226939E-005
  5.148934832834738E-005
  5.148403971574329E-005
  5.147867889561523E-005
  5.147326545487244E-005
  5.146779918946757E-005
  5.146227968227407E-005
  5.145670653068085E-005
  5.145107940489354E-005
  5.144539794204305E-005
  5.143966174426500E-005
  5.143386966177214E-005
  5.142802075103802E-005
  5.142211688134359E-005
  5.141616052850672E-005
  5.141014172150537E-005
  5.140406029529717E-005
  5.139792598627337E-005
  5.139173532504311E-005
  5.138548626231116E-005
  5.137917813896174E-005
  5.137281006142608E-005
  5.136638166565876E-005
  5.135989242021001E-005
  5.135334173563141E-005
  5.134672914200772E-005
  5.134005398052183E-005
  5.133331571939618E-005
  5.132651394446321E-005
  5.131964794518594E-005
  5.131271711924516E-005
  5.130572079654718E-005
  5.129865871859669E-005
  5.129152995531467E-005
  5.128433395981931E-005
  5.127707022543529E-005
  5.126973804680798E-005
  5.126233686876835E-005
  5.125486579136759E-005
  5.124732454283066E-005
  5.123971211427467E-005
  5.123202817370903E-005
  5.122427168236964E-005
  5.121644236278193E-005
  5.120853904380687E-005
  5.120056150725719E-005
  5.119250892969267E-005
  5.118438026592842E-005
  5.117617518836854E-005
  5.116789292220877E-005
  5.115953251838462E-005
  5.115109349506156E-005
  5.114257477953268E-005
  5.113397601260038E-005
  5.112529613293952E-005
  5.111653471349405E-005
  5.110769027983660E-005
  5.109876288923351E-005
  5.108975133130372E-005
  5.108065477303824E-005
  5.107147228627242E-005
  5.106220352465504E-005
  5.105284728397303E-005
  5.104340280256365E-005
  5.103386937929994E-005
  5.102424585114672E-005
  5.101453153063063E-005
  5.100472569985529E-005
  5.099482732852197E-005
  5.098483529502477E-005
  5.097474946420595E-005
  5.096456835951035E-005
  5.095429114568647E-005
  5.094391675910413E-005
  5.093344462476450E-005
  5.092287321014943E-005
  5.091220291232157E-005
  5.090143076695647E-005
  5.089055753693732E-005
  5.087958174774292E-005
  5.086850253264201E-005
  5.085731787524724E-005
  5.084602806975665E-005
  5.083463147841980E-005
  5.082312722699203E-005
  5.081151440544026E-005
  5.079979190897059E-005
  5.078795855313427E-005
  5.077601361208381E-005
  5.076395691655184E-005
  5.075178550127705E-005
  5.073949873868570E-005
  5.072709605217338E-005
  5.071457644790113E-005
  5.070193723759359E-005
  5.068917831103822E-005
  5.067629988189360E-005
  5.066330010921470E-005
  5.065017768487302E-005
  5.063693117500629E-005
  5.062355958539075E-005
  5.061006134290804E-005
  5.059643648053788E-005
  5.058268214932623E-005
  5.056879791155038E-005
  5.055478268092300E-005
  5.054063509866713E-005
  5.052635415213708E-005
  5.051193786633066E-005
  5.049738538671637E-005
  5.048269594988357E-005
  5.046786729421101E-005
  5.045289798348653E-005
  5.043778808517206E-005
  5.042253532202159E-005
  5.040713821934404E-005
  5.039159550713960E-005
  5.037590612273181E-005
  5.036006883718430E-005
  5.034408119900252E-005
  5.032794369913230E-005
  5.031165284387945E-005
  5.029520734261196E-005
  5.027860776914495E-005
  5.026185013969357E-005
  5.024493511665384E-005
  5.022786122858272E-005
  5.021062386805246E-005
  5.019322458578728E-005
  5.017566024178848E-005
  5.015792972529933E-005
  5.014003242587273E-005
  5.012196570029973E-005
  5.010372909674632E-005
  5.008531859775617E-005
  5.006673473740138E-005
  5.004797522527036E-005
  5.002903704487430E-005
  5.000992176241495E-005
  4.999062390066184E-005
  4.997114506052175E-005
  4.995148084686723E-005
  4.993163285093845E-005
  4.991159618761726E-005
  4.989136954230993E-005
  4.987095014492558E-005
  4.985033807443935E-005
  4.982953208787723E-005
  4.980852844443002E-005
  4.978732652657607E-005
  4.976592070906663E-005
  4.974431676708128E-005
  4.972250340862636E-005
  4.970048427625984E-005
  4.967825599972798E-005
  4.965581745515561E-005
  4.963316531819254E-005
  4.961029522371347E-005
  4.958720726582072E-005
  4.956389849476545E-005
  4.954036862212104E-005
  4.951660994530492E-005
  4.949261998884907E-005
  4.946840119337168E-005
  4.944394516873671E-005
  4.941924675457856E-005
  4.939430623419957E-005
  4.936911211391027E-005
  4.934366412495125E-005
  4.931794526333077E-005
  4.929186850685081E-005
  4.926569695449096E-005
  4.923923316054277E-005
  4.921256949456464E-005
  4.918572492616606E-005
  4.915871662081478E-005
  4.913157846287386E-005
  4.910434922933002E-005
  4.907708406782050E-005
  4.904984371004851E-005
  4.902274694540755E-005
  4.899589937001606E-005
  4.896949886430819E-005
  4.894375114805619E-005
  4.891890572482613E-005
  4.889538424476984E-005
  4.887370897880361E-005
  4.885453305003889E-005
  4.883761691365048E-005
  4.882141914411111E-005
  4.880573702258292E-005
  4.879047275768029E-005
  4.877594341817147E-005
  4.876213642156232E-005
  4.874905514074802E-005
  4.873665603506322E-005
  4.872503815066071E-005
  4.871417699161958E-005
  4.870404670846992E-005
  4.869472740455310E-005
  4.868623591266487E-005
  4.867850408115610E-005
  4.867163607026199E-005
  4.866559060290310E-005
  4.866020200707894E-005
  4.865565844191249E-005
  4.865193495636240E-005
  4.864912843122469E-005
  4.864717174054345E-005
  4.864604396578549E-005
  4.864572688405819E-005
  4.864636304243244E-005
  4.864790995362586E-005
  4.865027289499178E-005
  4.865355815059156E-005
  4.865780144030888E-005
  4.866290450153194E-005
  4.866895928368765E-005
  4.867590929137107E-005
  4.868381963708716E-005
  4.869266408375336E-005
  4.870244077798170E-005
  4.871316107722706E-005
  4.872484847681633E-005
  4.873744959323034E-005
  4.875102883290029E-005
  4.876556454033301E-005
  4.878104286813583E-005
  4.879748011459567E-005
  4.881486677299879E-005
  4.883319976090196E-005
  4.885247566005900E-005
  4.887269500696488E-005
  4.889384982819141E-005
  4.891591873799471E-005
  4.893890049764821E-005
  4.896280093030936E-005
  4.898759494572155E-005
  4.901327729093918E-005
  4.903983687975079E-005
  4.906723482522004E-005
  4.909549064699680E-005
  4.912454914019740E-005
  4.915442665199574E-005
  4.918509432432553E-005
  4.921650000078573E-005
  4.924864776230426E-005
  4.928150017911819E-005
  4.931504192050088E-005
  4.934923391415667E-005
  4.938404554003574E-005
  4.941943767615255E-005
  4.945537640957965E-005
  4.949183069883141E-005
  4.952875990680998E-005
  4.956614006083130E-005
  4.960388158349092E-005
  4.964198785136918E-005
  4.968039326621843E-005
  4.971906188623653E-005
  4.975793315892031E-005
  4.979697471827548E-005
  4.983611177731331E-005
  4.987530020502811E-005
  4.991449647372737E-005
  4.995363088236134E-005
  4.999265535059891E-005
  5.003151446865796E-005
  5.007014484784088E-005
  5.010849139415824E-005
  5.014649985980388E-005
  5.018409117654161E-005
  5.022121442985626E-005
  5.025781832535549E-005
  5.029383403871742E-005
  5.032919732982701E-005
  5.036385811918939E-005
  5.039775374042929E-005
  5.034186545685806E-005
  5.026371795935458E-005
  5.018418922316962E-005
  5.010326901716981E-005
  5.002094517453955E-005
  4.993720196003346E-005
  4.985202047451574E-005
  4.976537884077544E-005
  4.967725309463265E-005
  4.958761435127459E-005
  4.949643242767283E-005
  4.940367314573295E-005
  4.930929931735543E-005
  4.921327383123291E-005
  4.911554909522078E-005
  4.901607994104374E-005
  4.891482198182355E-005
  4.881172074801482E-005
  4.870671868933593E-005
  4.859975980227989E-005
  4.849078335186765E-005
  4.837972698588056E-005
  4.826651991193122E-005
  4.815109192462344E-005
  4.803336953314199E-005
  4.791327843378339E-005
  4.779073561053128E-005
  4.766565918349639E-005
  4.753795914692195E-005
  4.740754731831956E-005
  4.727433221275069E-005
  4.713821482689731E-005
  4.699909460364214E-005
  4.685686758763520E-005
  4.671142866109614E-005
  4.656266425893442E-005
  4.641045912560354E-005
  4.625469740797675E-005
  4.609525577361863E-005
  4.593200736044935E-005
  4.576482265696656E-005
  4.559356826647214E-005
  4.541810824899946E-005
  4.523830108017067E-005
  4.505399886329975E-005
  4.486506092033929E-005
  4.467133005337644E-005
  4.447265126205788E-005
  4.426886482921230E-005
  4.405980763440329E-005
  4.384531370417118E-005
  4.362521054785375E-005
  4.339932554148688E-005
  4.316747981721867E-005
  4.292949549719352E-005
  4.268519064449902E-005
  4.243437869412950E-005
  4.217687688730463E-005
  4.191248993704983E-005
  4.164102439432996E-005
  4.136228646655117E-005
  4.107607955580844E-005
  4.078220839092172E-005
  4.048047116381813E-005
  4.017067290201224E-005
  3.985261891484650E-005
  3.952610215197879E-005
  3.919093610529947E-005
  3.884691483414343E-005
  3.849385790465670E-005
  3.813156574796088E-005
  3.775985018321197E-005
  3.737853319252719E-005
  3.698743690501120E-005
  3.658638420276240E-005
  3.617521560793701E-005
  3.575376725973782E-005
  3.532189355924274E-005
  3.487943436418137E-005
  3.442627989035350E-005
  3.396229009395453E-005
  3.348736426855628E-005
  3.300141823336446E-005
  3.250433382153210E-005
  3.199606501996838E-005
  3.147655237793151E-005
  3.094572622151144E-005
  3.040362279343016E-005
  2.985027016766659E-005
  2.928550263812350E-005
  2.870953997358376E-005
  2.812239114504233E-005
  2.752413028278162E-005
  2.691457348583376E-005
  2.629419124421999E-005
  2.566209896292520E-005
  2.501982711171205E-005
