  2.872142383552944E-005
  5.310541160646472E-006
  4.173543084000251E-006
  3.224975993624479E-006
  2.439244803442411E-006
  1.816492991539578E-006
  1.200000017881393E-006
  1.200000017881393E-006
  1.200000017881393E-006
  1.200000017881393E-006
  1.200000017881393E-006
  1.200000017881393E-006
  1.200000017881393E-006
  1.200000017881393E-006
  1.200000017881393E-006
  1.200000017881393E-006
  1.200000017881393E-006
  1.200000017881393E-006
  1.200000017881393E-006
  1.200000017881393E-006
  1.200000017881393E-006
  1.200000017881393E-006
  1.200000017881393E-006
  1.200000017881393E-006
  1.200000017881393E-006
  1.200000017881393E-006
  1.200000017881393E-006
  1.200000017881393E-006
  1.200000017881393E-006
  1.200000017881393E-006
  1.200000017881393E-006
  1.200000017881393E-006
  1.200000017881393E-006
  1.200000017881393E-006
  1.200000017881393E-006
  1.200000017881393E-006
  1.200000017881393E-006
  1.200000017881393E-006
  1.200000017881393E-006
  1.200000017881393E-006
  1.200000017881393E-006
  1.200000017881393E-006
  1.200000017881393E-006
  1.200000017881393E-006
  1.200000017881393E-006
  1.200000017881393E-006
  1.200000017881393E-006
  1.200000017881393E-006
  1.200000017881393E-006
  1.200000017881393E-006
  1.200000017881393E-006
  1.200000017881393E-006
  1.200000017881393E-006
  1.200000017881393E-006
  1.200000017881393E-006
  1.200000017881393E-006
  1.200000017881393E-006
  1.200000017881393E-006
  1.200000017881393E-006
  1.200000017881393E-006
  1.200000017881393E-006
  1.200000017881393E-006
  1.200000017881393E-006
  1.200000017881393E-006
  1.200000017881393E-006
  1.200000017881393E-006
  1.200000017881393E-006
  1.200000017881393E-006
  1.200000017881393E-006
  1.200000017881393E-006
  1.200000017881393E-006
  1.200000017881393E-006
  1.200000017881393E-006
  1.200000017881393E-006
  1.200000017881393E-006
  1.200000017881393E-006
  1.200000017881393E-006
  1.200000017881393E-006
  1.200000017881393E-006
  1.200000017881393E-006
  1.200000017881393E-006
  1.200000017881393E-006
  1.200000017881393E-006
  1.200000017881393E-006
  1.200000017881393E-006
  1.200000017881393E-006
  1.200000017881393E-006
  1.200000017881393E-006
  1.200000017881393E-006
  1.200000017881393E-006
  1.200000017881393E-006
  1.200000017881393E-006
  1.200000017881393E-006
  1.200000017881393E-006
  1.200000017881393E-006
  1.200000017881393E-006
  1.200000017881393E-006
  1.200000017881393E-006
  1.200000017881393E-006
  1.200000017881393E-006
  1.200000017881393E-006
  1.200000017881393E-006
  1.200000017881393E-006
  1.200000017881393E-006
  1.200000017881393E-006
  1.200000017881393E-006
  1.200000017881393E-006
  1.200000017881393E-006
  1.200000017881393E-006
  1.200000017881393E-006
  1.200000017881393E-006
  1.200000017881393E-006
  1.200000017881393E-006
  1.200000017881393E-006
  1.200000017881393E-006
  1.200000017881393E-006
  1.200000017881393E-006
  1.200000017881393E-006
  1.200000017881393E-006
  1.200000017881393E-006
  1.200000017881393E-006
  1.200000017881393E-006
  1.200000017881393E-006
  1.200000017881393E-006
  1.200000017881393E-006
  1.200000017881393E-006
  1.200000017881393E-006
  1.200000017881393E-006
  1.200000017881393E-006
  1.200000017881393E-006
  1.200000017881393E-006
  1.200000017881393E-006
  1.200000017881393E-006
  1.200000017881393E-006
  1.200000017881393E-006
  1.200000017881393E-006
  1.200000017881393E-006
  1.200000017881393E-006
  1.200000017881393E-006
  1.200000017881393E-006
  1.200000017881393E-006
  1.200000017881393E-006
  1.200000017881393E-006
  1.200000017881393E-006
  1.200000017881393E-006
  1.200000017881393E-006
  1.200000017881393E-006
  1.200000017881393E-006
  1.200000017881393E-006
  1.200000017881393E-006
  1.200000017881393E-006
  1.200000017881393E-006
  1.200000017881393E-006
  1.200000017881393E-006
  1.200000017881393E-006
  1.200000017881393E-006
  1.200000017881393E-006
  1.200000017881393E-006
  1.200000017881393E-006
  1.200000017881393E-006
  1.200000017881393E-006
  1.200000017881393E-006
  1.200000017881393E-006
  1.200000017881393E-006
  1.200000017881393E-006
  1.200000017881393E-006
  1.200000017881393E-006
  1.200000017881393E-006
  1.200000017881393E-006
  1.200000017881393E-006
  1.200000017881393E-006
  1.200000017881393E-006
  1.200000017881393E-006
  1.200000017881393E-006
  1.200000017881393E-006
  1.200000017881393E-006
  1.200000017881393E-006
  1.200000017881393E-006
  1.200000017881393E-006
  1.200000017881393E-006
  1.200000017881393E-006
  1.200000017881393E-006
  1.200000017881393E-006
  1.200000017881393E-006
  1.200000017881393E-006
  1.200000017881393E-006
  1.200000017881393E-006
  1.200000017881393E-006
  1.200000017881393E-006
  1.200000017881393E-006
  1.200000017881393E-006
  1.200000017881393E-006
  1.200000017881393E-006
  1.200000017881393E-006
  1.200000017881393E-006
  1.200000017881393E-006
  1.200000017881393E-006
  1.200000017881393E-006
  1.200000017881393E-006
  1.200000017881393E-006
  1.200000017881393E-006
  1.200000017881393E-006
  1.200000017881393E-006
  1.200000017881393E-006
  1.200000017881393E-006
  1.200000017881393E-006
  1.200000017881393E-006
  1.200000017881393E-006
  1.200000017881393E-006
  1.200000017881393E-006
  1.200000017881393E-006
  1.200000017881393E-006
  1.200000017881393E-006
  1.200000017881393E-006
  1.200000017881393E-006
  1.200000017881393E-006
  1.200000017881393E-006
  1.200000017881393E-006
  1.200000017881393E-006
  1.200000017881393E-006
  1.200000017881393E-006
  1.200000017881393E-006
  1.200000017881393E-006
  1.200000017881393E-006
  1.200000017881393E-006
  1.200000017881393E-006
  1.200000017881393E-006
  1.200000017881393E-006
  1.200000017881393E-006
  1.200000017881393E-006
  1.200000017881393E-006
  1.200000017881393E-006
  1.200000017881393E-006
  1.200000017881393E-006
  1.200000017881393E-006
  1.200000017881393E-006
  1.200000017881393E-006
  1.200000017881393E-006
  1.200000017881393E-006
  1.200000017881393E-006
  1.200000017881393E-006
  1.200000017881393E-006
  1.200000017881393E-006
  1.200000017881393E-006
  1.200000017881393E-006
  1.200000017881393E-006
  1.200000017881393E-006
  1.200000017881393E-006
  1.200000017881393E-006
  1.200000017881393E-006
  1.200000017881393E-006
  1.200000017881393E-006
  1.200000017881393E-006
  1.200000017881393E-006
  1.200000017881393E-006
  1.200000017881393E-006
  1.200000017881393E-006
  1.200000017881393E-006
  1.200000017881393E-006
  1.200000017881393E-006
  1.200000017881393E-006
  1.200000017881393E-006
  1.200000017881393E-006
  1.200000017881393E-006
  1.200000017881393E-006
  1.200000017881393E-006
  1.200000017881393E-006
  1.200000017881393E-006
  1.200000017881393E-006
  1.200000017881393E-006
  1.200000017881393E-006
  1.200000017881393E-006
  1.200000017881393E-006
  1.200000017881393E-006
  1.200000017881393E-006
  1.200000017881393E-006
  1.200000017881393E-006
  1.200000017881393E-006
  1.200000017881393E-006
  1.200000017881393E-006
  1.200000017881393E-006
  1.200000017881393E-006
  1.200000017881393E-006
  1.200000017881393E-006
  1.200000017881393E-006
  1.200000017881393E-006
  1.200000017881393E-006
  1.200000017881393E-006
  1.200000017881393E-006
  1.200000017881393E-006
  1.200000017881393E-006
  1.200000017881393E-006
  1.200000017881393E-006
  1.200000017881393E-006
  1.200000017881393E-006
  1.200000017881393E-006
  1.200000017881393E-006
  1.200000017881393E-006
  1.200000017881393E-006
  1.200000017881393E-006
  1.200000017881393E-006
  1.200000017881393E-006
  1.200000017881393E-006
  1.200000017881393E-006
  1.200000017881393E-006
  1.200000017881393E-006
  1.200000017881393E-006
  1.200000017881393E-006
  1.200000017881393E-006
  1.200000017881393E-006
  1.200000017881393E-006
  1.200000017881393E-006
  1.200000017881393E-006
  1.200000017881393E-006
  1.200000017881393E-006
  1.200000017881393E-006
  1.200000017881393E-006
  1.200000017881393E-006
  1.200000017881393E-006
  1.200000017881393E-006
  1.200000017881393E-006
  1.200000017881393E-006
  1.200000017881393E-006
  1.200000017881393E-006
  1.200000017881393E-006
  1.200000017881393E-006
  1.200000017881393E-006
  1.200000017881393E-006
  1.200000017881393E-006
  1.200000017881393E-006
  1.200000017881393E-006
  1.200000017881393E-006
  1.200000017881393E-006
  1.200000017881393E-006
  1.200000017881393E-006
  1.200000017881393E-006
  1.200000017881393E-006
  1.200000017881393E-006
  1.200000017881393E-006
  1.200000017881393E-006
  1.200000017881393E-006
  1.200000017881393E-006
  1.200000017881393E-006
  1.200000017881393E-006
  1.200000017881393E-006
  1.200000017881393E-006
  1.200000017881393E-006
  1.200000017881393E-006
  1.200000017881393E-006
  1.200000017881393E-006
  1.200000017881393E-006
  1.200000017881393E-006
  1.200000017881393E-006
  1.200000017881393E-006
  1.200000017881393E-006
  1.200000017881393E-006
  1.200000017881393E-006
  1.200000017881393E-006
  1.200000017881393E-006
  1.200000017881393E-006
  1.200000017881393E-006
  1.200000017881393E-006
  1.200000017881393E-006
  1.200000017881393E-006
  1.200000017881393E-006
  1.200000017881393E-006
  1.200000017881393E-006
  1.200000017881393E-006
  1.200000017881393E-006
  1.200000017881393E-006
  1.200000017881393E-006
  1.200000017881393E-006
  1.200000017881393E-006
  1.200000017881393E-006
  1.200000017881393E-006
  1.200000017881393E-006
  1.200000017881393E-006
  1.200000017881393E-006
  1.200000017881393E-006
  1.200000017881393E-006
  1.200000017881393E-006
  1.200000017881393E-006
  1.200000017881393E-006
  1.200000017881393E-006
  1.200000017881393E-006
  1.200000017881393E-006
  1.200000017881393E-006
  1.200000017881393E-006
  1.200000017881393E-006
  1.200000017881393E-006
  1.200000017881393E-006
  1.200000017881393E-006
  1.200000017881393E-006
  1.200000017881393E-006
  1.200000017881393E-006
  1.200000017881393E-006
  1.200000017881393E-006
  1.200000017881393E-006
  1.200000017881393E-006
  1.200000017881393E-006
  1.200000017881393E-006
  1.200000017881393E-006
  1.200000017881393E-006
  1.200000017881393E-006
  1.200000017881393E-006
  1.200000017881393E-006
  1.200000017881393E-006
  1.200000017881393E-006
  1.200000017881393E-006
  1.200000017881393E-006
  1.200000017881393E-006
  1.200000017881393E-006
  1.200000017881393E-006
  1.200000017881393E-006
  1.200000017881393E-006
  1.200000017881393E-006
  1.200000017881393E-006
  1.200000017881393E-006
  1.200000017881393E-006
  1.200000017881393E-006
  1.200000017881393E-006
  1.200000017881393E-006
  1.200000017881393E-006
  1.200000017881393E-006
  1.200000017881393E-006
  1.200000017881393E-006
  1.200000017881393E-006
  1.200000017881393E-006
  1.200000017881393E-006
  1.200000017881393E-006
  1.200000017881393E-006
  1.200000017881393E-006
  1.200000017881393E-006
  1.200000017881393E-006
  1.200000017881393E-006
  1.200000017881393E-006
  1.200000017881393E-006
  1.200000017881393E-006
  1.200000017881393E-006
  1.200000017881393E-006
  1.200000017881393E-006
  1.200000017881393E-006
  1.200000017881393E-006
  1.200000017881393E-006
  1.200000017881393E-006
  1.200000017881393E-006
  1.200000017881393E-006
  1.200000017881393E-006
  1.200000017881393E-006
  1.200000017881393E-006
  1.200000017881393E-006
  1.200000017881393E-006
  1.200000017881393E-006
  1.200000017881393E-006
  1.200000017881393E-006
  1.200000017881393E-006
  1.200000017881393E-006
  1.200000017881393E-006
  1.200000017881393E-006
  1.200000017881393E-006
  1.200000017881393E-006
  1.200000017881393E-006
  1.200000017881393E-006
  1.200000017881393E-006
  1.200000017881393E-006
  1.200000017881393E-006
  1.200000017881393E-006
  1.200000017881393E-006
  1.200000017881393E-006
  1.200000017881393E-006
  1.200000017881393E-006
  1.200000017881393E-006
  1.200000017881393E-006
  1.200000017881393E-006
  1.200000017881393E-006
  1.200000017881393E-006
  1.200000017881393E-006
  1.200000017881393E-006
  1.200000017881393E-006
  1.200000017881393E-006
  1.200000017881393E-006
  1.200000017881393E-006
  1.200000017881393E-006
  1.200000017881393E-006
  1.200000017881393E-006
  1.200000017881393E-006
  1.200000017881393E-006
  1.200000017881393E-006
  1.200000017881393E-006
  1.200000017881393E-006
  1.200000017881393E-006
  1.200000017881393E-006
  1.200000017881393E-006
  1.200000017881393E-006
  1.200000017881393E-006
  1.200000017881393E-006
  1.200000017881393E-006
  1.200000017881393E-006
  1.200000017881393E-006
  1.200000017881393E-006
  1.200000017881393E-006
  1.200000017881393E-006
  1.200000017881393E-006
  1.200000017881393E-006
  1.200000017881393E-006
  1.200000017881393E-006
  1.200000017881393E-006
  1.200000017881393E-006
  1.200000017881393E-006
  1.200000017881393E-006
  1.200000017881393E-006
  1.200000017881393E-006
  1.200000017881393E-006
  1.200000017881393E-006
  1.200000017881393E-006
  1.200000017881393E-006
  1.200000017881393E-006
  1.200000017881393E-006
  1.200000017881393E-006
  1.200000017881393E-006
  1.200000017881393E-006
  1.200000017881393E-006
  1.200000017881393E-006
  1.200000017881393E-006
  1.200000017881393E-006
  1.200000017881393E-006
  1.200000017881393E-006
  1.200000017881393E-006
  1.200000017881393E-006
  1.200000017881393E-006
  1.200000017881393E-006
  1.200000017881393E-006
  1.200000017881393E-006
  1.200000017881393E-006
  1.200000017881393E-006
  1.200000017881393E-006
  1.200000017881393E-006
  1.200000017881393E-006
  1.200000017881393E-006
  1.200000017881393E-006
  1.200000017881393E-006
  1.200000017881393E-006
  1.200000017881393E-006
  1.200000017881393E-006
  1.200000017881393E-006
  1.200000017881393E-006
  1.200000017881393E-006
  1.200000017881393E-006
  1.200000017881393E-006
  1.200000017881393E-006
  1.200000017881393E-006
  1.200000017881393E-006
  1.200000017881393E-006
  1.200000017881393E-006
  1.200000017881393E-006
  1.200000017881393E-006
  1.200000017881393E-006
  1.200000017881393E-006
  1.200000017881393E-006
  1.200000017881393E-006
  1.200000017881393E-006
  1.200000017881393E-006
  1.200000017881393E-006
  1.200000017881393E-006
  1.200000017881393E-006
  1.200000017881393E-006
  1.200000017881393E-006
  1.200000017881393E-006
  1.200000017881393E-006
  1.200000017881393E-006
  1.200000017881393E-006
  1.200000017881393E-006
  1.200000017881393E-006
  1.200000017881393E-006
  1.200000017881393E-006
  1.200000017881393E-006
  1.200000017881393E-006
  1.200000017881393E-006
  1.200000017881393E-006
  1.200000017881393E-006
  1.200000017881393E-006
  1.200000017881393E-006
  6.733693276231431E-008
  2.248225313178199E-007
  3.825097430441182E-007
  5.403987307572121E-007
  6.984870620402697E-007
  8.567713588347735E-007
  1.015247731913511E-006
  1.173912102482259E-006
  1.332760188688276E-006
  1.491788031986971E-006
  1.650990935280786E-006
  1.810365274428820E-006
  1.969906150307122E-006
  2.129609735924734E-006
  2.289471167104492E-006
  2.449486706469339E-006
  2.609651779409161E-006
  2.769961959620720E-006
  2.930412823161663E-006
  3.090999991189787E-006
  3.251719065024092E-006
  3.412565093953134E-006
  3.573534281991064E-006
  3.734622097911325E-006
  3.895824098533861E-006
  4.057136421291689E-006
  4.218552841459720E-006
  4.380069470176527E-006
  4.541682077602828E-006
  4.703386344777150E-006
  4.865177133700179E-006
  5.027050336642053E-006
  5.189001446349981E-006
  5.351025801928478E-006
  5.513118347439421E-006
  5.675274863668411E-006
  5.837490834718647E-006
  5.999761361142259E-006
  6.162082021521827E-006
  6.324448159719771E-006
  6.486854947105337E-006
  6.649297865746194E-006
  6.811772317250516E-006
  6.974273522398831E-006
  7.136796988057258E-006
  7.299338179746955E-006
  7.461891916360148E-006
  7.624453958707609E-006
  7.787019597911266E-006
  7.949584066382928E-006
  8.112143128345465E-006
  8.274691112568547E-006
  8.437224461500697E-006
  8.599737576089826E-006
  8.762226548524478E-006
  8.924686308903908E-006
  9.087112663862085E-006
  9.249500528429746E-006
  9.411845048623943E-006
  9.574141797850160E-006
  9.736386891157881E-006
  9.898574867716087E-006
  1.006070115744795E-005
  1.022276100141540E-005
  1.038475059355499E-005
  1.054666437021366E-005
  1.070849876548120E-005
  1.087024800082956E-005
  1.103190846114384E-005
  1.119347526996330E-005
  1.135494380846742E-005
  1.151631007833104E-005
  1.167756861118063E-005
  1.183871552626264E-005
  1.199974621715244E-005
  1.216065605950198E-005
  1.232144098106810E-005
  1.248209631507857E-005
  1.264261739336377E-005
  1.280299995769573E-005
  1.296323936816906E-005
  1.312333190844445E-005
  1.328327294052250E-005
  1.344305785056623E-005
  1.360268205938272E-005
  1.376214195166220E-005
  1.392143329099341E-005
  1.408055102626855E-005
  1.423949126811851E-005
  1.439824998171729E-005
  1.455682342462943E-005
  1.471520562984603E-005
  1.487339430256183E-005
  1.503138477954293E-005
  1.518917249759752E-005
  1.534675431712222E-005
  1.550412436608711E-005
  1.566128069483323E-005
  1.581821759709400E-005
  1.597493259239304E-005
  1.613142023026539E-005
  1.628767827375339E-005
  1.644370113570384E-005
  1.659948602140629E-005
  1.675502819595099E-005
  1.691032456622253E-005
  1.706537099064509E-005
  1.722016433445363E-005
  1.737469996931409E-005
  1.752897473193911E-005
  1.768298434225443E-005
  1.783672569495136E-005
  1.799019590245015E-005
  1.814338963792244E-005
  1.829630486594366E-005
  1.844893704350430E-005
  1.860128248659165E-005
  1.875333880726164E-005
  1.890510267007452E-005
  1.905656935596159E-005
  1.920773600190839E-005
  1.935860048384648E-005
  1.950915841940899E-005
  1.965940595046090E-005
  1.980933988457827E-005
  1.995895937583671E-005
  2.010825909783910E-005
  2.025723607897266E-005
  2.040588728593730E-005
  2.055420949721918E-005
  2.070220171622781E-005
  2.084985918701666E-005
  2.099717868589335E-005
  2.114415759612338E-005
  2.129079296221240E-005
  2.143708176508220E-005
  2.158302246453796E-005
  2.172861160568614E-005
  2.187384643233318E-005
  2.201872436814744E-005
  2.216324207805458E-005
  2.230739714498772E-005
  2.245118663658354E-005
  2.259460908204781E-005
  2.273766142857860E-005
  2.288034105630542E-005
  2.302264553357874E-005
  2.316457284691166E-005
  2.330612038969216E-005
  2.344728585950138E-005
  2.358806733605719E-005
  2.372846162651229E-005
  2.386846725588757E-005
  2.400808221856731E-005
  2.414730392408741E-005
  2.428613014403603E-005
  2.442455940278207E-005
  2.456258990559328E-005
  2.470021847101367E-005
  2.483744412525339E-005
  2.497426486517665E-005
  2.511067770535035E-005
  2.524668188456244E-005
  2.538227564574922E-005
  2.551745662805572E-005
  2.565222392680053E-005
  2.578657510707075E-005
  2.592050777877212E-005
  2.605402188872289E-005
  2.618711528297976E-005
  2.631978652470760E-005
  2.645203404958870E-005
  2.658385602509741E-005
  2.671525211451455E-005
  2.684621886989287E-005
  2.697675664824541E-005
  2.710686364307753E-005
  2.723653854864169E-005
  2.736578099666871E-005
  2.749458837243587E-005
  2.762295975534958E-005
  2.775089370741864E-005
  2.787839013851936E-005
  2.800544762157809E-005
  2.813206540819458E-005
  2.825824126262458E-005
  2.838397504087581E-005
  2.850926576229195E-005
  2.863411351867824E-005
  2.875851489118861E-005
  2.888247142744051E-005
  2.900598099476896E-005
  2.912904413457936E-005
  2.925165856238925E-005
  2.937382424186192E-005
  2.949554099988459E-005
  2.961680738547452E-005
  2.973762311047888E-005
  2.985798695948104E-005
  2.997790015640770E-005
  3.009736068779330E-005
  3.021636773705591E-005
  3.033492242533593E-005
  3.045302354500944E-005
  3.057066940042677E-005
  3.068786206244717E-005
  3.080459985588552E-005
  3.092088132345751E-005
  3.103670842661977E-005
  3.115208008219831E-005
  3.126699526011321E-005
  3.138145530829467E-005
  3.149545886753257E-005
  3.160900552319604E-005
  3.172209646695571E-005
  3.183473116526688E-005
  3.194690843923227E-005
  3.205862984000239E-005
  3.216989519793686E-005
  3.228070276094873E-005
  3.239105485800873E-005
  3.250095009001434E-005
  3.261038960882291E-005
  3.271937303021147E-005
  3.282789942443283E-005
  3.293597111150573E-005
  3.304358728837477E-005
  3.315074771427214E-005
  3.325745362395742E-005
  3.336370403392709E-005
  3.346950045126096E-005
  3.357484291480978E-005
  3.367973125718375E-005
  3.378416671709618E-005
  3.388814840585783E-005
  3.399167819549866E-005
  3.409475569763021E-005
  3.419738152607040E-005
  3.429955685423925E-005
  3.440128054912801E-005
  3.450255467121787E-005
  3.460337860155493E-005
  3.470375402992207E-005
  3.480368106920858E-005
  3.490316022674211E-005
  3.500219270361347E-005
  3.510077787865753E-005
  3.519891818709012E-005
  3.529661250693592E-005
  3.539386316054538E-005
  3.549066949882147E-005
  3.558703283859604E-005
  3.568295416711260E-005
  3.577843383384226E-005
  3.587347337493635E-005
  3.596807243860433E-005
  3.606223335793814E-005
  3.615595509365488E-005
  3.624924039352541E-005
  3.634208869229515E-005
  3.643450196288879E-005
  3.652648044244442E-005
  3.661802537031236E-005
  3.670913726892853E-005
  3.679981764649254E-005
  3.689006720564394E-005
  3.697988680587128E-005
  3.706927784870376E-005
  3.715824069743867E-005
  3.724677737106258E-005
  3.733488736566180E-005
  3.742257342550769E-005
  3.750983498122283E-005
  3.759667474730390E-005
  3.768309240841437E-005
  3.776909038755120E-005
  3.785466829084870E-005
  3.793982890604186E-005
  3.802457181983092E-005
  3.810889942147375E-005
  3.819281190832882E-005
  3.827631077639572E-005
  3.835939700052854E-005
  3.844207262296002E-005
  3.852433789033065E-005
  3.860619465447565E-005
  3.868764354112289E-005
  3.876868629779758E-005
  3.884932344244009E-005
  3.892955701066641E-005
  3.900938784362101E-005
  3.908881756779420E-005
  3.916784729857855E-005
  3.924647772465441E-005
  3.932471070086176E-005
  3.940254755188821E-005
  3.947998960428421E-005
  3.955703795142023E-005
  3.963369341874827E-005
  3.970995815657833E-005
  3.978583335162142E-005
  3.986132057331937E-005
  3.993641971914750E-005
  4.001113363286058E-005
  4.008546335001174E-005
  4.015941027421268E-005
  4.023297511997681E-005
  4.030615994524721E-005
  4.037896602763061E-005
  4.045139424700669E-005
  4.052344661297789E-005
  4.059512446462981E-005
  4.066642860623994E-005
  4.073736059777201E-005
  4.080792253320192E-005
  4.087811518572279E-005
  4.094793980494820E-005
  4.101739831322667E-005
  4.108649181288497E-005
  4.115522162814364E-005
  4.122358989033435E-005
  4.129159704471258E-005
  4.135924505314735E-005
  4.142653592089740E-005
  4.149346923591289E-005
  4.156004826065496E-005
  4.162627398422693E-005
  4.169214692936418E-005
  4.175767044824743E-005
  4.182284354742857E-005
  4.188766954479123E-005
  4.195214899617111E-005
  4.201628364027170E-005
  4.208007539862904E-005
  4.214352442528834E-005
  4.220663394117100E-005
  4.226940318170612E-005
  4.233183569497926E-005
  4.239393163989965E-005
  4.245569299411696E-005
  4.251712118706361E-005
  4.257821755525404E-005
  4.263898386981778E-005
  4.269942089034044E-005
  4.275953090965169E-005
  4.281931480303482E-005
  4.287877422469476E-005
  4.293791057352626E-005
  4.299672516489676E-005
  4.305521997312896E-005
  4.311339536444415E-005
  4.317125489043065E-005
  4.322879701696547E-005
  4.328602651727612E-005
  4.334294141481902E-005
  4.339954611415293E-005
  4.345584022442208E-005
  4.351182565132483E-005
  4.356750513864693E-005
  4.362287702476260E-005
  4.367794652132453E-005
  4.373271206547071E-005
  4.378717651324518E-005
  4.384134239549583E-005
  4.389520726406226E-005
  4.394877720022661E-005
  4.400205072821726E-005
  4.405502938115336E-005
  4.410771662922581E-005
  4.416011190636116E-005
  4.421221657188508E-005
  4.426403444126928E-005
  4.431556427034846E-005
  4.436680737402137E-005
  4.441776799214237E-005
  4.446844583974699E-005
  4.451883996088180E-005
  4.456895530308395E-005
  4.461879402902378E-005
  4.466835206607714E-005
  4.471763489401048E-005
  4.476664474603398E-005
  4.481538290166981E-005
  4.486384589521147E-005
  4.491203878140962E-005
  4.495996463344571E-005
  4.500762379164044E-005
  4.505501632458587E-005
  4.510214002874780E-005
  4.514900245867517E-005
  4.519560407410935E-005
  4.524194621713569E-005
  4.528803010135100E-005
  4.533385098975492E-005
  4.537941409772904E-005
  4.542472353842049E-005
  4.546978136282411E-005
  4.551458662292009E-005
  4.555914244931882E-005
  4.560344850978570E-005
  4.564750695879122E-005
  4.569131908864123E-005
  4.573488540909413E-005
  4.577819449710422E-005
  4.582125996021322E-005
  4.586408599784419E-005
  4.590667311697498E-005
  4.594902256261521E-005
  4.599113521162033E-005
  4.603301072657055E-005
  4.607465333294775E-005
  4.611606173930693E-005
  4.615723885788855E-005
  4.619818232314200E-005
  4.623889682440154E-005
  4.627938773202887E-005
  4.631964054260266E-005
  4.635961314429588E-005
  4.641310908100571E-005
  4.643894166041655E-005
  4.647842734916957E-005
  4.651755161421541E-005
  4.655646955888225E-005
  4.659515981158189E-005
  4.663364189444111E-005
  4.667190200399195E-005
  4.670994546510936E-005
  4.674777337841160E-005
  4.678539020261229E-005
  4.682279391450156E-005
  4.685998612309748E-005
  4.689695953660211E-005
  4.693372501603727E-005
  4.697028401073102E-005
  4.700663679280473E-005
  4.704278492884145E-005
  4.707872840391321E-005
  4.711446927722901E-005
  4.715000851238044E-005
  4.718534638039200E-005
  4.722048509747632E-005
  4.725542466901883E-005
  4.729016680214411E-005
  4.732471256476317E-005
  4.735906244167223E-005
  4.739321814995686E-005
  4.742718069124240E-005
  4.746095050662523E-005
  4.749452946232522E-005
  4.752791804105475E-005
  4.756111744863918E-005
  4.759412920346033E-005
  4.762695356141316E-005
  4.765959197675850E-005
  4.769204558609385E-005
  4.772431493231901E-005
  4.775640169822133E-005
  4.778830665816130E-005
  4.782003038975351E-005
  4.785157456073855E-005
  4.788294013615262E-005
  4.791412720680584E-005
  4.794513765017674E-005
  4.797597266170717E-005
  4.800663213842727E-005
  4.803711799846830E-005
  4.806743111884277E-005
  4.809757173310644E-005
  4.812754158870172E-005
  4.815734179978901E-005
  4.818697234959251E-005
  4.821643494054859E-005
  4.824573061170867E-005
  4.827485937667430E-005
  4.830382300963013E-005
  4.833262253225552E-005
  4.836125818478907E-005
  4.838973116822089E-005
  4.841804281885648E-005
  4.844619329520852E-005
  4.847418390537072E-005
  4.850201570128439E-005
  4.852968944644639E-005
  4.855720560635737E-005
  4.858456556074988E-005
  4.861177004229614E-005
  4.863881948787312E-005
  4.866571542112820E-005
  4.869245870742475E-005
  4.871904932525074E-005
  4.874548878565279E-005
  4.877177816737822E-005
  4.879791769183625E-005
  4.882390820918478E-005
  4.884975110210839E-005
  4.887544696113889E-005
  4.890099584100766E-005
  4.892639954163223E-005
  4.895165877560765E-005
  4.897677362438408E-005
  4.900174526679297E-005
  4.902657480223471E-005
  4.905126278034930E-005
  4.907580931255546E-005
  4.910021617759606E-005
  4.912448391061030E-005
  4.914861282612224E-005
  4.917260368242457E-005
  4.919645766837201E-005
  4.922017545326884E-005
  4.924375746901539E-005
  4.926720440696134E-005
  4.929051729468530E-005
  4.931369699598130E-005
  4.933674361194389E-005
  4.935965794861094E-005
  4.938244122173030E-005
  4.940509411015754E-005
  4.942761629398179E-005
  4.945000919228776E-005
  4.947227370694498E-005
  4.949441052611843E-005
  4.951641933372451E-005
  4.953830170982895E-005
  4.956005855356779E-005
  4.958169056267440E-005
  4.960319730384484E-005
  4.962458034083660E-005
  4.964584042439818E-005
  4.966697792536479E-005
  4.968799334811295E-005
  4.970888690085869E-005
  4.972965983262624E-005
  4.975031258855952E-005
  4.977084585366933E-005
  4.979125901556115E-005
  4.981155379236992E-005
  4.983173085352137E-005
  4.985179075222288E-005
  4.987173335435073E-005
  4.989155931803895E-005
  4.991126980931534E-005
  4.993086541484529E-005
  4.995034634225042E-005
  4.996971265601982E-005
  4.998896550338241E-005
  5.000810540601353E-005
  5.002713312682766E-005
  5.004604909530370E-005
  5.006485273104302E-005
  5.008354570227966E-005
  5.010212853592702E-005
  5.012060149312636E-005
  5.013896548889467E-005
  5.015721992910766E-005
  5.017536578362305E-005
  5.019340421600692E-005
  5.021133527373482E-005
  5.022915965982136E-005
  5.024687720898197E-005
  5.026448832292540E-005
  5.028199416220382E-005
  5.029939517694408E-005
  5.031669184056110E-005
  5.033388472916746E-005
  5.035097337274364E-005
  5.036795845210532E-005
  5.038484117052346E-005
  5.040162180720456E-005
  5.041830051378775E-005
  5.043487790486629E-005
  5.045135342169644E-005
  5.046772904335078E-005
  5.048400317923387E-005
  5.050017907033631E-005
  5.051625487593731E-005
  5.053223186787530E-005
  5.054810890103883E-005
  5.056388616530702E-005
  5.057956393594407E-005
  5.059514759329093E-005
  5.061063317050751E-005
  5.062601945678000E-005
  5.064131181471074E-005
  5.065649996366822E-005
  5.067159539569984E-005
  5.068659123853431E-005
  5.070149357010509E-005
  5.071629491962254E-005
  5.073099993692665E-005
  5.074560417551638E-005
  5.076010959776237E-005
  5.077451571120317E-005
  5.078882560965627E-005
  5.080304191734288E-005
  5.081715021700881E-005
  5.083115951712472E-005
  5.084506916071142E-005
  5.085887835754945E-005
  5.087258601979353E-005
  5.088619077767109E-005
  5.089969325902784E-005
  5.091309214523790E-005
  5.092638737413566E-005
  5.093957776299897E-005
  5.095266254138118E-005
  5.096564103200365E-005
  5.097851182946451E-005
  5.099127418730112E-005
  5.100392717812144E-005
  5.101646740020258E-005
  5.102889604062642E-005
  5.104121280360985E-005
  5.105341612946963E-005
  5.106550456590215E-005
  5.107747758995471E-005
  5.108933399456132E-005
  5.110107279313732E-005
  5.111269241337884E-005
  5.112419221406360E-005
  5.113557100348547E-005
  5.114682752275228E-005
  5.115796101961921E-005
  5.116897006159936E-005
  5.117985358257655E-005
  5.119061064087427E-005
  5.120123997685805E-005
  5.121174032272056E-005
  5.122211125229146E-005
  5.123235109436642E-005
  5.124245919746711E-005
  5.125243447182801E-005
  5.126227562711096E-005
  5.127198206548314E-005
  5.128155273662329E-005
  5.129098676923659E-005
  5.130028295825131E-005
  5.130944042080327E-005
  5.131845859757255E-005
  5.132733685717463E-005
  5.133607391658543E-005
  5.134466956884277E-005
  5.135312276559763E-005
  5.136143326021397E-005
  5.136960019749650E-005
  5.137762334630992E-005
  5.138550215226158E-005
  5.139323642228237E-005
  5.140082590470204E-005
  5.140827094925052E-005
  5.141557094152386E-005
  5.142272699223313E-005
  5.142973949089946E-005
  5.143660758287506E-005
  5.144333188942094E-005
  5.144991326922796E-005
  5.145635245761628E-005
  5.146265077219436E-005
  5.146881056756310E-005
  5.147483283061306E-005
  5.148071860887209E-005
  5.148647368196791E-005
  5.149209334034703E-005
  5.149758753976993E-005
  5.150295365815900E-005
  5.150819715528737E-005
  5.151332255067498E-005
  5.151833221928965E-005
  5.152323230624648E-005
  5.152802643247247E-005
  5.153271690968122E-005
  5.153731334568813E-005
  5.154182269769933E-005
  5.154624812196741E-005
  5.155059941611506E-005
  5.155488354023785E-005
  5.155910755788943E-005
  5.156328015034625E-005
  5.156741064772936E-005
  5.157150745512849E-005
  5.157557975559117E-005
  5.157963764544436E-005
  5.158369029475437E-005
  5.158774688779277E-005
  5.159181688425321E-005
  5.159591029065385E-005
  5.160003482713040E-005
  5.160419885986200E-005
  5.160841026865303E-005
  5.161267592088200E-005
  5.161700077208065E-005
  5.162138915381609E-005
  5.162584427501801E-005
  5.163036830175660E-005
  5.163496072653937E-005
  5.163961958907677E-005
  5.164434169242043E-005
  5.164912224965113E-005
  5.165395495768041E-005
  5.165883227890946E-005
  5.166374604302708E-005
  5.166868738309439E-005
  5.167364731136832E-005
  5.167861709221039E-005
  5.168358748010703E-005
  5.168855057028900E-005
  5.169349895627485E-005
  5.169842618436126E-005
  5.170332682491236E-005
  5.170819654973915E-005
  5.171303134574708E-005
  5.171782825945028E-005
  5.172258469865963E-005
  5.172729866592050E-005
  5.173196874596966E-005
  5.173659382413173E-005
  5.174117305653977E-005
  5.174570592347224E-005
  5.175019197885161E-005
  5.175463102097498E-005
  5.175902291182279E-005
  5.176336755637544E-005
  5.176766496016336E-005
  5.177191522173227E-005
  5.177611838237886E-005
  5.178027461259119E-005
  5.178438403105665E-005
  5.178844678122287E-005
  5.179246312164015E-005
  5.179643317874490E-005
  5.180035710924583E-005
  5.180423511544451E-005
  5.180806745711586E-005
  5.181185431650484E-005
  5.181559585449068E-005
  5.181929238099630E-005
  5.182294401716219E-005
  5.182655102287096E-005
  5.183011362622987E-005
  5.183363205093654E-005
  5.183710649579994E-005
  5.184053715823906E-005
  5.184392433065419E-005
  5.184726817889812E-005
  5.185056900605851E-005
  5.185382694149525E-005
  5.185704227865755E-005
  5.186021524084325E-005
  5.186334598007945E-005
  5.186643483131620E-005
  5.186948199163259E-005
  5.187248766262062E-005
  5.187545209242940E-005
  5.187837551768132E-005
  5.188125814947872E-005
  5.188410021443105E-005
  5.188690197536552E-005
  5.188966364233816E-005
  5.189238543275753E-005
  5.189506761298871E-005
  5.189771037174108E-005
  5.190031392271035E-005
  5.190287856004320E-005
  5.190540445712912E-005
  5.190789184479339E-005
  5.191034098032330E-005
  5.191275207330209E-005
  5.191512534963302E-005
  5.191746100660137E-005
  5.191975928361848E-005
  5.192202044999160E-005
  5.192424468014855E-005
  5.192643221779122E-005
  5.192858322797786E-005
  5.193069802573940E-005
  5.193277678184401E-005
  5.193481969966961E-005
  5.193682702131044E-005
  5.193879898864615E-005
  5.194073575919477E-005
  5.194263757393084E-005
  5.194450468832922E-005
  5.194633727053266E-005
  5.194813552493409E-005
  5.194989972135571E-005
  5.195162998444582E-005
  5.195332659676041E-005
  5.195498973368326E-005
  5.195661961994475E-005
  5.195821644819528E-005
  5.195978044773626E-005
  5.196131178513880E-005
  5.196281073253903E-005
  5.196427743816351E-005
  5.196571209571065E-005
  5.196711492195152E-005
  5.196848609070489E-005
  5.196982587639007E-005
  5.197113438344579E-005
  5.197241188868951E-005
  5.197365856146255E-005
  5.197487455851453E-005
  5.197606008921569E-005
  5.197721535458600E-005
  5.197834053218808E-005
  5.197943583230513E-005
  5.198050140453118E-005
  5.198153747009305E-005
  5.198254419250073E-005
  5.198352175136240E-005
  5.198447034918499E-005
  5.198539013838787E-005
  5.198628134632405E-005
  5.198714411194391E-005
  5.198797857818887E-005
  5.198878496360501E-005
  5.198956343856611E-005
  5.199031414831769E-005
  5.199103729792588E-005
  5.199173302961271E-005
  5.199240150900339E-005
  5.199304290749455E-005
  5.199365738232943E-005
  5.199424509820852E-005
  5.199480622026778E-005
  5.199534089420325E-005
  5.199584928483157E-005
  5.199633153524789E-005
  5.199678779943308E-005
  5.199721823610133E-005
  5.199762300139146E-005
  5.199800222005949E-005
  5.199835604002327E-005
  5.199868462005767E-005
  5.199898808571313E-005
  5.199926658208367E-005
  5.199952024279589E-005
  5.199974920255731E-005
  5.199995359975004E-005
  5.200013356813670E-005
  5.200028922496398E-005
  5.200042070171240E-005
  5.200052812160620E-005
  5.200061161047270E-005
  5.200067128640703E-005
  5.200070726590744E-005
  5.200071966642653E-005
  5.200070859968672E-005
  5.200067417728980E-005
  5.200061650747620E-005
  5.200053569471561E-005
  5.200043184368354E-005
  5.200030505744348E-005
  5.200015542926977E-005
  5.199998305872912E-005
  5.199978803651088E-005
  5.199957045198837E-005
  5.199933040398790E-005
  5.199906795755759E-005
  5.199878321402635E-005
  5.199847624013332E-005
  5.199814713587292E-005
  5.199779594058846E-005
  5.199742274311240E-005
  5.199702760194656E-005
  5.199661058690307E-005
  5.199617176707164E-005
  5.199571118577847E-005
  5.199522889213067E-005
  5.199472495275851E-005
  5.199419943308350E-005
  5.199365232854432E-005
  5.199308371580443E-005
  5.199249360872608E-005
  5.199188206985949E-005
  5.199124910309549E-005
  5.199059471212329E-005
  5.198991893313671E-005
  5.198922179730433E-005
  5.198850333066049E-005
  5.198776352144066E-005
  5.198700233456532E-005
  5.198621982331007E-005
  5.198541598459224E-005
  5.198459076946192E-005
  5.198374412038077E-005
  5.198287613422456E-005
  5.198198672577475E-005
  5.198107580022396E-005
  5.198014342820066E-005
  5.197918946115123E-005
  5.197821398122058E-005
  5.197721678099212E-005
  5.197619791232138E-005
  5.197515731228949E-005
  5.197409492682093E-005
  5.197301050395311E-005
  5.197190442059283E-005
  5.197077563666424E-005
  5.196962509455827E-005
  5.196845195645309E-005
  5.196725640711063E-005
  5.196603820776698E-005
  5.196479701829964E-005
  5.196353294081959E-005
  5.196224598815616E-005
  5.196093574506998E-005
  5.195960249063523E-005
  5.195824543714181E-005
  5.195686463756828E-005
  5.195546004061959E-005
  5.195403098078029E-005
  5.195257735138134E-005
  5.195109893236300E-005
  5.194959573295750E-005
  5.194806716971129E-005
  5.194651294402115E-005
  5.194493301537990E-005
  5.194332708734957E-005
  5.194169479066261E-005
  5.194003572150372E-005
  5.193834918227511E-005
  5.193663521135004E-005
  5.193489465514672E-005
  5.193312617578065E-005
  5.193132866083684E-005
  5.192950132035028E-005
  5.192764402345512E-005
  5.192575593626474E-005
  5.192383736266918E-005
  5.192188726770590E-005
  5.191990478521488E-005
  5.191788966818986E-005
  5.191584122355916E-005
  5.191375887235102E-005
  5.191164215542943E-005
  5.190948973610767E-005
  5.190730129147463E-005
  5.190507573383530E-005
  5.190281243342722E-005
  5.190051014263624E-005
  5.189816872534382E-005
  5.189578576118709E-005
  5.189336195444562E-005
  5.189089515422029E-005
  5.188838479746500E-005
  5.188582877196086E-005
  5.188322730909465E-005
  5.188057901698968E-005
  5.187788230037538E-005
  5.187513529515923E-005
  5.187233668150924E-005
  5.186948518279532E-005
  5.186657904926773E-005
  5.186361624049051E-005
  5.186059581687516E-005
  5.185751601656346E-005
  5.185437388569043E-005
  5.185116847000379E-005
  5.184789750704967E-005
  5.184455887455862E-005
  5.184115045580426E-005
  5.183766948597435E-005
  5.183411440151234E-005
  5.183048614412068E-005
  5.182677987661271E-005
  5.182299024405467E-005
  5.181911684175439E-005
  5.181515522133366E-005
  5.181110245622951E-005
  5.180695538999257E-005
  5.180271082789818E-005
  5.179836552529522E-005
  5.179391605668860E-005
  5.178935878496600E-005
  5.178469010036317E-005
  5.177990644155276E-005
  5.177500349678425E-005
  5.176997876223700E-005
  5.176482624908869E-005
  5.175954310324777E-005
  5.175412700071151E-005
  5.174857442022054E-005
  5.174287681245543E-005
  5.173702993832609E-005
  5.173102685572432E-005
  5.172486555188445E-005
  5.171854077457351E-005
  5.171204623890211E-005
  5.170537735100075E-005
  5.169852874438988E-005
  5.169149528356428E-005
  5.168427444328354E-005
  5.167686538091611E-005
  5.166925955076079E-005
  5.166144744945788E-005
  5.165342432154487E-005
  5.164518792646672E-005
  5.163673859400956E-005
  5.162806908452176E-005
  5.161917453156239E-005
  5.161005115823282E-005
  5.160070124471616E-005
  5.159112298481577E-005
  5.158130300605512E-005
  5.157124474199403E-005
  5.156094461611625E-005
  5.155040086883817E-005
  5.153961230571985E-005
  5.152858189401508E-005
  5.151731485763455E-005
  5.150582220944524E-005
  5.149408241753657E-005
  5.148211943537040E-005
  5.146992636832461E-005
  5.145750957444204E-005
  5.144489081322473E-005
  5.143207057963021E-005
  5.141908022250106E-005
  5.140590950023772E-005
  5.139257292194208E-005
  5.137909191614171E-005
  5.136547805004930E-005
  5.135176711388189E-005
  5.133799074403297E-005
  5.132412988103419E-005
  5.131022046144186E-005
  5.129632820685511E-005
  5.128244585870767E-005
  5.126860530100912E-005
  5.125489756734394E-005
  5.124132818887863E-005
  5.122784818502668E-005
  5.121461156110670E-005
  5.120163808933465E-005
  5.118896870344732E-005
  5.117716230542583E-005
  5.116591938862799E-005
  5.115513445870590E-005
  5.114485204155660E-005
  5.113508906018249E-005
  5.112590909602883E-005
  5.111747515243578E-005
  5.110977445841363E-005
  5.110281034783388E-005
  5.109658223394170E-005
  5.109137485066340E-005
  5.108705670053383E-005
  5.108363323552714E-005
  5.108127813716030E-005
  5.107989618440867E-005
  5.107965429790902E-005
  5.108048461695322E-005
  5.108248906973761E-005
  5.108558675653774E-005
  5.108987644162027E-005
  5.109534819830729E-005
  5.110195455018957E-005
  5.110964015550832E-005
  5.111845334916289E-005
  5.112823543043470E-005
  5.113902481405751E-005
  5.115068248252324E-005
  5.116313521837459E-005
  5.117626817607378E-005
  5.118994261526631E-005
  5.120404964423626E-005
  5.121844072123079E-005
  5.123293580386813E-005
  5.124738576073605E-005
  5.126162763073102E-005
  5.127546078290338E-005
  5.128873177333294E-005
  5.130127084213346E-005
  5.131289447498892E-005
  5.132346595988382E-005
  5.133286355347262E-005
  5.134095760375091E-005
  5.134767178143126E-005
  5.135297109636907E-005
  5.135683875722039E-005
  5.135931110992033E-005
  5.136043987199188E-005
  5.136031404842763E-005
  5.135908463741494E-005
  5.135688474213637E-005
  5.135386568706498E-005
  5.135016674503315E-005
  5.134591586786559E-005
  5.134122025553574E-005
  5.133616876323610E-005
  5.133082952664033E-005
  5.132525483322055E-005
  5.131948213959998E-005
  5.131353869290398E-005
  5.130744357215950E-005
  5.130121017110922E-005
  5.129484805096908E-005
  5.128836398526669E-005
  5.128176304972253E-005
  5.127504898896923E-005
  5.126822486986476E-005
  5.126129265910604E-005
  5.125425466209543E-005
  5.124711236926155E-005
  5.123986674554737E-005
  5.123251890272441E-005
  5.122507010907609E-005
  5.121752102908733E-005
  5.120987141414145E-005
  5.120212192238587E-005
  5.119427372084955E-005
  5.118632551901851E-005
  5.117827840616746E-005
  5.117013086162145E-005
  5.116188755256896E-005
  5.115353455662446E-005
  5.114508936556585E-005
  5.113654047030357E-005
  5.112789199884547E-005
  5.111915878402747E-005
  5.111031305321707E-005
  5.110136766308572E-005
  5.109231789568650E-005
  5.108314701036681E-005
  5.107388056671848E-005
  5.106451938206611E-005
  5.105505456550524E-005
  5.104548594951314E-005
  5.103580959527654E-005
  5.102602720100697E-005
  5.101613742578958E-005
  5.100613960433393E-005
  5.099603152039743E-005
  5.098581433323573E-005
  5.097548728980065E-005
  5.096504577746126E-005
  5.095449291805224E-005
  5.094382587509390E-005
  5.093304445003046E-005
  5.092214776411910E-005
  5.091113375411824E-005
  5.090000216342293E-005
  5.088875211853562E-005
  5.087738212622898E-005
  5.086589301716310E-005
  5.085428068271889E-005
  5.084254626542489E-005
  5.083068660821230E-005
  5.081870245083709E-005
  5.080659075350575E-005
  5.079435339604135E-005
  5.078198565074853E-005
  5.076948886460980E-005
  5.075686259037418E-005
  5.074409983789115E-005
  5.073120724097964E-005
  5.071817792875123E-005
  5.070501395267339E-005
  5.069171053495807E-005
  5.067826942692919E-005
  5.066468854476161E-005
  5.065096398196208E-005
  5.063709908342346E-005
  5.062308945111007E-005
  5.060893150862216E-005
  5.059462890931525E-005
  5.058017682254358E-005
  5.056557355928667E-005
  5.055082122674281E-005
  5.053591622605545E-005
  5.052085607219944E-005
  5.050564014902505E-005
  5.049026579476525E-005
  5.047473224937308E-005
  5.045903719879851E-005
  5.044318077040562E-005
  5.042716188364360E-005
  5.041097616511938E-005
  5.039462178887747E-005
  5.037810187125751E-005
  5.036140747650379E-005
  5.034454649569579E-005
  5.032750357376118E-005
  5.031028965334043E-005
  5.029289770379020E-005
  5.027532483765737E-005
  5.025757208526671E-005
  5.023963682216337E-005
  5.022151581279945E-005
  5.020321107707356E-005
  5.018470925996533E-005
  5.016602517448577E-005
  5.014714654167928E-005
  5.012807415864787E-005
  5.010880315375977E-005
  5.008933527393726E-005
  5.006966658067449E-005
  5.004979497376563E-005
  5.002971904895848E-005
  5.000943664411549E-005
  4.998894395742924E-005
  4.996824769747265E-005
  4.994732338576619E-005
  4.992619149423443E-005
  4.990484117807363E-005
  4.988327052374420E-005
  4.986147715296897E-005
  4.983945951649878E-005
  4.981722247835199E-005
  4.979474382701058E-005
  4.977202715262544E-005
  4.974908486940362E-005
  4.972589968760967E-005
  4.970250340660485E-005
  4.967882122860202E-005
  4.965496898924528E-005
  4.963178136137848E-005
  4.960746879049714E-005
  4.958289287344323E-005
  4.955804921254446E-005
  4.953294810644012E-005
  4.950757103241255E-005
  4.948195280844656E-005
  4.945604033774092E-005
  4.942987860794617E-005
  4.940343133589437E-005
  4.937670460538676E-005
  4.934969430995563E-005
  4.932238932953695E-005
  4.929482106465652E-005
  4.926693696807805E-005
  4.923876745153900E-005
  4.921028442216546E-005
  4.918150374305029E-005
  4.915240270936787E-005
  4.912298281817101E-005
  4.909324611447551E-005
  4.906317961749041E-005
  4.903274526339261E-005
  4.900191296149636E-005
  4.897027251438786E-005
  4.893822911895704E-005
  4.890653677546733E-005
  4.887459242005682E-005
  4.884231246305919E-005
  4.880971116082405E-005
  4.877674962415280E-005
  4.874343866371485E-005
  4.870979562473738E-005
  4.867577652417201E-005
  4.864142303919668E-005
  4.860667598396555E-005
  4.857158469382501E-005
  4.853611094342603E-005
  4.850025951093527E-005
  4.846401629868923E-005
  4.842740520952779E-005
  4.839039741640881E-005
  4.835295329550151E-005
  4.831514054434418E-005
  4.827696538357340E-005
  4.823858936391329E-005
  4.819989124733384E-005
  4.816093491300676E-005
  4.812174008190415E-005
  4.808241067913362E-005
  4.804303389365444E-005
  4.800382471487289E-005
  4.796498904103382E-005
  4.792686868088465E-005
  4.789003442802019E-005
  4.785518041486739E-005
  4.782324033515157E-005
  4.779536139441523E-005
  4.777286838103858E-005
  4.775701298669899E-005
  4.775015499332701E-005
  4.775131838806859E-005
  4.775336113411994E-005
  4.775625496601982E-005
  4.776014061646056E-005
  4.776480943464341E-005
  4.777044556974680E-005
  4.777695065182340E-005
  4.778441093159693E-005
  4.779275614437219E-005
  4.780204055463402E-005
  4.781222059163550E-005
  4.782312360917986E-005
  4.783479306176482E-005
  4.784741929131385E-005
  4.786095709462162E-005
  4.787536355831022E-005
  4.789070304128515E-005
  4.790693653483026E-005
  4.792401461219426E-005
  4.794199279171877E-005
  4.796085153309846E-005
  4.798059426818829E-005
  4.800062626228146E-005
  4.802144897791032E-005
  4.804304904679211E-005
  4.806539451465412E-005
  4.808841601123622E-005
  4.811198571176817E-005
  4.813624754600686E-005
  4.816096339046467E-005
  4.818626925254846E-005
  4.821205745631961E-005
  4.823834149343147E-005
  4.826508539385922E-005
  4.829221613092477E-005
  4.831969621265775E-005
  4.834753650276386E-005
  4.837566883841241E-005
  4.840404548883068E-005
  4.843265557776797E-005
  4.846139554510654E-005
  4.849028970066861E-005
  4.851923938751068E-005
  4.854822593417714E-005
  4.848328439118605E-005
  4.839567838885819E-005
  4.830730255065855E-005
  4.821812696717351E-005
  4.812810850155651E-005
  4.803721656543266E-005
  4.794541916681229E-005
  4.785268193144536E-005
  4.775897766910321E-005
  4.766426877459444E-005
  4.756850884655132E-005
  4.747165257219654E-005
  4.737365587023512E-005
  4.727447201780511E-005
  4.717405233994922E-005
  4.707234595882968E-005
  4.696929929030539E-005
  4.686485693400590E-005
  4.675896136890577E-005
  4.665155123935253E-005
  4.654256951092998E-005
  4.643194972433676E-005
  4.631961872231305E-005
  4.620550657472241E-005
  4.608953719428062E-005
  4.597163450401126E-005
  4.585171935199302E-005
  4.572969919434411E-005
  4.560549311978086E-005
  4.547901415910137E-005
  4.535017007007509E-005
  4.521886303910141E-005
  4.508499321637306E-005
  4.494845618687654E-005
  4.480914295554680E-005
  4.466694223203013E-005
  4.452173671329195E-005
  4.437340401339201E-005
  4.422181523028653E-005
  4.406684445827119E-005
  4.390835475745563E-005
  4.374620264752856E-005
  4.358024494898400E-005
  4.341032807614693E-005
  4.323630062085617E-005
  4.305799980591358E-005
  4.287525621430513E-005
  4.268788844027437E-005
  4.249572248717906E-005
  4.229856919372566E-005
  4.209623063769155E-005
  4.188850699423182E-005
  4.167518234209618E-005
  4.145604647568589E-005
  4.123086992431032E-005
  4.099942306232425E-005
  4.076146628216486E-005
  4.051674933077206E-005
  4.026501267558863E-005
  4.000598782464062E-005
  3.973939871319619E-005
  3.946495943854124E-005
  3.918237055362642E-005
  3.889132875697405E-005
  3.859152629063828E-005
  3.828263736160812E-005
  3.796432155964419E-005
  3.763624051794285E-005
  3.729803649189252E-005
  3.694935443558689E-005
  3.658981711563950E-005
  3.621903926598140E-005
  3.583663248999645E-005
  3.544219825585903E-005
  3.503532139942971E-005
  3.461559948551345E-005
  3.418260380037636E-005
  3.373591584622238E-005
  3.327508384584544E-005
  3.279969275039918E-005
  3.230928482334131E-005
  3.180342882686285E-005
  3.128170650836033E-005
  3.074365227901202E-005
  3.018885717310426E-005
  2.961689569331931E-005
  2.902732895364259E-005
  2.841982073079926E-005
  2.779402732629343E-005
  2.714939962388918E-005
  2.648580072413524E-005
  2.580288130791078E-005
  2.510037550700284E-005
  2.437774743458284E-005
  2.363519686287235E-005
  2.287146011566561E-005
  2.208794131942441E-005
