  2.879625436405242E-005
  6.357072000958236E-006
  4.533440247028539E-006
  2.896657303982530E-006
  2.579539537522459E-006
  1.356841514946346E-006
  3.087536891571538E-007
  1.200000017881393E-006
  1.200000017881393E-006
  1.200000017881393E-006
  1.200000017881393E-006
  1.200000017881393E-006
  1.200000017881393E-006
  1.200000017881393E-006
  1.200000017881393E-006
  1.200000017881393E-006
  1.200000017881393E-006
  1.200000017881393E-006
  1.200000017881393E-006
  1.200000017881393E-006
  1.200000017881393E-006
  1.200000017881393E-006
  1.200000017881393E-006
  1.200000017881393E-006
  1.200000017881393E-006
  1.200000017881393E-006
  1.200000017881393E-006
  1.200000017881393E-006
  1.200000017881393E-006
  1.200000017881393E-006
  1.200000017881393E-006
  1.200000017881393E-006
  1.200000017881393E-006
  1.200000017881393E-006
  1.200000017881393E-006
  1.200000017881393E-006
  1.200000017881393E-006
  1.200000017881393E-006
  1.200000017881393E-006
  1.200000017881393E-006
  1.200000017881393E-006
  1.200000017881393E-006
  1.200000017881393E-006
  1.200000017881393E-006
  1.200000017881393E-006
  1.200000017881393E-006
  1.200000017881393E-006
  1.200000017881393E-006
  1.200000017881393E-006
  1.200000017881393E-006
  1.200000017881393E-006
  1.200000017881393E-006
  1.200000017881393E-006
  1.200000017881393E-006
  1.200000017881393E-006
  1.200000017881393E-006
  1.200000017881393E-006
  1.200000017881393E-006
  1.200000017881393E-006
  1.200000017881393E-006
  1.200000017881393E-006
  1.200000017881393E-006
  1.200000017881393E-006
  1.200000017881393E-006
  1.200000017881393E-006
  1.200000017881393E-006
  1.200000017881393E-006
  1.200000017881393E-006
  1.200000017881393E-006
  1.200000017881393E-006
  1.200000017881393E-006
  1.200000017881393E-006
  1.200000017881393E-006
  1.200000017881393E-006
  1.200000017881393E-006
  1.200000017881393E-006
  1.200000017881393E-006
  1.200000017881393E-006
  1.200000017881393E-006
  1.200000017881393E-006
  1.200000017881393E-006
  1.200000017881393E-006
  1.200000017881393E-006
  1.200000017881393E-006
  1.200000017881393E-006
  1.200000017881393E-006
  1.200000017881393E-006
  1.200000017881393E-006
  1.200000017881393E-006
  1.200000017881393E-006
  1.200000017881393E-006
  1.200000017881393E-006
  1.200000017881393E-006
  1.200000017881393E-006
  1.200000017881393E-006
  1.200000017881393E-006
  1.200000017881393E-006
  1.200000017881393E-006
  1.200000017881393E-006
  1.200000017881393E-006
  1.200000017881393E-006
  1.200000017881393E-006
  1.200000017881393E-006
  1.200000017881393E-006
  1.200000017881393E-006
  1.200000017881393E-006
  1.200000017881393E-006
  1.200000017881393E-006
  1.200000017881393E-006
  1.200000017881393E-006
  1.200000017881393E-006
  1.200000017881393E-006
  1.200000017881393E-006
  1.200000017881393E-006
  1.200000017881393E-006
  1.200000017881393E-006
  1.200000017881393E-006
  1.200000017881393E-006
  1.200000017881393E-006
  1.200000017881393E-006
  1.200000017881393E-006
  1.200000017881393E-006
  1.200000017881393E-006
  1.200000017881393E-006
  1.200000017881393E-006
  1.200000017881393E-006
  1.200000017881393E-006
  1.200000017881393E-006
  1.200000017881393E-006
  1.200000017881393E-006
  1.200000017881393E-006
  1.200000017881393E-006
  1.200000017881393E-006
  1.200000017881393E-006
  1.200000017881393E-006
  1.200000017881393E-006
  1.200000017881393E-006
  1.200000017881393E-006
  1.200000017881393E-006
  1.200000017881393E-006
  1.200000017881393E-006
  1.200000017881393E-006
  1.200000017881393E-006
  1.200000017881393E-006
  1.200000017881393E-006
  1.200000017881393E-006
  1.200000017881393E-006
  1.200000017881393E-006
  1.200000017881393E-006
  1.200000017881393E-006
  1.200000017881393E-006
  1.200000017881393E-006
  1.200000017881393E-006
  1.200000017881393E-006
  1.200000017881393E-006
  1.200000017881393E-006
  1.200000017881393E-006
  1.200000017881393E-006
  1.200000017881393E-006
  1.200000017881393E-006
  1.200000017881393E-006
  1.200000017881393E-006
  1.200000017881393E-006
  1.200000017881393E-006
  1.200000017881393E-006
  1.200000017881393E-006
  1.200000017881393E-006
  1.200000017881393E-006
  1.200000017881393E-006
  1.200000017881393E-006
  1.200000017881393E-006
  1.200000017881393E-006
  1.200000017881393E-006
  1.200000017881393E-006
  1.200000017881393E-006
  1.200000017881393E-006
  1.200000017881393E-006
  1.200000017881393E-006
  1.200000017881393E-006
  1.200000017881393E-006
  1.200000017881393E-006
  1.200000017881393E-006
  1.200000017881393E-006
  1.200000017881393E-006
  1.200000017881393E-006
  1.200000017881393E-006
  1.200000017881393E-006
  1.200000017881393E-006
  1.200000017881393E-006
  1.200000017881393E-006
  1.200000017881393E-006
  1.200000017881393E-006
  1.200000017881393E-006
  1.200000017881393E-006
  1.200000017881393E-006
  1.200000017881393E-006
  1.200000017881393E-006
  1.200000017881393E-006
  1.200000017881393E-006
  1.200000017881393E-006
  1.200000017881393E-006
  1.200000017881393E-006
  1.200000017881393E-006
  1.200000017881393E-006
  1.200000017881393E-006
  1.200000017881393E-006
  1.200000017881393E-006
  1.200000017881393E-006
  1.200000017881393E-006
  1.200000017881393E-006
  1.200000017881393E-006
  1.200000017881393E-006
  1.200000017881393E-006
  1.200000017881393E-006
  1.200000017881393E-006
  1.200000017881393E-006
  1.200000017881393E-006
  1.200000017881393E-006
  1.200000017881393E-006
  1.200000017881393E-006
  1.200000017881393E-006
  1.200000017881393E-006
  1.200000017881393E-006
  1.200000017881393E-006
  1.200000017881393E-006
  1.200000017881393E-006
  1.200000017881393E-006
  1.200000017881393E-006
  1.200000017881393E-006
  1.200000017881393E-006
  1.200000017881393E-006
  1.200000017881393E-006
  1.200000017881393E-006
  1.200000017881393E-006
  1.200000017881393E-006
  1.200000017881393E-006
  1.200000017881393E-006
  1.200000017881393E-006
  1.200000017881393E-006
  1.200000017881393E-006
  1.200000017881393E-006
  1.200000017881393E-006
  1.200000017881393E-006
  1.200000017881393E-006
  1.200000017881393E-006
  1.200000017881393E-006
  1.200000017881393E-006
  1.200000017881393E-006
  1.200000017881393E-006
  1.200000017881393E-006
  1.200000017881393E-006
  1.200000017881393E-006
  1.200000017881393E-006
  1.200000017881393E-006
  1.200000017881393E-006
  1.200000017881393E-006
  1.200000017881393E-006
  1.200000017881393E-006
  1.200000017881393E-006
  1.200000017881393E-006
  1.200000017881393E-006
  1.200000017881393E-006
  1.200000017881393E-006
  1.200000017881393E-006
  1.200000017881393E-006
  1.200000017881393E-006
  1.200000017881393E-006
  1.200000017881393E-006
  1.200000017881393E-006
  1.200000017881393E-006
  1.200000017881393E-006
  1.200000017881393E-006
  1.200000017881393E-006
  1.200000017881393E-006
  1.200000017881393E-006
  1.200000017881393E-006
  1.200000017881393E-006
  1.200000017881393E-006
  1.200000017881393E-006
  1.200000017881393E-006
  1.200000017881393E-006
  1.200000017881393E-006
  1.200000017881393E-006
  1.200000017881393E-006
  1.200000017881393E-006
  1.200000017881393E-006
  1.200000017881393E-006
  1.200000017881393E-006
  1.200000017881393E-006
  1.200000017881393E-006
  1.200000017881393E-006
  1.200000017881393E-006
  1.200000017881393E-006
  1.200000017881393E-006
  1.200000017881393E-006
  1.200000017881393E-006
  1.200000017881393E-006
  1.200000017881393E-006
  1.200000017881393E-006
  1.200000017881393E-006
  1.200000017881393E-006
  1.200000017881393E-006
  1.200000017881393E-006
  1.200000017881393E-006
  1.200000017881393E-006
  1.200000017881393E-006
  1.200000017881393E-006
  1.200000017881393E-006
  1.200000017881393E-006
  1.200000017881393E-006
  1.200000017881393E-006
  1.200000017881393E-006
  1.200000017881393E-006
  1.200000017881393E-006
  1.200000017881393E-006
  1.200000017881393E-006
  1.200000017881393E-006
  1.200000017881393E-006
  1.200000017881393E-006
  1.200000017881393E-006
  1.200000017881393E-006
  1.200000017881393E-006
  1.200000017881393E-006
  1.200000017881393E-006
  1.200000017881393E-006
  1.200000017881393E-006
  1.200000017881393E-006
  1.200000017881393E-006
  1.200000017881393E-006
  1.200000017881393E-006
  1.200000017881393E-006
  1.200000017881393E-006
  1.200000017881393E-006
  1.200000017881393E-006
  1.200000017881393E-006
  1.200000017881393E-006
  1.200000017881393E-006
  1.200000017881393E-006
  1.200000017881393E-006
  1.200000017881393E-006
  1.200000017881393E-006
  1.200000017881393E-006
  1.200000017881393E-006
  1.200000017881393E-006
  1.200000017881393E-006
  1.200000017881393E-006
  1.200000017881393E-006
  1.200000017881393E-006
  1.200000017881393E-006
  1.200000017881393E-006
  1.200000017881393E-006
  1.200000017881393E-006
  1.200000017881393E-006
  1.200000017881393E-006
  1.200000017881393E-006
  1.200000017881393E-006
  1.200000017881393E-006
  1.200000017881393E-006
  1.200000017881393E-006
  1.200000017881393E-006
  1.200000017881393E-006
  1.200000017881393E-006
  1.200000017881393E-006
  1.200000017881393E-006
  1.200000017881393E-006
  1.200000017881393E-006
  1.200000017881393E-006
  1.200000017881393E-006
  1.200000017881393E-006
  1.200000017881393E-006
  1.200000017881393E-006
  1.200000017881393E-006
  1.200000017881393E-006
  1.200000017881393E-006
  1.200000017881393E-006
  1.200000017881393E-006
  1.200000017881393E-006
  1.200000017881393E-006
  1.200000017881393E-006
  1.200000017881393E-006
  1.200000017881393E-006
  1.200000017881393E-006
  1.200000017881393E-006
  1.200000017881393E-006
  1.200000017881393E-006
  1.200000017881393E-006
  1.200000017881393E-006
  1.200000017881393E-006
  1.200000017881393E-006
  1.200000017881393E-006
  1.200000017881393E-006
  1.200000017881393E-006
  1.200000017881393E-006
  1.200000017881393E-006
  1.200000017881393E-006
  1.200000017881393E-006
  1.200000017881393E-006
  1.200000017881393E-006
  1.200000017881393E-006
  1.200000017881393E-006
  1.200000017881393E-006
  1.200000017881393E-006
  1.200000017881393E-006
  1.200000017881393E-006
  1.200000017881393E-006
  1.200000017881393E-006
  1.200000017881393E-006
  1.200000017881393E-006
  1.200000017881393E-006
  1.200000017881393E-006
  1.200000017881393E-006
  1.200000017881393E-006
  1.200000017881393E-006
  1.200000017881393E-006
  1.200000017881393E-006
  1.200000017881393E-006
  1.200000017881393E-006
  1.200000017881393E-006
  1.200000017881393E-006
  1.200000017881393E-006
  1.200000017881393E-006
  1.200000017881393E-006
  1.200000017881393E-006
  1.200000017881393E-006
  1.200000017881393E-006
  1.200000017881393E-006
  1.200000017881393E-006
  1.200000017881393E-006
  1.200000017881393E-006
  1.200000017881393E-006
  1.200000017881393E-006
  1.200000017881393E-006
  1.200000017881393E-006
  1.200000017881393E-006
  1.200000017881393E-006
  1.200000017881393E-006
  1.200000017881393E-006
  1.200000017881393E-006
  1.200000017881393E-006
  1.200000017881393E-006
  1.200000017881393E-006
  1.200000017881393E-006
  1.200000017881393E-006
  1.200000017881393E-006
  1.200000017881393E-006
  1.200000017881393E-006
  1.200000017881393E-006
  1.200000017881393E-006
  1.200000017881393E-006
  1.200000017881393E-006
  1.200000017881393E-006
  1.200000017881393E-006
  1.200000017881393E-006
  1.200000017881393E-006
  1.200000017881393E-006
  1.200000017881393E-006
  1.200000017881393E-006
  1.200000017881393E-006
  1.200000017881393E-006
  1.200000017881393E-006
  1.200000017881393E-006
  1.200000017881393E-006
  1.200000017881393E-006
  1.200000017881393E-006
  1.200000017881393E-006
  1.200000017881393E-006
  1.200000017881393E-006
  1.200000017881393E-006
  1.200000017881393E-006
  1.200000017881393E-006
  1.200000017881393E-006
  1.200000017881393E-006
  1.200000017881393E-006
  1.200000017881393E-006
  1.200000017881393E-006
  1.200000017881393E-006
  1.200000017881393E-006
  1.200000017881393E-006
  1.200000017881393E-006
  1.200000017881393E-006
  1.200000017881393E-006
  1.200000017881393E-006
  1.200000017881393E-006
  1.200000017881393E-006
  1.200000017881393E-006
  1.200000017881393E-006
  1.200000017881393E-006
  1.200000017881393E-006
  1.200000017881393E-006
  1.200000017881393E-006
  1.200000017881393E-006
  1.200000017881393E-006
  1.200000017881393E-006
  1.200000017881393E-006
  1.200000017881393E-006
  1.200000017881393E-006
  1.200000017881393E-006
  1.200000017881393E-006
  1.200000017881393E-006
  1.200000017881393E-006
  1.200000017881393E-006
  1.200000017881393E-006
  1.200000017881393E-006
  1.200000017881393E-006
  1.200000017881393E-006
  1.200000017881393E-006
  1.200000017881393E-006
  1.200000017881393E-006
  1.200000017881393E-006
  1.200000017881393E-006
  1.200000017881393E-006
  1.200000017881393E-006
  1.200000017881393E-006
  1.200000017881393E-006
  1.200000017881393E-006
  1.200000017881393E-006
  1.200000017881393E-006
  1.200000017881393E-006
  1.200000017881393E-006
  1.200000017881393E-006
  1.200000017881393E-006
  1.200000017881393E-006
  1.200000017881393E-006
  1.200000017881393E-006
  1.200000017881393E-006
  1.200000017881393E-006
  1.200000017881393E-006
  1.200000017881393E-006
  1.200000017881393E-006
  1.200000017881393E-006
  1.200000017881393E-006
  1.200000017881393E-006
  1.200000017881393E-006
  1.200000017881393E-006
  1.200000017881393E-006
  1.200000017881393E-006
  1.200000017881393E-006
  1.200000017881393E-006
  1.200000017881393E-006
  1.200000017881393E-006
  1.200000017881393E-006
  1.200000017881393E-006
  1.200000017881393E-006
  1.200000017881393E-006
  1.200000017881393E-006
  1.200000017881393E-006
  1.200000017881393E-006
  1.200000017881393E-006
  1.200000017881393E-006
  1.200000017881393E-006
  1.200000017881393E-006
  1.200000017881393E-006
  1.200000017881393E-006
  1.200000017881393E-006
  1.200000017881393E-006
  1.200000017881393E-006
  1.200000017881393E-006
  1.200000017881393E-006
  1.200000017881393E-006
  1.200000017881393E-006
  1.200000017881393E-006
  1.200000017881393E-006
  1.200000017881393E-006
  1.200000017881393E-006
  1.200000017881393E-006
  1.200000017881393E-006
  1.200000017881393E-006
  1.200000017881393E-006
  1.200000017881393E-006
  1.200000017881393E-006
  1.200000017881393E-006
  1.200000017881393E-006
  1.200000017881393E-006
  1.200000017881393E-006
  1.200000017881393E-006
  1.200000017881393E-006
  1.200000017881393E-006
  1.200000017881393E-006
  1.200000017881393E-006
  1.200000017881393E-006
  1.200000017881393E-006
  1.200000017881393E-006
  1.200000017881393E-006
  1.200000017881393E-006
  9.166814546616487E-008
  2.422429930263736E-007
  3.930280130604724E-007
  5.440219718029953E-007
  6.952230077474005E-007
  8.466286620123113E-007
  9.982357372196631E-007
  1.150041330887672E-006
  1.302042146535260E-006
  1.454234737697136E-006
  1.606615806785713E-006
  1.759182224580455E-006
  1.911930635268271E-006
  2.064857495648059E-006
  2.217959628066785E-006
  2.371233356384166E-006
  2.524675297695906E-006
  2.678282318718014E-006
  2.832050264666936E-006
  2.985976208441767E-006
  3.140056550213837E-006
  3.294287765046456E-006
  3.448665965015787E-006
  3.603187975495665E-006
  3.757850040675592E-006
  3.912648677860720E-006
  4.067580058004845E-006
  4.222640668887178E-006
  4.377827424213289E-006
  4.533135533665509E-006
  4.688561387909771E-006
  4.844102101999078E-006
  4.999753919617770E-006
  5.155512252737965E-006
  5.311374284572144E-006
  5.467335869305770E-006
  5.623392926525081E-006
  5.779542278472399E-006
  5.935779774626727E-006
  6.092101508531930E-006
  6.248503940826265E-006
  6.404983047017945E-006
  6.561535037738684E-006
  6.718155779364908E-006
  6.874841980202870E-006
  7.031589452591320E-006
  7.188393883567657E-006
  7.345252155032289E-006
  7.502159661434037E-006
  7.659113058237940E-006
  7.816107961335275E-006
  7.973140755288336E-006
  8.130207048171976E-006
  8.287303434568503E-006
  8.444425380950315E-006
  8.601569310180156E-006
  8.758730950356025E-006
  8.915906907197616E-006
  9.073092352988556E-006
  9.230283940442655E-006
  9.387477479967077E-006
  9.544668704745559E-006
  9.701854006270899E-006
  9.859029222273955E-006
  1.001619054933095E-005
  1.017333318082762E-005
  1.033045382778533E-005
  1.048754843768016E-005
  1.064461249335742E-005
  1.080164263005318E-005
  1.095863445269027E-005
  1.111558369744736E-005
  1.127248671750142E-005
  1.142933928041192E-005
  1.158613754467329E-005
  1.174287742388652E-005
  1.189955463485046E-005
  1.205616535057373E-005
  1.221270553199767E-005
  1.236917172609729E-005
  1.252555862597076E-005
  1.268186305397450E-005
  1.283808131668557E-005
  1.299420933013115E-005
  1.315024171433305E-005
  1.330617585609017E-005
  1.346200773920147E-005
  1.361773336447542E-005
  1.377334850393685E-005
  1.392884855006326E-005
  1.408423051253643E-005
  1.423949007358090E-005
  1.439462335964361E-005
  1.454962658602755E-005
  1.470449566922682E-005
  1.485922670398888E-005
  1.501381522387312E-005
  1.516825870131190E-005
  1.532255174553044E-005
  1.547669201747226E-005
  1.563067423315081E-005
  1.578449572901020E-005
  1.593815167362721E-005
  1.609163920374678E-005
  1.624495359753684E-005
  1.639809179813687E-005
  1.655104944229466E-005
  1.670382308684563E-005
  1.685640920084772E-005
  1.700880395436106E-005
  1.716100324464044E-005
  1.731300404505987E-005
  1.746480234510147E-005
  1.761639389037128E-005
  1.776777605217887E-005
  1.791894486854191E-005
  1.806989611456351E-005
  1.822062703454479E-005
  1.837113427978572E-005
  1.852141336556539E-005
  1.867146089597888E-005
  1.882127407483357E-005
  1.897084926115493E-005
  1.912018225291780E-005
  1.926926992438424E-005
  1.941811011057838E-005
  1.956669832670052E-005
  1.971503082899704E-005
  1.986310449741005E-005
  2.001091623868700E-005
  2.015846357355096E-005
  2.030574212771592E-005
  2.045274872232088E-005
  2.059948005966752E-005
  2.074593302989849E-005
  2.089210461520960E-005
  2.103799259773123E-005
  2.118359309061035E-005
  2.132890281369786E-005
  2.147391844362317E-005
  2.161863700388001E-005
  2.176305554011550E-005
  2.190717104713755E-005
  2.205098092244072E-005
  2.219448212064408E-005
  2.233767136207949E-005
  2.248054712898811E-005
  2.262310532738807E-005
  2.276534373580873E-005
  2.290725830748060E-005
  2.304884762726985E-005
  2.319010824572852E-005
  2.333103771086267E-005
  2.347163322197208E-005
  2.361189250267082E-005
  2.375181225816759E-005
  2.389139036574804E-005
  2.403062451890527E-005
  2.416951143074075E-005
  2.430804942497914E-005
  2.444623583103244E-005
  2.458406674004138E-005
  2.472154149575138E-005
  2.485865756063339E-005
  2.499541240283427E-005
  2.513180380708926E-005
  2.526782919577566E-005
  2.540348669022583E-005
  2.553877355340574E-005
  2.567368797101204E-005
  2.580822825097335E-005
  2.594239128480870E-005
  2.607617508273555E-005
  2.620957767272846E-005
  2.634259775818123E-005
  2.647523269487484E-005
  2.660748096286684E-005
  2.673934060890270E-005
  2.687080995448202E-005
  2.700188565162126E-005
  2.713256701210237E-005
  2.726285183146119E-005
  2.739273948946959E-005
  2.752222741477533E-005
  2.765131413712915E-005
  2.777999669916516E-005
  2.790827501577219E-005
  2.803614699301559E-005
  2.816361164393185E-005
  2.829066615978579E-005
  2.841730972641496E-005
  2.854354123522555E-005
  2.866935888602480E-005
  2.879476159884120E-005
  2.891974717463921E-005
  2.904431456073313E-005
  2.916846358281568E-005
  2.929219143031364E-005
  2.941549714386481E-005
  2.953838019149277E-005
  2.966083908231171E-005
  2.978287276659510E-005
  2.990447946758334E-005
  3.002565880692699E-005
  3.014641028235339E-005
  3.026673135696426E-005
  3.038662149568022E-005
  3.050608091239818E-005
  3.062510766095970E-005
  3.074370010737291E-005
  3.086185905180907E-005
  3.097958295781614E-005
  3.109687044832976E-005
  3.121372127479795E-005
  3.133013491793147E-005
  3.144610980501215E-005
  3.156164650554028E-005
  3.167674350482822E-005
  3.179139974909583E-005
  3.190561602355245E-005
  3.201939095033782E-005
  3.213272314305283E-005
  3.224561383498892E-005
  3.235806140226716E-005
  3.247006557543626E-005
  3.258162682521999E-005
  3.269274275119469E-005
  3.280341454082581E-005
  3.291364221387221E-005
  3.302342376366297E-005
  3.313276062358963E-005
  3.324165177120067E-005
  3.335009669966149E-005
  3.345809592895036E-005
  3.356564810316174E-005
  3.367275444410548E-005
  3.377941419426987E-005
  3.388562707076611E-005
  3.399139396991993E-005
  3.409671321126063E-005
  3.420158639634459E-005
  3.430601288295937E-005
  3.440999201790576E-005
  3.451352529543874E-005
  3.461661101338745E-005
  3.471925107933352E-005
  3.482144443810450E-005
  3.492319175933392E-005
  3.502449341395882E-005
  3.512534862247412E-005
  3.522575923948723E-005
  3.532572355879103E-005
  3.542524353972485E-005
  3.552431856211551E-005
  3.562294923904200E-005
  3.572113606687559E-005
  3.581887880543397E-005
  3.591617918171107E-005
  3.601303552904899E-005
  3.610945032887523E-005
  3.620542246022324E-005
  3.630095351042342E-005
  3.639604332865918E-005
  3.649069278036293E-005
  3.658490248858149E-005
  3.667867243664238E-005
  3.677200421293264E-005
  3.686489671119761E-005
  3.695735232987332E-005
  3.704937032707161E-005
  3.714095271232790E-005
  3.723209898369482E-005
  3.732281072195565E-005
  3.741308810482936E-005
  3.750293193126611E-005
  3.759234299958535E-005
  3.768132188990645E-005
  3.776986963736254E-005
  3.785798677682685E-005
  3.794567464105907E-005
  3.803293336189168E-005
  3.811976503578768E-005
  3.820616890300051E-005
  3.829214661510239E-005
  3.837769859358192E-005
  3.846282685942857E-005
  3.854753139336678E-005
  3.863181386835935E-005
  3.871567411321577E-005
  3.879911402492408E-005
  3.888213409076314E-005
  3.896473606759323E-005
  3.904692043236495E-005
  3.912868752661113E-005
  3.921003933298651E-005
  3.929097694263198E-005
  3.937150139311600E-005
  3.945161256080321E-005
  3.953131302300529E-005
  3.961060334258560E-005
  3.968948514927924E-005
  3.976795798972142E-005
  3.984602489522522E-005
  3.992368591188072E-005
  4.000094214384650E-005
  4.007779498988543E-005
  4.015424654436567E-005
  4.023029659916046E-005
  4.030594726608441E-005
  4.038119918098284E-005
  4.045605438544240E-005
  4.053051236033506E-005
  4.060457660804290E-005
  4.067824695573962E-005
  4.075152483227434E-005
  4.082441201781885E-005
  4.089690943376046E-005
  4.096901815174121E-005
  4.104074052471087E-005
  4.111207590620398E-005
  4.118302757543147E-005
  4.125359564895090E-005
  4.132378160642053E-005
  4.139358792575593E-005
  4.146301379049525E-005
  4.153206273713986E-005
  4.160073478169745E-005
  4.166903167569191E-005
  4.173695514530011E-005
  4.180450549466064E-005
  4.187168584004756E-005
  4.193849520779481E-005
  4.200493722781129E-005
  4.207101200282421E-005
  4.213672165312591E-005
  4.220206692632290E-005
  4.226704979069263E-005
  4.233167140745040E-005
  4.239593305477764E-005
  4.245983642020227E-005
  4.252338298642341E-005
  4.258657385747467E-005
  4.264941109451693E-005
  4.271189496479550E-005
  4.277402849046215E-005
  4.283581118027087E-005
  4.289724711640713E-005
  4.295833437259457E-005
  4.301907797096005E-005
  4.307947628536180E-005
  4.313953319115451E-005
  4.319924863820604E-005
  4.325862453299873E-005
  4.331766320831892E-005
  4.337636368329851E-005
  4.343473036359322E-005
  4.349276299053655E-005
  4.355046320566721E-005
  4.360783452587893E-005
  4.366487383777979E-005
  4.372158717562399E-005
  4.377797500976357E-005
  4.383403607439578E-005
  4.388977563511031E-005
  4.394519314043045E-005
  4.400028940594811E-005
  4.405506802217839E-005
  4.410952972572893E-005
  4.416367380235201E-005
  4.421750521192905E-005
  4.427102484917241E-005
  4.432422981984485E-005
  4.437712673862345E-005
  4.442971657834915E-005
  4.448199844605640E-005
  4.453397356386341E-005
  4.458564680356159E-005
  4.463701841065415E-005
  4.468808744419100E-005
  4.473885597714443E-005
  4.478932814913629E-005
  4.483950532539176E-005
  4.488938796919340E-005
  4.493897256421152E-005
  4.498826639556249E-005
  4.503727148953351E-005
  4.508598890798260E-005
  4.513441996148049E-005
  4.518256198764189E-005
  4.523041595986465E-005
  4.527798906876016E-005
  4.532528192852389E-005
  4.537229603934130E-005
  4.541903223909724E-005
  4.546549259706641E-005
  4.551167732646490E-005
  4.555758873589291E-005
  4.560322750542680E-005
  4.564858785202072E-005
  4.569367376454044E-005
  4.573849335730414E-005
  4.578304691401435E-005
  4.582733706566975E-005
  4.587136414124637E-005
  4.591513004107606E-005
  4.595863524871975E-005
  4.600188155970575E-005
  4.604486878784360E-005
  4.608760129019483E-005
  4.613007870291918E-005
  4.617230302648899E-005
  4.621427236209311E-005
  4.625599209466883E-005
  4.629746841119616E-005
  4.633868440246858E-005
  4.637958552286652E-005
  4.643738691480520E-005
  4.646072579161544E-005
  4.650112582916001E-005
  4.654111089934592E-005
  4.658087249319482E-005
  4.662038555200511E-005
  4.665967341114672E-005
  4.669871853982825E-005
  4.673752887360258E-005
  4.677610343241671E-005
  4.681444392716518E-005
  4.685255149593358E-005
  4.689042871157548E-005
  4.692807934114907E-005
  4.696550213808476E-005
  4.700270070650998E-005
  4.703967518430646E-005
  4.707642628995747E-005
  4.711295614687165E-005
  4.714926544291562E-005
  4.718535567597178E-005
  4.722122818026511E-005
  4.725688389528532E-005
  4.729232431654100E-005
  4.732755094327973E-005
  4.736256406762965E-005
  4.739736601922645E-005
  4.743195748300923E-005
  4.746633949589544E-005
  4.750051412188848E-005
  4.753448166448076E-005
  4.756824359808128E-005
  4.760180183047859E-005
  4.763515651022323E-005
  4.766830939990777E-005
  4.770126188088216E-005
  4.773401450727728E-005
  4.776656909678366E-005
  4.779892699900369E-005
  4.783108848545521E-005
  4.786305551384333E-005
  4.789482906475784E-005
  4.792641000191398E-005
  4.795779988384079E-005
  4.798899989793000E-005
  4.802001072688936E-005
  4.805083388539719E-005
  4.808147064842460E-005
  4.811192148331632E-005
  4.814218824763841E-005
  4.817227191615965E-005
  4.820217307348559E-005
  4.823189333237252E-005
  4.826143397977627E-005
  4.829079554721576E-005
  4.831997932099327E-005
  4.834898670844466E-005
  4.837781846273475E-005
  4.840647563513526E-005
  4.843495955085997E-005
  4.846327119370019E-005
  4.849141110888255E-005
  4.851938101423810E-005
  4.854718212404289E-005
  4.857481443148335E-005
  4.860227981384113E-005
  4.862957940151801E-005
  4.865671370510298E-005
  4.868368371478477E-005
  4.871049098870348E-005
  4.873713623438523E-005
  4.876361992800807E-005
  4.878994384099722E-005
  4.881610895251476E-005
  4.884211542534932E-005
  4.886796483993818E-005
  4.889365834703159E-005
  4.891919651746591E-005
  4.894458007638298E-005
  4.896981061312836E-005
  4.899488878259028E-005
  4.901981517900398E-005
  4.904459116851612E-005
  4.906921779370194E-005
  4.909369579320535E-005
  4.911802546478596E-005
  4.914220852706745E-005
  4.916624576369588E-005
  4.919013788250729E-005
  4.921388546079502E-005
  4.923748997938172E-005
  4.926095217505110E-005
  4.928427272259041E-005
  4.930745224296445E-005
  4.933049205850694E-005
  4.935339311116737E-005
  4.937615573349457E-005
  4.939878062347651E-005
  4.942126909225151E-005
  4.944362205246526E-005
  4.946583999517302E-005
  4.948792352986694E-005
  4.950987440363431E-005
  4.953169350632028E-005
  4.955338142182716E-005
  4.957493820969042E-005
  4.959636545181733E-005
  4.961766363490886E-005
  4.963883337502563E-005
  4.965987462658610E-005
  4.968078877285673E-005
  4.970157625500743E-005
  4.972223799629407E-005
  4.974277411032353E-005
  4.976318496532569E-005
  4.978347177681599E-005
  4.980363511007988E-005
  4.982367548200160E-005
  4.984359241809620E-005
  4.986338723855999E-005
  4.988306054523523E-005
  4.990261251701695E-005
  4.992204357183985E-005
  4.994135339815070E-005
  4.996054294705094E-005
  4.997961269150420E-005
  4.999856281522810E-005
  5.001739332676996E-005
  5.003610358338219E-005
  5.005469486456555E-005
  5.007316700675672E-005
  5.009152008632715E-005
  5.010975412543666E-005
  5.012786810345809E-005
  5.014586280963976E-005
  5.016373839578879E-005
  5.018149456094313E-005
  5.019913105683771E-005
  5.021664763833888E-005
  5.023404342246148E-005
  5.025131888503023E-005
  5.026847371618604E-005
  5.028550775016480E-005
  5.030242048668166E-005
  5.031921156474954E-005
  5.033587961762396E-005
  5.035242495135529E-005
  5.036884739634988E-005
  5.038514708854446E-005
  5.040132264147253E-005
  5.041737464128756E-005
  5.043330107612820E-005
  5.044910202972696E-005
  5.046477528328664E-005
  5.048032157404891E-005
  5.049573973094821E-005
  5.051103075880022E-005
  5.052619042708726E-005
  5.054122134318901E-005
  5.055612192627944E-005
  5.057089080070169E-005
  5.058552633850835E-005
  5.060002814803360E-005
  5.061439765390312E-005
  5.062863078267673E-005
  5.064272939163962E-005
  5.065669169747744E-005
  5.067051683755977E-005
  5.068420285732967E-005
  5.069775048059949E-005
  5.071116043205606E-005
  5.072442819452457E-005
  5.073755375046780E-005
  5.075053790129370E-005
  5.076337589689233E-005
  5.077606915191631E-005
  5.078861660343583E-005
  5.080101940040698E-005
  5.081327196878987E-005
  5.082537670578021E-005
  5.083733060201389E-005
  5.084913355557421E-005
  5.086078408869343E-005
  5.087228069008955E-005
  5.088362544480999E-005
  5.089481351531272E-005
  5.090584219180727E-005
  5.091671313596690E-005
  5.092742654140924E-005
  5.093798102379759E-005
  5.094837419390808E-005
  5.095860561098026E-005
  5.096867298948156E-005
  5.097857526452301E-005
  5.098831245193019E-005
  5.099788071071157E-005
  5.100728354021632E-005
  5.101651688744473E-005
  5.102558197857157E-005
  5.103447517860005E-005
  5.104319744193886E-005
  5.105174674662016E-005
  5.106012273767010E-005
  5.106832612803593E-005
  5.107635521212443E-005
  5.108420957831691E-005
  5.109188887725596E-005
  5.109939409103322E-005
  5.110672388612701E-005
  5.111387869119740E-005
  5.112085884150075E-005
  5.112766519732389E-005
  5.113429772801706E-005
  5.114075760701970E-005
  5.114704647347995E-005
  5.115316495381079E-005
  5.115911562017681E-005
  5.116490009405882E-005
  5.117052048960880E-005
  5.117598030564364E-005
  5.118128202481513E-005
  5.118642945225125E-005
  5.119142684491643E-005
  5.119627822011772E-005
  5.120098919564336E-005
  5.120556465920346E-005
  5.121001114036845E-005
  5.121433476434263E-005
  5.121854299637937E-005
  5.122264323504587E-005
  5.122664389497450E-005
  5.123055366203932E-005
  5.123438184747855E-005
  5.123813844151450E-005
  5.124183352145857E-005
  5.124547832473209E-005
  5.124908340971064E-005
  5.125266104906177E-005
  5.125622242634049E-005
  5.125977961293537E-005
  5.126334475611772E-005
  5.126692943587861E-005
  5.127054565405428E-005
  5.127420431536400E-005
  5.127791660118965E-005
  5.128169259529154E-005
  5.128554106707037E-005
  5.128947083448418E-005
  5.129348858223952E-005
  5.129759960134851E-005
  5.130180797369821E-005
  5.130611733302296E-005
  5.131052734648619E-005
  5.131503711770396E-005
  5.131964402571256E-005
  5.132434375281482E-005
  5.132913163225510E-005
  5.133399934442718E-005
  5.133893867894441E-005
  5.134394054042945E-005
  5.134899529261312E-005
  5.135409298294760E-005
  5.135922364995489E-005
  5.136437758836934E-005
  5.136954549434028E-005
  5.137471870500634E-005
  5.137988923994940E-005
  5.138505005178124E-005
  5.139019479502114E-005
  5.139531744413755E-005
  5.140041437797473E-005
  5.140548044670171E-005
  5.141051225865852E-005
  5.141550697740295E-005
  5.142046229264255E-005
  5.142537633299381E-005
  5.143024766425418E-005
  5.143507508131231E-005
  5.143985767537752E-005
  5.144459480507232E-005
  5.144928597567593E-005
  5.145393088361490E-005
  5.145852929102894E-005
  5.146308112171992E-005
  5.146758631618916E-005
  5.147204492274948E-005
  5.147645705420723E-005
  5.148082283927342E-005
  5.148514244570449E-005
  5.148941605559936E-005
  5.149364393066141E-005
  5.149782622598665E-005
  5.150196323518968E-005
  5.150605520721303E-005
  5.151010238983543E-005
  5.151410507157866E-005
  5.151806352826485E-005
  5.152197801445760E-005
  5.152584881522113E-005
  5.152967629045758E-005
  5.153346063161779E-005
  5.153720218671912E-005
  5.154090123028548E-005
  5.154455805846719E-005
  5.154817295860383E-005
  5.155174622009402E-005
  5.155527816259641E-005
  5.155876904596756E-005
  5.156221919949321E-005
  5.156562891178854E-005
  5.156899847704201E-005
  5.157232817278327E-005
  5.157561833094740E-005
  5.157886921307201E-005
  5.158208113149214E-005
  5.158525440523953E-005
  5.158838931496516E-005
  5.159148611749939E-005
  5.159454516762086E-005
  5.159756669057641E-005
  5.160055101785725E-005
  5.160349846722098E-005
  5.160640923430811E-005
  5.160928376358526E-005
  5.161212222580664E-005
  5.161492495543344E-005
  5.161769221407069E-005
  5.162042432732271E-005
  5.162312156149695E-005
  5.162578417502729E-005
  5.162841245938412E-005
  5.163100671525829E-005
  5.163356723167696E-005
  5.163609427387036E-005
  5.163858815262302E-005
  5.164104908530024E-005
  5.164347737435688E-005
  5.164587334330896E-005
  5.164823723413439E-005
  5.165056928615306E-005
  5.165286979372396E-005
  5.165513908066458E-005
  5.165737733401311E-005
  5.165958488898822E-005
  5.166176199601896E-005
  5.166390888566103E-005
  5.166602586321964E-005
  5.166811320255623E-005
  5.167017113765498E-005
  5.167219993321166E-005
  5.167419985973119E-005
  5.167617117493504E-005
  5.167811411530809E-005
  5.168002894851781E-005
  5.168191595907953E-005
  5.168377536502582E-005
  5.168560741214585E-005
  5.168741239536348E-005
  5.168919056357967E-005
  5.169094209250825E-005
  5.169266731590118E-005
  5.169436643719246E-005
  5.169603969783591E-005
  5.169768738016402E-005
  5.169930971134485E-005
  5.170090693081336E-005
  5.170247928250681E-005
  5.170402700725263E-005
  5.170555034459515E-005
  5.170704954131685E-005
  5.170852478663698E-005
  5.170997636558607E-005
  5.171140449187264E-005
  5.171280941741724E-005
  5.171419136264441E-005
  5.171555057369705E-005
  5.171688726644535E-005
  5.171820164355963E-005
  5.171949401551369E-005
  5.172076451842029E-005
  5.172201347858744E-005
  5.172324105636658E-005
  5.172444749709782E-005
  5.172563301290176E-005
  5.172679784878742E-005
  5.172794219389567E-005
  5.172906630394564E-005
  5.173017041282301E-005
  5.173125473513690E-005
  5.173231946554703E-005
  5.173336486610928E-005
  5.173439112749101E-005
  5.173539849221945E-005
  5.173638716400908E-005
  5.173735731410652E-005
  5.173830925235140E-005
  5.173924319731556E-005
  5.174015934936441E-005
  5.174105790715884E-005
  5.174193907837717E-005
  5.174280310148362E-005
  5.174365016901931E-005
  5.174448056691323E-005
  5.174529448627799E-005
  5.174609213710136E-005
  5.174687371948251E-005
  5.174763946575995E-005
  5.174838962328964E-005
  5.174912437526572E-005
  5.174984397040921E-005
  5.175054861112879E-005
  5.175123853492541E-005
  5.175191397281205E-005
  5.175257506792839E-005
  5.175322215644412E-005
  5.175385539193367E-005
  5.175447502500930E-005
  5.175508126911422E-005
  5.175567436198583E-005
  5.175625454337697E-005
  5.175682201832499E-005
  5.175737703551042E-005
  5.175791982370262E-005
  5.175845057349844E-005
  5.175896956329390E-005
  5.175947705275086E-005
  5.175997315661478E-005
  5.176045828305757E-005
  5.176093256190529E-005
  5.176139625536815E-005
  5.176184962605032E-005
  5.176229287629081E-005
  5.176272626299186E-005
  5.176315007013762E-005
  5.176356448999456E-005
  5.176396983082233E-005
  5.176436635079642E-005
  5.176475423972301E-005
  5.176513381643145E-005
  5.176550531271219E-005
  5.176586900850321E-005
  5.176622517808803E-005
  5.176657402129822E-005
  5.176691583502456E-005
  5.176725100946894E-005
  5.176757967112412E-005
  5.176790214268034E-005
  5.176821881002933E-005
  5.176852980827837E-005
  5.176883553266095E-005
  5.176913624410399E-005
  5.176943221073908E-005
  5.176972376023679E-005
  5.177001113405975E-005
  5.177029473966148E-005
  5.177057488016402E-005
  5.177085178449037E-005
  5.177112579608130E-005
  5.177139732269386E-005
  5.177166660888932E-005
  5.177193399978875E-005
  5.177219986465636E-005
  5.177246447122339E-005
  5.177272824302417E-005
  5.177299149012745E-005
  5.177325461020230E-005
  5.177351791364655E-005
  5.177378182240916E-005
  5.177404663305778E-005
  5.177431277599148E-005
  5.177458063364846E-005
  5.177485057735650E-005
  5.177512299277433E-005
  5.177539833713422E-005
  5.177567689976927E-005
  5.177595923114377E-005
  5.177624560493237E-005
  5.177653657313559E-005
  5.177683252703393E-005
  5.177713391826792E-005
  5.177744110604586E-005
  5.177775464479288E-005
  5.177807497799138E-005
  5.177840253813209E-005
  5.177873726959664E-005
  5.177907788691749E-005
  5.177942723069132E-005
  5.177978590865565E-005
  5.178015460225881E-005
  5.178053395244751E-005
  5.178092440474666E-005
  5.178132640259694E-005
  5.178174040427328E-005
  5.178216686226237E-005
  5.178260642659617E-005
  5.178305953289627E-005
  5.178352679090526E-005
  5.178400873954352E-005
  5.178450594747615E-005
  5.178501904649252E-005
  5.178554858073228E-005
  5.178609520269744E-005
  5.178665956257122E-005
  5.178724228111814E-005
  5.178784403950769E-005
  5.178846545816458E-005
  5.178910721494058E-005
  5.178976998599839E-005
  5.179045447040988E-005
  5.179116138134202E-005
  5.179189139550572E-005
  5.179264526981272E-005
  5.179342372385830E-005
  5.179422750592196E-005
  5.179505735994610E-005
  5.179591404411168E-005
  5.179679833080533E-005
  5.179771099920746E-005
  5.179865283726863E-005
  5.179962463727742E-005
  5.180062720885140E-005
  5.180166136391908E-005
  5.180272790250191E-005
  5.180382765905896E-005
  5.180496147974114E-005
  5.180613019048575E-005
  5.180733389182108E-005
  5.180856897342102E-005
  5.180984229580783E-005
  5.181115450635583E-005
  5.181250635038956E-005
  5.181389858726195E-005
  5.181533196826103E-005
  5.181680728821248E-005
  5.181832531088320E-005
  5.181988676562600E-005
  5.182149252900055E-005
  5.182314330199054E-005
  5.182483985868131E-005
  5.182658285519967E-005
  5.182837310391715E-005
  5.183021124699733E-005
  5.183209812870129E-005
  5.183403414004494E-005
  5.183602009935180E-005
  5.183805585686633E-005
  5.184013994985037E-005
  5.184227268202519E-005
  5.184445810751197E-005
  5.184669619578129E-005
  5.184898771466040E-005
  5.185133241460970E-005
  5.185373056856426E-005
  5.185618205314839E-005
  5.185868712396366E-005
  5.186124555722649E-005
  5.186385717872974E-005
  5.186652103177118E-005
  5.186923640328864E-005
  5.187200151415444E-005
  5.187481511801936E-005
  5.187767970764013E-005
  5.188059418850817E-005
  5.188355704069091E-005
  5.188656742130142E-005
  5.188962353134119E-005
  5.189272329383959E-005
  5.189586345613213E-005
  5.189904393744216E-005
  5.190225760200860E-005
  5.190550628389425E-005
  5.190878656354729E-005
  5.191209621671209E-005
  5.191543191830449E-005
  5.191878888886707E-005
  5.192216382745009E-005
  5.192555134931945E-005
  5.192894416486544E-005
  5.193234113025549E-005
  5.193573635438180E-005
  5.193912172580486E-005
  5.194248897289807E-005
  5.194584708540003E-005
  5.194918521781468E-005
  5.195249094883717E-005
  5.195575745560224E-005
  5.195897769069172E-005
  5.196214405888687E-005
  5.196524910221020E-005
  5.196828193086686E-005
  5.197123509942026E-005
  5.197410127096690E-005
  5.197687099711240E-005
  5.197953580574962E-005
  5.198208487343008E-005
  5.198450822938120E-005
  5.198679751882771E-005
  5.198894404496256E-005
  5.199093786130118E-005
  5.199276851983851E-005
  5.199442635454963E-005
  5.199590385106766E-005
  5.199719199448235E-005
  5.199828213521028E-005
  5.199916520579302E-005
  5.199983461637400E-005
  5.200028355948080E-005
  5.200050552961580E-005
  5.200049489063871E-005
  5.200024732944400E-005
  5.199975899331510E-005
  5.199902713043503E-005
  5.199805051542528E-005
  5.199682938297675E-005
  5.199536464114862E-005
  5.199365830137315E-005
  5.199171456840076E-005
  5.198953870453146E-005
  5.198719684507816E-005
  5.198466965071254E-005
  5.198195188774017E-005
  5.197905533885664E-005
  5.197599460675005E-005
  5.197278975165365E-005
  5.196945820903073E-005
  5.196601782822834E-005
  5.196249088974182E-005
  5.195890137954448E-005
  5.195527655462169E-005
  5.195164521939638E-005
  5.194803842946740E-005
  5.194447977666285E-005
  5.194101521029857E-005
  5.193768318968961E-005
  5.193448758184108E-005
  5.193147486458179E-005
  5.192868272811433E-005
  5.192614507493707E-005
  5.192389723736716E-005
  5.192197379325395E-005
  5.192040601766364E-005
  5.191922448494467E-005
  5.191845714659267E-005
  5.191812867892062E-005
  5.191826236332246E-005
  5.191887244183356E-005
  5.191997331216446E-005
  5.192156599904701E-005
  5.192365577016703E-005
  5.192623473519405E-005
  5.192927661108816E-005
  5.193277154704835E-005
  5.193668508758311E-005
  5.194097969170844E-005
  5.194559804308275E-005
  5.195048601014102E-005
  5.195557960433385E-005
  5.196079738277378E-005
  5.196605753701936E-005
  5.197127320145647E-005
  5.197634101242383E-005
  5.198116989919862E-005
  5.198565677943405E-005
  5.198970536926533E-005
  5.199322083146629E-005
  5.199611947444910E-005
  5.199832578441967E-005
  5.199978213877538E-005
  5.200044685095636E-005
  5.200030266698658E-005
  5.199935656635624E-005
  5.199763921829913E-005
  5.199520748408650E-005
  5.199214478641663E-005
  5.198855649953214E-005
  5.198457100660204E-005
  5.198032733683635E-005
  5.197597827301750E-005
  5.197167041192594E-005
  5.196754780259085E-005
  5.196373711196670E-005
  5.196033677924339E-005
  5.195742592812416E-005
  5.195504892488964E-005
  5.195321235753542E-005
  5.195190099355470E-005
  5.195107717526670E-005
  5.195069007167042E-005
  5.195068259252215E-005
  5.195098312168071E-005
  5.195153342853778E-005
  5.195228208178659E-005
  5.195318594418728E-005
  5.195423514188477E-005
  5.195536791902984E-005
  5.195656418612503E-005
  5.195781083735144E-005
  5.195909758462253E-005
  5.196041613817396E-005
  5.196175957000291E-005
  5.196312227490272E-005
  5.196449930645791E-005
  5.196588657665761E-005
  5.196727996950358E-005
  5.196867628785575E-005
  5.197007195729790E-005
  5.197146415891646E-005
  5.197284979039232E-005
  5.197422636031449E-005
  5.197559106429805E-005
  5.197694146365027E-005
  5.197827507631600E-005
  5.197958957954597E-005
  5.198088272368113E-005
  5.198215232750841E-005
  5.198339617281131E-005
  5.198461208655806E-005
  5.198579810131299E-005
  5.198695259835896E-005
  5.198807272644274E-005
  5.198915685802284E-005
  5.199020307996658E-005
  5.199120986072954E-005
  5.199217424587916E-005
  5.199309520380692E-005
  5.199397069990245E-005
  5.199479928149196E-005
  5.199557824372662E-005
  5.199630547223209E-005
  5.199697959169742E-005
  5.199759879041216E-005
  5.199816121088800E-005
  5.199866502976418E-005
  5.199910837083829E-005
  5.199948937448823E-005
  5.199980616006560E-005
  5.200005685801468E-005
  5.200023958733482E-005
  5.200035246665714E-005
  5.200039360242164E-005
  5.200036109267575E-005
  5.200025299640454E-005
  5.200006743317472E-005
  5.199980243803585E-005
  5.199945607886875E-005
  5.199902639167652E-005
  5.199851138992741E-005
  5.199790911118540E-005
  5.199721755169139E-005
  5.199643464788191E-005
  5.199555835700110E-005
  5.199458672086553E-005
  5.199351744361388E-005
  5.199234862338893E-005
  5.199107794660875E-005
  5.198970316481414E-005
  5.198822242464595E-005
  5.198663413265428E-005
  5.198493724082278E-005
  5.198312859511562E-005
  5.198120553469700E-005
  5.197916598329140E-005
  5.197700818121831E-005
  5.197472918113004E-005
  5.197232698443227E-005
  5.196979880539111E-005
  5.196714259572010E-005
  5.196435634843918E-005
  5.196143790461463E-005
  5.195838460795211E-005
  5.195519385478194E-005
  5.195186373887349E-005
  5.194839117296374E-005
  5.194477402249340E-005
  5.194100965236809E-005
  5.193709546727599E-005
  5.193302894578880E-005
  5.192880791923588E-005
  5.192442886668561E-005
  5.191989002450260E-005
  5.191518847266901E-005
  5.191032159360009E-005
  5.190528603969835E-005
  5.190008007397525E-005
  5.189470031484524E-005
  5.188914393291388E-005
  5.188340830386570E-005
  5.187749047596115E-005
  5.187138739268847E-005
  5.186509643497412E-005
  5.185861464464930E-005
  5.185193864761737E-005
  5.184506544133160E-005
  5.183799242946106E-005
  5.183071598246000E-005
  5.182323354832731E-005
  5.181554076341283E-005
  5.180763552946677E-005
  5.179951418987675E-005
  5.179117344935812E-005
  5.178261007225386E-005
  5.177382031976636E-005
  5.176480110200691E-005
  5.175554832119689E-005
  5.174606005263732E-005
  5.173633069837955E-005
  5.172635843743719E-005
  5.171617762484155E-005
  5.170625725984712E-005
  5.169558823732112E-005
  5.168465718179410E-005
  5.167346352843463E-005
  5.166200294516661E-005
  5.165027224350998E-005
  5.163826527375679E-005
  5.162597994279525E-005
  5.161341078781854E-005
  5.160055443192417E-005
  5.158740477126293E-005
  5.157395899541988E-005
  5.156020984578581E-005
  5.154615313433498E-005
  5.153178489151867E-005
  5.151709772133331E-005
  5.150208611513638E-005
  5.148674356810411E-005
  5.147106247757195E-005
  5.145503364704914E-005
  5.143864453028989E-005
  5.142186897245666E-005
  5.140444645668295E-005
  5.138645910830754E-005
  5.136863556772810E-005
  5.135054921371571E-005
  5.133210041760171E-005
  5.131328074470990E-005
  5.129408496137538E-005
  5.127450507950101E-005
  5.125453723949491E-005
  5.123417358811378E-005
  5.121347010695661E-005
  5.119238167741441E-005
  5.117091581380007E-005
  5.114907318139554E-005
  5.112686758554998E-005
  5.110431151008431E-005
  5.108143540294310E-005
  5.105827185031267E-005
  5.103488383925576E-005
  5.101135997494891E-005
  5.098783069364144E-005
  5.096448502438840E-005
  5.094159843293622E-005
  5.091955986355822E-005
  5.089888457036977E-005
  5.088021430381412E-005
  5.086436711437227E-005
  5.085224530686919E-005
  5.084474233862324E-005
  5.084341560395770E-005
  5.084738391136675E-005
  5.085194402922745E-005
  5.085707549411652E-005
  5.086271410116602E-005
  5.086882771330697E-005
  5.087546637294431E-005
  5.088264667239923E-005
  5.089029706489243E-005
  5.089841010907195E-005
  5.090702155137357E-005
  5.091604821713407E-005
  5.092553205371920E-005
  5.093543904880777E-005
  5.094573880768341E-005
  5.095643652404900E-005
  5.096751634086441E-005
  5.097896039342321E-005
  5.099075733401192E-005
  5.100284527406258E-005
  5.101525031320513E-005
  5.102793334693075E-005
  5.104087477736170E-005
  5.105405831032610E-005
  5.106746285079840E-005
  5.108106042117262E-005
  5.109483311606329E-005
  5.110875247146573E-005
  5.112280299016854E-005
  5.113696830826574E-005
  5.115119555991735E-005
  5.116548756148895E-005
  5.117980940498591E-005
  5.119413768397797E-005
  5.120845341945353E-005
  5.122271987205238E-005
  5.123692371261370E-005
  5.125103147249115E-005
  5.126501770552994E-005
  5.127886425720293E-005
  5.129254384564003E-005
  5.130602828946974E-005
  5.131929324909962E-005
  5.133231180028720E-005
  5.134506249967754E-005
  5.130850254559564E-005
  5.125908365485124E-005
  5.120815938152621E-005
  5.115571741779823E-005
  5.110174985633121E-005
  5.104624989160593E-005
  5.098920375016889E-005
  5.093059351128577E-005
  5.087040258997308E-005
  5.080860826428695E-005
  5.074518565212859E-005
  5.068010466204334E-005
  5.061333259176588E-005
  5.054483482706166E-005
  5.047457625630044E-005
  5.040251196399767E-005
  5.032859418290838E-005
  5.025277436116518E-005
  5.017500008860831E-005
  5.009521376778196E-005
  5.001335443324597E-005
  4.992935628507313E-005
  4.984315032015244E-005
  4.975466294953125E-005
  4.966381639511421E-005
  4.957052902234903E-005
  4.947471347480408E-005
  4.937627704591716E-005
  4.927512344437175E-005
  4.917114984109313E-005
  4.906424683275896E-005
  4.895430379820901E-005
  4.884120174765506E-005
  4.872481518977865E-005
  4.860501370716123E-005
  4.848166010500137E-005
  4.835460838381958E-005
  4.822370831246268E-005
  4.808880072043217E-005
  4.794971658648156E-005
  4.780628597892091E-005
  4.765831929271347E-005
  4.750563300919453E-005
  4.734802773596640E-005
  4.718529763373781E-005
  4.701722090503530E-005
  4.684357117731458E-005
  4.666411423824964E-005
  4.647860168482518E-005
  4.628677478926767E-005
  4.608835743117360E-005
  4.588307616018929E-005
  4.567064130311592E-005
  4.545074785796976E-005
  4.522307681209954E-005
  4.498729882955461E-005
  4.474307372187728E-005
  4.449004985126957E-005
  4.422785325545701E-005
  4.395609986074704E-005
  4.367440188919169E-005
  4.338235037957637E-005
  4.307952356277832E-005
  4.276548523260688E-005
  4.243979157678613E-005
  4.210198045135492E-005
  4.175157253651520E-005
  4.138809698019958E-005
  4.101104675411949E-005
  4.061993070700491E-005
  4.021422735495289E-005
  3.979341271903246E-005
  3.935696693331692E-005
  3.890436608896987E-005
  3.843507429246316E-005
  3.794856746263560E-005
  3.744431439920584E-005
  3.692180447886114E-005
  3.638050977483665E-005
  3.581996653361833E-005
  3.523967149763014E-005
  3.463918936782821E-005
  3.401811862247795E-005
  3.337602007627606E-005
  3.271258000508351E-005
  3.202748354541056E-005
  3.132043481293031E-005
  3.059132259365979E-005
  2.984006417871807E-005
  2.906633411750889E-005
  2.827042308813222E-005
  2.745236801229215E-005
  2.661235915627674E-005
  2.575026926666086E-005
  2.486701018207380E-005
  2.396155271904707E-005
  2.303652739085101E-005
