  2.871361653596703E-005
  5.294086324557613E-006
  4.157356671824706E-006
  3.209006903693832E-006
  2.423464536852865E-006
  1.800888093559424E-006
  1.200000017881393E-006
  1.200000017881393E-006
  1.200000017881393E-006
  1.200000017881393E-006
  1.200000017881393E-006
  1.200000017881393E-006
  1.200000017881393E-006
  1.200000017881393E-006
  1.200000017881393E-006
  1.200000017881393E-006
  1.200000017881393E-006
  1.200000017881393E-006
  1.200000017881393E-006
  1.200000017881393E-006
  1.200000017881393E-006
  1.200000017881393E-006
  1.200000017881393E-006
  1.200000017881393E-006
  1.200000017881393E-006
  1.200000017881393E-006
  1.200000017881393E-006
  1.200000017881393E-006
  1.200000017881393E-006
  1.200000017881393E-006
  1.200000017881393E-006
  1.200000017881393E-006
  1.200000017881393E-006
  1.200000017881393E-006
  1.200000017881393E-006
  1.200000017881393E-006
  1.200000017881393E-006
  1.200000017881393E-006
  1.200000017881393E-006
  1.200000017881393E-006
  1.200000017881393E-006
  1.200000017881393E-006
  1.200000017881393E-006
  1.200000017881393E-006
  1.200000017881393E-006
  1.200000017881393E-006
  1.200000017881393E-006
  1.200000017881393E-006
  1.200000017881393E-006
  1.200000017881393E-006
  1.200000017881393E-006
  1.200000017881393E-006
  1.200000017881393E-006
  1.200000017881393E-006
  1.200000017881393E-006
  1.200000017881393E-006
  1.200000017881393E-006
  1.200000017881393E-006
  1.200000017881393E-006
  1.200000017881393E-006
  1.200000017881393E-006
  1.200000017881393E-006
  1.200000017881393E-006
  1.200000017881393E-006
  1.200000017881393E-006
  1.200000017881393E-006
  1.200000017881393E-006
  1.200000017881393E-006
  1.200000017881393E-006
  1.200000017881393E-006
  1.200000017881393E-006
  1.200000017881393E-006
  1.200000017881393E-006
  1.200000017881393E-006
  1.200000017881393E-006
  1.200000017881393E-006
  1.200000017881393E-006
  1.200000017881393E-006
  1.200000017881393E-006
  1.200000017881393E-006
  1.200000017881393E-006
  1.200000017881393E-006
  1.200000017881393E-006
  1.200000017881393E-006
  1.200000017881393E-006
  1.200000017881393E-006
  1.200000017881393E-006
  1.200000017881393E-006
  1.200000017881393E-006
  1.200000017881393E-006
  1.200000017881393E-006
  1.200000017881393E-006
  1.200000017881393E-006
  1.200000017881393E-006
  1.200000017881393E-006
  1.200000017881393E-006
  1.200000017881393E-006
  1.200000017881393E-006
  1.200000017881393E-006
  1.200000017881393E-006
  1.200000017881393E-006
  1.200000017881393E-006
  1.200000017881393E-006
  1.200000017881393E-006
  1.200000017881393E-006
  1.200000017881393E-006
  1.200000017881393E-006
  1.200000017881393E-006
  1.200000017881393E-006
  1.200000017881393E-006
  1.200000017881393E-006
  1.200000017881393E-006
  1.200000017881393E-006
  1.200000017881393E-006
  1.200000017881393E-006
  1.200000017881393E-006
  1.200000017881393E-006
  1.200000017881393E-006
  1.200000017881393E-006
  1.200000017881393E-006
  1.200000017881393E-006
  1.200000017881393E-006
  1.200000017881393E-006
  1.200000017881393E-006
  1.200000017881393E-006
  1.200000017881393E-006
  1.200000017881393E-006
  1.200000017881393E-006
  1.200000017881393E-006
  1.200000017881393E-006
  1.200000017881393E-006
  1.200000017881393E-006
  1.200000017881393E-006
  1.200000017881393E-006
  1.200000017881393E-006
  1.200000017881393E-006
  1.200000017881393E-006
  1.200000017881393E-006
  1.200000017881393E-006
  1.200000017881393E-006
  1.200000017881393E-006
  1.200000017881393E-006
  1.200000017881393E-006
  1.200000017881393E-006
  1.200000017881393E-006
  1.200000017881393E-006
  1.200000017881393E-006
  1.200000017881393E-006
  1.200000017881393E-006
  1.200000017881393E-006
  1.200000017881393E-006
  1.200000017881393E-006
  1.200000017881393E-006
  1.200000017881393E-006
  1.200000017881393E-006
  1.200000017881393E-006
  1.200000017881393E-006
  1.200000017881393E-006
  1.200000017881393E-006
  1.200000017881393E-006
  1.200000017881393E-006
  1.200000017881393E-006
  1.200000017881393E-006
  1.200000017881393E-006
  1.200000017881393E-006
  1.200000017881393E-006
  1.200000017881393E-006
  1.200000017881393E-006
  1.200000017881393E-006
  1.200000017881393E-006
  1.200000017881393E-006
  1.200000017881393E-006
  1.200000017881393E-006
  1.200000017881393E-006
  1.200000017881393E-006
  1.200000017881393E-006
  1.200000017881393E-006
  1.200000017881393E-006
  1.200000017881393E-006
  1.200000017881393E-006
  1.200000017881393E-006
  1.200000017881393E-006
  1.200000017881393E-006
  1.200000017881393E-006
  1.200000017881393E-006
  1.200000017881393E-006
  1.200000017881393E-006
  1.200000017881393E-006
  1.200000017881393E-006
  1.200000017881393E-006
  1.200000017881393E-006
  1.200000017881393E-006
  1.200000017881393E-006
  1.200000017881393E-006
  1.200000017881393E-006
  1.200000017881393E-006
  1.200000017881393E-006
  1.200000017881393E-006
  1.200000017881393E-006
  1.200000017881393E-006
  1.200000017881393E-006
  1.200000017881393E-006
  1.200000017881393E-006
  1.200000017881393E-006
  1.200000017881393E-006
  1.200000017881393E-006
  1.200000017881393E-006
  1.200000017881393E-006
  1.200000017881393E-006
  1.200000017881393E-006
  1.200000017881393E-006
  1.200000017881393E-006
  1.200000017881393E-006
  1.200000017881393E-006
  1.200000017881393E-006
  1.200000017881393E-006
  1.200000017881393E-006
  1.200000017881393E-006
  1.200000017881393E-006
  1.200000017881393E-006
  1.200000017881393E-006
  1.200000017881393E-006
  1.200000017881393E-006
  1.200000017881393E-006
  1.200000017881393E-006
  1.200000017881393E-006
  1.200000017881393E-006
  1.200000017881393E-006
  1.200000017881393E-006
  1.200000017881393E-006
  1.200000017881393E-006
  1.200000017881393E-006
  1.200000017881393E-006
  1.200000017881393E-006
  1.200000017881393E-006
  1.200000017881393E-006
  1.200000017881393E-006
  1.200000017881393E-006
  1.200000017881393E-006
  1.200000017881393E-006
  1.200000017881393E-006
  1.200000017881393E-006
  1.200000017881393E-006
  1.200000017881393E-006
  1.200000017881393E-006
  1.200000017881393E-006
  1.200000017881393E-006
  1.200000017881393E-006
  1.200000017881393E-006
  1.200000017881393E-006
  1.200000017881393E-006
  1.200000017881393E-006
  1.200000017881393E-006
  1.200000017881393E-006
  1.200000017881393E-006
  1.200000017881393E-006
  1.200000017881393E-006
  1.200000017881393E-006
  1.200000017881393E-006
  1.200000017881393E-006
  1.200000017881393E-006
  1.200000017881393E-006
  1.200000017881393E-006
  1.200000017881393E-006
  1.200000017881393E-006
  1.200000017881393E-006
  1.200000017881393E-006
  1.200000017881393E-006
  1.200000017881393E-006
  1.200000017881393E-006
  1.200000017881393E-006
  1.200000017881393E-006
  1.200000017881393E-006
  1.200000017881393E-006
  1.200000017881393E-006
  1.200000017881393E-006
  1.200000017881393E-006
  1.200000017881393E-006
  1.200000017881393E-006
  1.200000017881393E-006
  1.200000017881393E-006
  1.200000017881393E-006
  1.200000017881393E-006
  1.200000017881393E-006
  1.200000017881393E-006
  1.200000017881393E-006
  1.200000017881393E-006
  1.200000017881393E-006
  1.200000017881393E-006
  1.200000017881393E-006
  1.200000017881393E-006
  1.200000017881393E-006
  1.200000017881393E-006
  1.200000017881393E-006
  1.200000017881393E-006
  1.200000017881393E-006
  1.200000017881393E-006
  1.200000017881393E-006
  1.200000017881393E-006
  1.200000017881393E-006
  1.200000017881393E-006
  1.200000017881393E-006
  1.200000017881393E-006
  1.200000017881393E-006
  1.200000017881393E-006
  1.200000017881393E-006
  1.200000017881393E-006
  1.200000017881393E-006
  1.200000017881393E-006
  1.200000017881393E-006
  1.200000017881393E-006
  1.200000017881393E-006
  1.200000017881393E-006
  1.200000017881393E-006
  1.200000017881393E-006
  1.200000017881393E-006
  1.200000017881393E-006
  1.200000017881393E-006
  1.200000017881393E-006
  1.200000017881393E-006
  1.200000017881393E-006
  1.200000017881393E-006
  1.200000017881393E-006
  1.200000017881393E-006
  1.200000017881393E-006
  1.200000017881393E-006
  1.200000017881393E-006
  1.200000017881393E-006
  1.200000017881393E-006
  1.200000017881393E-006
  1.200000017881393E-006
  1.200000017881393E-006
  1.200000017881393E-006
  1.200000017881393E-006
  1.200000017881393E-006
  1.200000017881393E-006
  1.200000017881393E-006
  1.200000017881393E-006
  1.200000017881393E-006
  1.200000017881393E-006
  1.200000017881393E-006
  1.200000017881393E-006
  1.200000017881393E-006
  1.200000017881393E-006
  1.200000017881393E-006
  1.200000017881393E-006
  1.200000017881393E-006
  1.200000017881393E-006
  1.200000017881393E-006
  1.200000017881393E-006
  1.200000017881393E-006
  1.200000017881393E-006
  1.200000017881393E-006
  1.200000017881393E-006
  1.200000017881393E-006
  1.200000017881393E-006
  1.200000017881393E-006
  1.200000017881393E-006
  1.200000017881393E-006
  1.200000017881393E-006
  1.200000017881393E-006
  1.200000017881393E-006
  1.200000017881393E-006
  1.200000017881393E-006
  1.200000017881393E-006
  1.200000017881393E-006
  1.200000017881393E-006
  1.200000017881393E-006
  1.200000017881393E-006
  1.200000017881393E-006
  1.200000017881393E-006
  1.200000017881393E-006
  1.200000017881393E-006
  1.200000017881393E-006
  1.200000017881393E-006
  1.200000017881393E-006
  1.200000017881393E-006
  1.200000017881393E-006
  1.200000017881393E-006
  1.200000017881393E-006
  1.200000017881393E-006
  1.200000017881393E-006
  1.200000017881393E-006
  1.200000017881393E-006
  1.200000017881393E-006
  1.200000017881393E-006
  1.200000017881393E-006
  1.200000017881393E-006
  1.200000017881393E-006
  1.200000017881393E-006
  1.200000017881393E-006
  1.200000017881393E-006
  1.200000017881393E-006
  1.200000017881393E-006
  1.200000017881393E-006
  1.200000017881393E-006
  1.200000017881393E-006
  1.200000017881393E-006
  1.200000017881393E-006
  1.200000017881393E-006
  1.200000017881393E-006
  1.200000017881393E-006
  1.200000017881393E-006
  1.200000017881393E-006
  1.200000017881393E-006
  1.200000017881393E-006
  1.200000017881393E-006
  1.200000017881393E-006
  1.200000017881393E-006
  1.200000017881393E-006
  1.200000017881393E-006
  1.200000017881393E-006
  1.200000017881393E-006
  1.200000017881393E-006
  1.200000017881393E-006
  1.200000017881393E-006
  1.200000017881393E-006
  1.200000017881393E-006
  1.200000017881393E-006
  1.200000017881393E-006
  1.200000017881393E-006
  1.200000017881393E-006
  1.200000017881393E-006
  1.200000017881393E-006
  1.200000017881393E-006
  1.200000017881393E-006
  1.200000017881393E-006
  1.200000017881393E-006
  1.200000017881393E-006
  1.200000017881393E-006
  1.200000017881393E-006
  1.200000017881393E-006
  1.200000017881393E-006
  1.200000017881393E-006
  1.200000017881393E-006
  1.200000017881393E-006
  1.200000017881393E-006
  1.200000017881393E-006
  1.200000017881393E-006
  1.200000017881393E-006
  1.200000017881393E-006
  1.200000017881393E-006
  1.200000017881393E-006
  1.200000017881393E-006
  1.200000017881393E-006
  1.200000017881393E-006
  1.200000017881393E-006
  1.200000017881393E-006
  1.200000017881393E-006
  1.200000017881393E-006
  1.200000017881393E-006
  1.200000017881393E-006
  1.200000017881393E-006
  1.200000017881393E-006
  1.200000017881393E-006
  1.200000017881393E-006
  1.200000017881393E-006
  1.200000017881393E-006
  1.200000017881393E-006
  1.200000017881393E-006
  1.200000017881393E-006
  1.200000017881393E-006
  1.200000017881393E-006
  1.200000017881393E-006
  1.200000017881393E-006
  1.200000017881393E-006
  1.200000017881393E-006
  1.200000017881393E-006
  1.200000017881393E-006
  1.200000017881393E-006
  1.200000017881393E-006
  1.200000017881393E-006
  1.200000017881393E-006
  1.200000017881393E-006
  1.200000017881393E-006
  1.200000017881393E-006
  1.200000017881393E-006
  1.200000017881393E-006
  1.200000017881393E-006
  1.200000017881393E-006
  1.200000017881393E-006
  1.200000017881393E-006
  1.200000017881393E-006
  1.200000017881393E-006
  1.200000017881393E-006
  1.200000017881393E-006
  1.200000017881393E-006
  1.200000017881393E-006
  1.200000017881393E-006
  1.200000017881393E-006
  1.200000017881393E-006
  1.200000017881393E-006
  1.200000017881393E-006
  1.200000017881393E-006
  1.200000017881393E-006
  1.200000017881393E-006
  1.200000017881393E-006
  1.200000017881393E-006
  1.200000017881393E-006
  1.200000017881393E-006
  1.200000017881393E-006
  1.200000017881393E-006
  1.200000017881393E-006
  1.200000017881393E-006
  1.200000017881393E-006
  1.200000017881393E-006
  1.200000017881393E-006
  1.200000017881393E-006
  1.200000017881393E-006
  1.200000017881393E-006
  1.200000017881393E-006
  1.200000017881393E-006
  1.200000017881393E-006
  1.200000017881393E-006
  1.200000017881393E-006
  1.200000017881393E-006
  1.200000017881393E-006
  1.200000017881393E-006
  1.200000017881393E-006
  1.200000017881393E-006
  1.200000017881393E-006
  1.200000017881393E-006
  1.200000017881393E-006
  1.200000017881393E-006
  1.200000017881393E-006
  1.200000017881393E-006
  1.200000017881393E-006
  1.200000017881393E-006
  1.200000017881393E-006
  1.200000017881393E-006
  1.200000017881393E-006
  1.200000017881393E-006
  1.200000017881393E-006
  1.200000017881393E-006
  1.200000017881393E-006
  1.200000017881393E-006
  1.200000017881393E-006
  1.200000017881393E-006
  1.200000017881393E-006
  1.200000017881393E-006
  1.200000017881393E-006
  1.200000017881393E-006
  1.200000017881393E-006
  1.200000017881393E-006
  1.200000017881393E-006
  1.200000017881393E-006
  1.200000017881393E-006
  1.200000017881393E-006
  1.200000017881393E-006
  1.200000017881393E-006
  1.200000017881393E-006
  1.200000017881393E-006
  1.200000017881393E-006
  1.200000017881393E-006
  1.200000017881393E-006
  1.200000017881393E-006
  1.200000017881393E-006
  1.200000017881393E-006
  1.200000017881393E-006
  1.200000017881393E-006
  1.200000017881393E-006
  1.200000017881393E-006
  1.200000017881393E-006
  1.200000017881393E-006
  1.200000017881393E-006
  1.200000017881393E-006
  1.200000017881393E-006
  1.200000017881393E-006
  1.200000017881393E-006
  1.200000017881393E-006
  1.200000017881393E-006
  1.200000017881393E-006
  1.200000017881393E-006
  1.200000017881393E-006
  1.200000017881393E-006
  1.200000017881393E-006
  1.200000017881393E-006
  1.200000017881393E-006
  1.200000017881393E-006
  1.200000017881393E-006
  1.200000017881393E-006
  1.200000017881393E-006
  1.363001972218697E-007
  2.937330028509305E-007
  4.513648259031796E-007
  6.091944946914463E-007
  7.672187403621276E-007
  9.254337726894312E-007
  1.083836239737087E-006
  1.242421327432219E-006
  1.401185385881056E-006
  1.560124080703692E-006
  1.719232706658827E-006
  1.878507596682244E-006
  2.037944385649525E-006
  2.197538701753006E-006
  2.357285794014102E-006
  2.517181924838283E-006
  2.677222537395795E-006
  2.837403591604727E-006
  2.997720322199855E-006
  3.158168372053747E-006
  3.318742993704883E-006
  3.479440483493524E-006
  3.640256129822619E-006
  3.801185467838419E-006
  3.962223882616688E-006
  4.123367024464539E-006
  4.284610362169621E-006
  4.445949574412742E-006
  4.607379854356774E-006
  4.768896889929867E-006
  4.930496107002367E-006
  5.092173127007625E-006
  5.253922766417496E-006
  5.415741209247151E-006
  5.577623961077250E-006
  5.739565389193720E-006
  5.901561966032157E-006
  6.063609142728155E-006
  6.225701449220635E-006
  6.387835017968502E-006
  6.550005036437625E-006
  6.712206599799657E-006
  6.874435753241843E-006
  7.036687194574597E-006
  7.198956968723472E-006
  7.361239996987315E-006
  7.523531756316161E-006
  7.685827896067934E-006
  7.848122864873112E-006
  8.010413347543159E-006
  8.172693755848005E-006
  8.334959981632841E-006
  8.497207015095592E-006
  8.659430683295789E-006
  8.821626326154913E-006
  8.983789121550153E-006
  9.145914349340380E-006
  9.307997670913445E-006
  9.470034171266478E-006
  9.632020039278663E-006
  9.793949656280789E-006
  9.955819300727963E-006
  1.011762359298859E-005
  1.027935862773521E-005
  1.044101980151931E-005
  1.060260235880648E-005
  1.076410190984293E-005
  1.092551335610784E-005
  1.108683315060229E-005
  1.124805620236428E-005
  1.140917802789526E-005
  1.157019469982052E-005
  1.173110081464255E-005
  1.189189262660556E-005
  1.205256567564585E-005
  1.221311482031746E-005
  1.237353658001942E-005
  1.253382644537766E-005
  1.269397919490173E-005
  1.285399111046054E-005
  1.301385783097595E-005
  1.317357515691688E-005
  1.333313872751949E-005
  1.349254402771931E-005
  1.365178716377822E-005
  1.381086308585618E-005
  1.396976839045368E-005
  1.412849883716776E-005
  1.428704976278813E-005
  1.444541730503014E-005
  1.460359710439637E-005
  1.476158463200985E-005
  1.491937717850968E-005
  1.507696961588031E-005
  1.523435791069802E-005
  1.539153825744288E-005
  1.554850617429055E-005
  1.570525880651567E-005
  1.586179093675371E-005
  1.601809986964727E-005
  1.617418077221360E-005
  1.633003010857913E-005
  1.648564372395897E-005
  1.664101815516491E-005
  1.679614907847353E-005
  1.695103371174780E-005
  1.710566750371860E-005
  1.726004702706360E-005
  1.741416818538582E-005
  1.756802807671561E-005
  1.772162273839205E-005
  1.787494819683499E-005
  1.802800189561718E-005
  1.818077902397521E-005
  1.833327627090303E-005
  1.848549173805492E-005
  1.863742027225229E-005
  1.878905864303804E-005
  1.894040490259816E-005
  1.909145435251765E-005
  1.924220346150998E-005
  1.939264946085121E-005
  1.954279033566051E-005
  1.969262100141080E-005
  1.984213851245239E-005
  1.999133999029905E-005
  2.014022406085911E-005
  2.028878576692553E-005
  2.043702196921058E-005
  2.058492983954189E-005
  2.073250606439200E-005
  2.087974941639536E-005
  2.102665648791567E-005
  2.117322347894252E-005
  2.131944755553159E-005
  2.146532615050648E-005
  2.161085671648175E-005
  2.175603597913161E-005
  2.190086245623891E-005
  2.204533323259089E-005
  2.218944528749521E-005
  2.233319629381687E-005
  2.247658294461481E-005
  2.261960315121473E-005
  2.276225435263875E-005
  2.290453445766671E-005
  2.304644091994721E-005
  2.318797088760177E-005
  2.332912265005913E-005
  2.346989422726368E-005
  2.361028258098974E-005
  2.375028597307577E-005
  2.388990204951125E-005
  2.402912901193638E-005
  2.416796451336897E-005
  2.430640617001435E-005
  2.444445256181071E-005
  2.458210163276673E-005
  2.471935107231094E-005
  2.485619933780043E-005
  2.499264330718485E-005
  2.512868233959694E-005
  2.526431509640672E-005
  2.539953886504010E-005
  2.553435234468239E-005
  2.566875348745967E-005
  2.580273997460254E-005
  2.593631155060625E-005
  2.606946623985939E-005
  2.620220247115929E-005
  2.633451854153895E-005
  2.646641290584611E-005
  2.659788493938015E-005
  2.672893174165879E-005
  2.685955229208569E-005
  2.698974626790890E-005
  2.711951151674615E-005
  2.724884740669720E-005
  2.737775256420257E-005
  2.750622585965941E-005
  2.763426438143032E-005
  2.776186931400350E-005
  2.788903823669101E-005
  2.801577150825333E-005
  2.814206642878222E-005
  2.826792297509707E-005
  2.839333901684963E-005
  2.851831537176853E-005
  2.864285075527329E-005
  2.876694326052359E-005
  2.889059227677958E-005
  2.901379773297274E-005
  2.913655938449382E-005
  2.925887459486861E-005
  2.938074411449840E-005
  2.950216638789235E-005
  2.962314219758587E-005
  2.974366942824225E-005
  2.986374749626362E-005
  2.998337787117816E-005
  3.010255829349419E-005
  3.022128762346730E-005
  3.033956725648803E-005
  3.045739607691642E-005
  3.057477289879082E-005
  3.069169821893208E-005
  3.080817178693977E-005
  3.092419304924498E-005
  3.103976113773020E-005
  3.115487681832877E-005
  3.126953950312599E-005
  3.138374864746045E-005
  3.149750475732612E-005
  3.161080728022008E-005
  3.172365590440986E-005
  3.183605134417018E-005
  3.194799259435945E-005
  3.205947976040965E-005
  3.217051433694720E-005
  3.228109387590141E-005
  3.239121998944595E-005
  3.250089336724877E-005
  3.261011240702084E-005
  3.271887840092572E-005
  3.282719174125285E-005
  3.293505088601100E-005
  3.304245824254849E-005
  3.314941282212257E-005
  3.325591442805110E-005
  3.336196494597396E-005
  3.346756262041713E-005
  3.357270963959395E-005
  3.367740565730813E-005
  3.378165065803294E-005
  3.388544578692711E-005
  3.398879020211474E-005
  3.409168574738375E-005
  3.419413224110476E-005
  3.429612999505638E-005
  3.439768050873023E-005
  3.449878267070365E-005
  3.459943832852963E-005
  3.469964707717045E-005
  3.479941026891922E-005
  3.489872856984869E-005
  3.499760173652223E-005
  3.509603188216695E-005
  3.519401749142012E-005
  3.529156147973276E-005
  3.538866293279900E-005
  3.548532347888313E-005
  3.558154363103193E-005
  3.567732370374522E-005
  3.577266551681362E-005
  3.586756840951501E-005
  3.596203466565276E-005
  3.605606329348273E-005
  3.614965686478507E-005
  3.624281510826423E-005
  3.633553963066849E-005
  3.642783096660241E-005
  3.651969004201349E-005
  3.661111810786220E-005
  3.670211487501890E-005
  3.679268303156963E-005
  3.688282176885959E-005
  3.697253387196513E-005
  3.706181855800134E-005
  3.715067828983525E-005
  3.723911281196910E-005
  3.732712424840578E-005
  3.741471279737498E-005
  3.750188017712641E-005
  3.758862690643409E-005
  3.767495425353523E-005
  3.776086355496091E-005
  3.784635549150024E-005
  3.793143171739236E-005
  3.801609201295296E-005
  3.810033917435236E-005
  3.818417297801273E-005
  3.826759600831955E-005
  3.835060788100178E-005
  3.843321140363382E-005
  3.851540604625006E-005
  3.859719444591501E-005
  3.867857629366758E-005
  3.875955428387790E-005
  3.884012850637777E-005
  3.892030141271014E-005
  3.900007314447337E-005
  3.907944511682795E-005
  3.915841854179257E-005
  3.923699541047365E-005
  3.931517606605045E-005
  3.939296294485476E-005
  3.947035563710368E-005
  3.954735668204391E-005
  3.962396702913371E-005
  3.970018844553480E-005
  3.977602125293692E-005
  3.985146735341256E-005
  3.992652796552266E-005
  4.000120485672448E-005
  4.007549869302984E-005
  4.014941075883938E-005
  4.022294328386527E-005
  4.029609727075694E-005
  4.036887279073041E-005
  4.044127260712547E-005
  4.051329817946316E-005
  4.058495012075285E-005
  4.065623000382586E-005
  4.072713958819849E-005
  4.079768027495897E-005
  4.086785235118604E-005
  4.093765862860166E-005
  4.100709978748647E-005
  4.107617708449588E-005
  4.114489215080170E-005
  4.121324676352423E-005
  4.128124109417024E-005
  4.134887876028994E-005
  4.141615854816019E-005
  4.148308380043625E-005
  4.154965550061678E-005
  4.161587389633458E-005
  4.168174189538330E-005
  4.174726061659526E-005
  4.181243057860776E-005
  4.187725521965787E-005
  4.194173270954716E-005
  4.200586802759315E-005
  4.206965990596851E-005
  4.213311142240543E-005
  4.219622337065195E-005
  4.225899696439772E-005
  4.232143458341909E-005
  4.238353591509960E-005
  4.244530497690418E-005
  4.250673982596301E-005
  4.256784541048626E-005
  4.262862019433645E-005
  4.268906822054902E-005
  4.274918850294998E-005
  4.280898501247145E-005
  4.286845646951299E-005
  4.292760706267350E-005
  4.298643525298782E-005
  4.304494587268519E-005
  4.310313628127727E-005
  4.316101251036816E-005
  4.321857149579911E-005
  4.327581859065522E-005
  4.333275204028210E-005
  4.338937575666014E-005
  4.344568983717760E-005
  4.350169570052157E-005
  4.355739615509869E-005
  4.361278966144429E-005
  4.366788139765843E-005
  4.372266970185128E-005
  4.377715756208453E-005
  4.383134685973403E-005
  4.388523662304871E-005
  4.393883122125593E-005
  4.399213032855607E-005
  4.404513499651172E-005
  4.409784947473987E-005
  4.415027073421570E-005
  4.420240333551507E-005
  4.425424928236977E-005
  4.430580611090232E-005
  4.435707869553472E-005
  4.440806904004912E-005
  4.445877426213246E-005
  4.450919907732060E-005
  4.455934613985150E-005
  4.460921306137410E-005
  4.465880269917395E-005
  4.470811784881429E-005
  4.475716095501848E-005
  4.480592635555810E-005
  4.485442249766541E-005
  4.490264985759518E-005
  4.495061047885510E-005
  4.499829827701679E-005
  4.504572164306693E-005
  4.509288274694513E-005
  4.513978139338349E-005
  4.518641637874417E-005
  4.523278783937259E-005
  4.527890209217653E-005
  4.532476036839923E-005
  4.537036293806978E-005
  4.541571187916408E-005
  4.546080079991359E-005
  4.550563689721722E-005
  4.555022371933078E-005
  4.559456187329959E-005
  4.563865314017913E-005
  4.568249793195919E-005
  4.572609838622439E-005
  4.576945337031676E-005
  4.581256643281705E-005
  4.585543778807740E-005
  4.589805692089318E-005
  4.594043586967795E-005
  4.598257858186565E-005
  4.602448599184954E-005
  4.606616032215471E-005
  4.610760168731028E-005
  4.614881210282639E-005
  4.618978895349530E-005
  4.623053799792678E-005
  4.627106252634589E-005
  4.631135020783690E-005
  4.635135713458599E-005
  4.640496458806304E-005
  4.643075544058930E-005
  4.647027645703209E-005
  4.650943622277436E-005
  4.654838920692009E-005
  4.658711454942575E-005
  4.662563226823487E-005
  4.666392697090587E-005
  4.670200608237317E-005
  4.673986903247250E-005
  4.677752097015640E-005
  4.681496022486890E-005
  4.685218653868935E-005
  4.688920358132177E-005
  4.692601099956745E-005
  4.696261076331918E-005
  4.699899832075770E-005
  4.703517828307607E-005
  4.707115473940824E-005
  4.710692880634962E-005
  4.714250072184936E-005
  4.717787225284227E-005
  4.721304427414444E-005
  4.724801724839501E-005
  4.728279315355347E-005
  4.731737200222862E-005
  4.735175547816810E-005
  4.738594473318515E-005
  4.741994000270468E-005
  4.745374331591713E-005
  4.748735538067361E-005
  4.752077668278593E-005
  4.755400940643308E-005
  4.758705359003914E-005
  4.761991034108753E-005
  4.765258145257334E-005
  4.768506726281037E-005
  4.771736881943695E-005
  4.774948774667385E-005
  4.778142410426217E-005
  4.781317967151257E-005
  4.784475541216401E-005
  4.787615176558506E-005
  4.790737033947340E-005
  4.793841198486333E-005
  4.796927719705498E-005
  4.799996752086071E-005
  4.803048386462264E-005
  4.806082673987368E-005
  4.809099776322590E-005
  4.812099771507399E-005
  4.815082694920209E-005
  4.818048705422525E-005
  4.820997912967293E-005
  4.823930328109023E-005
  4.826846110260102E-005
  4.829745350979856E-005
  4.832628102760575E-005
  4.835494485225206E-005
  4.838344601908618E-005
  4.841178519345879E-005
  4.843996327936952E-005
  4.846798138714650E-005
  4.849584028471584E-005
  4.852354040664106E-005
  4.855108339406752E-005
  4.857847003459672E-005
  4.860570038893240E-005
  4.863277605358871E-005
  4.865969799974160E-005
  4.868646634836169E-005
  4.871308239406289E-005
  4.873954722319317E-005
  4.876586132680755E-005
  4.879202523624127E-005
  4.881804050574708E-005
  4.884390780644751E-005
  4.886962708761534E-005
  4.889520006177272E-005
  4.892062758807226E-005
  4.894590983972525E-005
  4.897104771208635E-005
  4.899604251269073E-005
  4.902089504398676E-005
  4.904560481682385E-005
  4.907017391671437E-005
  4.909460299901348E-005
  4.911889220579239E-005
  4.914304240658971E-005
  4.916705495565966E-005
  4.919093021861208E-005
  4.921466846577331E-005
  4.923827092948570E-005
  4.926173865943757E-005
  4.928507200411555E-005
  4.930827115361768E-005
  4.933133757070464E-005
  4.935427181225115E-005
  4.937707478841577E-005
  4.939974608771681E-005
  4.942228742320988E-005
  4.944469937329998E-005
  4.946698276341355E-005
  4.948913714431908E-005
  4.951116429849185E-005
  4.953306498544773E-005
  4.955483989191430E-005
  4.957648862629143E-005
  4.959801292666645E-005
  4.961941350350280E-005
  4.964069092894122E-005
  4.966184477740287E-005
  4.968287648494477E-005
  4.970378685659953E-005
  4.972457615466281E-005
  4.974524474555670E-005
  4.976579329349063E-005
  4.978622247563878E-005
  4.980653306914568E-005
  4.982672587892418E-005
  4.984680014917683E-005
  4.986675747681897E-005
  4.988659860304509E-005
  4.990632408752135E-005
  4.992593402945981E-005
  4.994542856485928E-005
  4.996480917842390E-005
  4.998407633640456E-005
  5.000323038500290E-005
  5.002227144773508E-005
  5.004120035251839E-005
  5.006001767748655E-005
  5.007872429409949E-005
  5.009732061538348E-005
  5.011580633488839E-005
  5.013418230453259E-005
  5.015244960284133E-005
  5.017060846514635E-005
  5.018865954606972E-005
  5.020660281270445E-005
  5.022443847022631E-005
  5.024216794727979E-005
  5.025979156413851E-005
  5.027730962747497E-005
  5.029472276668251E-005
  5.031203002280274E-005
  5.032923340215321E-005
  5.034633313770383E-005
  5.036332978749181E-005
  5.038022381181704E-005
  5.039701488068026E-005
  5.041370346273275E-005
  5.043029076410044E-005
  5.044677792086634E-005
  5.046316364901737E-005
  5.047944869103020E-005
  5.049563415294923E-005
  5.051171908559671E-005
  5.052770510709722E-005
  5.054359339156541E-005
  5.055938380580525E-005
  5.057507524634032E-005
  5.059067003195459E-005
  5.060616576334672E-005
  5.062156423036409E-005
  5.063686637633112E-005
  5.065207232136603E-005
  5.066718689042110E-005
  5.068220311529943E-005
  5.069712447754668E-005
  5.071195166468564E-005
  5.072667881060900E-005
  5.074131732116947E-005
  5.075585818616353E-005
  5.077030673404430E-005
  5.078466514340643E-005
  5.079893082312733E-005
  5.081310015113806E-005
  5.082717669418982E-005
  5.084116278281219E-005
  5.085505630879287E-005
  5.086885666872692E-005
  5.088256610062817E-005
  5.089618490864655E-005
  5.090971301734290E-005
  5.092314882805474E-005
  5.093649353233371E-005
  5.094974795615378E-005
  5.096291178531754E-005
  5.097598501512831E-005
  5.098896754550341E-005
  5.100185920927433E-005
  5.101465974966635E-005
  5.102736900823636E-005
  5.103998530759053E-005
  5.105250878069642E-005
  5.106494036011307E-005
  5.107727912960922E-005
  5.108952497843411E-005
  5.110167701738026E-005
  5.111373485057629E-005
  5.112569833077230E-005
  5.113756650836573E-005
  5.114933821615789E-005
  5.116101341537779E-005
  5.117259068124628E-005
  5.118406950210844E-005
  5.119544900702034E-005
  5.120672841649537E-005
  5.121790687150051E-005
  5.122898355872483E-005
  5.123995592319798E-005
  5.125082413817064E-005
  5.126158797235217E-005
  5.127224561963923E-005
  5.128279630852606E-005
  5.129324014063838E-005
  5.130357430123785E-005
  5.131379816627401E-005
  5.132391118388294E-005
  5.133391178200782E-005
  5.134379930309545E-005
  5.135357182090789E-005
  5.136322987784035E-005
  5.137277143593849E-005
  5.138219529367758E-005
  5.139150102869524E-005
  5.140068774788761E-005
  5.140975308192322E-005
  5.141869773401645E-005
  5.142751980961451E-005
  5.143621867536809E-005
  5.144479323572549E-005
  5.145324281725237E-005
  5.146156661409620E-005
  5.146976360176292E-005
  5.147783290583411E-005
  5.148577397002385E-005
  5.149358595419843E-005
  5.150126871721065E-005
  5.150882117432566E-005
  5.151624320359701E-005
  5.152353345720878E-005
  5.153069196437533E-005
  5.153771885657033E-005
  5.154461297435882E-005
  5.155137460817854E-005
  5.155800347612003E-005
  5.156449921126798E-005
  5.157086235100364E-005
  5.157709323107133E-005
  5.158319118479215E-005
  5.158915715981058E-005
  5.159499232163703E-005
  5.160069741758400E-005
  5.160627249097151E-005
  5.161171882247364E-005
  5.161703752277355E-005
  5.162223012336392E-005
  5.162729829596898E-005
  5.163224373196070E-005
  5.163706868825565E-005
  5.164177567909805E-005
  5.164636738856316E-005
  5.165084805289358E-005
  5.165522002182450E-005
  5.165948630808834E-005
  5.166365091925727E-005
  5.166771837571233E-005
  5.167169424036312E-005
  5.167558347688051E-005
  5.167939068690292E-005
  5.168312405882774E-005
  5.168678961754354E-005
  5.169039064275639E-005
  5.169393582467563E-005
  5.169743205899323E-005
  5.170088571125094E-005
  5.170431004688921E-005
  5.170770644256888E-005
  5.171108849060339E-005
  5.171446010700492E-005
  5.171783325289997E-005
  5.172121528001678E-005
  5.172461413129814E-005
  5.172803722458842E-005
  5.173149276732413E-005
  5.173498650500057E-005
  5.173852457197929E-005
  5.174211149740143E-005
  5.174575134853120E-005
  5.174944579584919E-005
  5.175319627777262E-005
  5.175700241372407E-005
  5.176086172437391E-005
  5.176477053868369E-005
  5.176872391352286E-005
  5.177271568893224E-005
  5.177673872012594E-005
  5.178078510204310E-005
  5.178484668982600E-005
  5.178891498829467E-005
  5.179298184449916E-005
  5.179703981450324E-005
  5.180108179316310E-005
  5.180510193749001E-005
  5.180909499402826E-005
  5.181305663189878E-005
  5.181698328038799E-005
  5.182087206019090E-005
  5.182472067919279E-005
  5.182852741868011E-005
  5.183229096007656E-005
  5.183601041552416E-005
  5.183968492027368E-005
  5.184331420111311E-005
  5.184689781663358E-005
  5.185043566152874E-005
  5.185392751184767E-005
  5.185737343392102E-005
  5.186077337897482E-005
  5.186412749398275E-005
  5.186743582207249E-005
  5.187069854785014E-005
  5.187391590003894E-005
  5.187708838815952E-005
  5.188021528462243E-005
  5.188329707350197E-005
  5.188633392232671E-005
  5.188932615536850E-005
  5.189227361047606E-005
  5.189517658067021E-005
  5.189803547771673E-005
  5.190085035904241E-005
  5.190362148794104E-005
  5.190634907485585E-005
  5.190903314879277E-005
  5.191167399608133E-005
  5.191427189250386E-005
  5.191682681332275E-005
  5.191933929677440E-005
  5.192180909430606E-005
  5.192423678797626E-005
  5.192662231909441E-005
  5.192896613735009E-005
  5.193126843103218E-005
  5.193352916541910E-005
  5.193574861180545E-005
  5.193792693491564E-005
  5.194006461345128E-005
  5.194216150503066E-005
  5.194421800781915E-005
  5.194623435649436E-005
  5.194821051163852E-005
  5.195014685256277E-005
  5.195204360114623E-005
  5.195390088092334E-005
  5.195571879313543E-005
  5.195749772424168E-005
  5.195923776074449E-005
  5.196093916882466E-005
  5.196260197641230E-005
  5.196422674673522E-005
  5.196581339438030E-005
  5.196736195756790E-005
  5.196887299112382E-005
  5.197034653364975E-005
  5.197178272483234E-005
  5.197318181643242E-005
  5.197454396570697E-005
  5.197586932046851E-005
  5.197715811737635E-005
  5.197841061486893E-005
  5.197962697514043E-005
  5.198080728158090E-005
  5.198195177018093E-005
  5.198306072932908E-005
  5.198413419569866E-005
  5.198517238579661E-005
  5.198617550048018E-005
  5.198714373102739E-005
  5.198807728494442E-005
  5.198897629230669E-005
  5.198984095474555E-005
  5.199067130676053E-005
  5.199146777455287E-005
  5.199223037266939E-005
  5.199295934919774E-005
  5.199365489018431E-005
  5.199431704343110E-005
  5.199494606087089E-005
  5.199554212072055E-005
  5.199610524698515E-005
  5.199663584350963E-005
  5.199713395227473E-005
  5.199759975250356E-005
  5.199803341477257E-005
  5.199843502148087E-005
  5.199880482902877E-005
  5.199914291146680E-005
  5.199944949288717E-005
  5.199972471296290E-005
  5.199996872138734E-005
  5.200018169118545E-005
  5.200036371365014E-005
  5.200051498884967E-005
  5.200063567313477E-005
  5.200072588693001E-005
  5.200078577216844E-005
  5.200081548708853E-005
  5.200081517036954E-005
  5.200078495913869E-005
  5.200072500009555E-005
  5.200063541850076E-005
  5.200051636181212E-005
  5.200036795937521E-005
  5.200019034310168E-005
  5.199998365666547E-005
  5.199974799458369E-005
  5.199948351913371E-005
  5.199919035946952E-005
  5.199886863897833E-005
  5.199851843546148E-005
  5.199813991598495E-005
  5.199773315309037E-005
  5.199729829978015E-005
  5.199683552178998E-005
  5.199634482444391E-005
  5.199582635661638E-005
  5.199528028793783E-005
  5.199470665812139E-005
  5.199410551936112E-005
  5.199347714584459E-005
  5.199282160288727E-005
  5.199213878362378E-005
  5.199142906385526E-005
  5.199069235408520E-005
  5.198992872689974E-005
  5.198913852975962E-005
  5.198832147657663E-005
  5.198747785537107E-005
  5.198660776702942E-005
  5.198571135645880E-005
  5.198478870910113E-005
  5.198383965047504E-005
  5.198286435392061E-005
  5.198186288910723E-005
  5.198083557539056E-005
  5.197978212366414E-005
  5.197870295655794E-005
  5.197759792899253E-005
  5.197646709872062E-005
  5.197531042072256E-005
  5.197412830888287E-005
  5.197292051782812E-005
  5.197168707706234E-005
  5.197042786634383E-005
  5.196914322826635E-005
  5.196783335225531E-005
  5.196649792998730E-005
  5.196513729151732E-005
  5.196375130983746E-005
  5.196234015633047E-005
  5.196090337720173E-005
  5.195944154663906E-005
  5.195795454266601E-005
  5.195644223021476E-005
  5.195490459504825E-005
  5.195334187622254E-005
  5.195175391206565E-005
  5.195014042394781E-005
  5.194850224323628E-005
  5.194683904834454E-005
  5.194515142447148E-005
  5.194343817071077E-005
  5.194169926064213E-005
  5.193993512229749E-005
  5.193814542103737E-005
  5.193633028187725E-005
  5.193448967402435E-005
  5.193262363364539E-005
  5.193073214247592E-005
  5.192881507035781E-005
  5.192687260223978E-005
  5.192490438192806E-005
  5.192291042363193E-005
  5.192089066995540E-005
  5.191884504765187E-005
  5.191677360760041E-005
  5.191467596735970E-005
  5.191255198327536E-005
  5.191040203654500E-005
  5.190822578759468E-005
  5.190602299103117E-005
  5.190379384691135E-005
  5.190153752880761E-005
  5.189925480713153E-005
  5.189694504665354E-005
  5.189460810057254E-005
  5.189224347386239E-005
  5.188985178730900E-005
  5.188743228967236E-005
  5.188498471126849E-005
  5.188250941359463E-005
  5.188000599194613E-005
  5.187747391566164E-005
  5.187491353863596E-005
  5.187232382296701E-005
  5.186970536168393E-005
  5.186705697292200E-005
  5.186437907475094E-005
  5.186167132558435E-005
  5.185893313003098E-005
  5.185616465013101E-005
  5.185336500914960E-005
  5.185053439418017E-005
  5.184767209301698E-005
  5.184477768750143E-005
  5.184185169805345E-005
  5.183889198612136E-005
  5.183589960001673E-005
  5.183287402838515E-005
  5.182981377095327E-005
  5.182671939162751E-005
  5.182358947818080E-005
  5.182042389481964E-005
  5.181722284794394E-005
  5.181398503093596E-005
  5.181071016094719E-005
  5.180739725137981E-005
  5.180404589066637E-005
  5.180065649835091E-005
  5.179722701487076E-005
  5.179375706768930E-005
  5.179024543273729E-005
  5.178669201223846E-005
  5.178309521278369E-005
  5.177945498960163E-005
  5.177576916200335E-005
  5.177203768081645E-005
  5.176825950228535E-005
  5.176443386161246E-005
  5.176055921318462E-005
  5.175663474078143E-005
  5.175265921798307E-005
  5.174863137231526E-005
  5.174454993534031E-005
  5.174041359237044E-005
  5.173622093055428E-005
  5.173197036583049E-005
  5.172766062552412E-005
  5.172329004784359E-005
  5.171885653465349E-005
  5.171435866755707E-005
  5.170979498987013E-005
  5.170516295607776E-005
  5.170046079164459E-005
  5.169568672758684E-005
  5.169083888582028E-005
  5.168591360522248E-005
  5.168090926157643E-005
  5.167582379770447E-005
  5.167065427747986E-005
  5.166539984456797E-005
  5.166005400949551E-005
  5.165461793116334E-005
  5.164908368041283E-005
  5.164345745169558E-005
  5.163773391920798E-005
  5.163190232643123E-005
  5.162596655066487E-005
  5.161991706725572E-005
  5.161374390975961E-005
  5.160745529292844E-005
  5.160103300003914E-005
  5.159448907477025E-005
  5.158781131838233E-005
  5.158099318987426E-005
  5.157403429773309E-005
  5.156692480277693E-005
  5.155965907518261E-005
  5.155223938381088E-005
  5.154465051333518E-005
  5.153690582346737E-005
  5.152898574225952E-005
  5.152087352995905E-005
  5.151258640466519E-005
  5.150409322212905E-005
  5.149542975175752E-005
  5.148653965075288E-005
  5.147746153688442E-005
  5.146814754940641E-005
  5.145863420814469E-005
  5.144885849422726E-005
  5.143885460492042E-005
  5.142860581030822E-005
  5.141810596049608E-005
  5.140735819143325E-005
  5.139633424635333E-005
  5.138501421806986E-005
  5.137344977304517E-005
  5.136162237969692E-005
  5.134953707649112E-005
  5.133712025432734E-005
  5.132439621304769E-005
  5.131140116747533E-005
  5.129808822752669E-005
  5.128445214352302E-005
  5.127055981717175E-005
  5.125634783094769E-005
  5.124176240881386E-005
  5.122695660156351E-005
  5.121181690299254E-005
  5.119635710424621E-005
  5.118061156899233E-005
  5.116461294942361E-005
  5.114835479359303E-005
  5.113177914364720E-005
  5.111542291717690E-005
  5.109901873688283E-005
  5.108233609238608E-005
  5.106552028553753E-005
  5.104846888670311E-005
  5.103131418563785E-005
  5.101402062576646E-005
  5.099665280058710E-005
  5.097919685101029E-005
  5.096168532835047E-005
  5.094415550996683E-005
  5.092664394228238E-005
  5.090922879725653E-005
  5.089193547937425E-005
  5.087479234707027E-005
  5.085786483444346E-005
  5.084119503565611E-005
  5.082483905516625E-005
  5.080885620354987E-005
  5.079332117456021E-005
  5.077829850733672E-005
  5.076383692722319E-005
  5.075001769300544E-005
  5.073690844340654E-005
  5.072459443224703E-005
  5.071313303377848E-005
  5.070260734117132E-005
  5.069308995852039E-005
  5.068465785055440E-005
  5.067737894109758E-005
  5.067132479340332E-005
  5.066656017222628E-005
  5.066314528373593E-005
  5.066113416474750E-005
  5.066057039744064E-005
  5.066150051991370E-005
  5.066393923593822E-005
  5.066790110057803E-005
  5.067334832536370E-005
  5.068031333036077E-005
  5.068877848833352E-005
  5.069870260728650E-005
  5.070990939342063E-005
  5.072237991905005E-005
  5.073604417603960E-005
  5.075067412658287E-005
  5.076631965226909E-005
  5.078275704476434E-005
  5.079970160008164E-005
  5.081697908132803E-005
  5.083428352213863E-005
  5.085145196068198E-005
  5.086817541182743E-005
  5.088417431476055E-005
  5.089924023012675E-005
  5.091308748261670E-005
  5.092547779829513E-005
  5.093616264047818E-005
  5.094495256732822E-005
  5.095174041005624E-005
  5.095646612107698E-005
  5.095912863912849E-005
  5.095979149734320E-005
  5.095860689051702E-005
  5.095577563787981E-005
  5.095150844521731E-005
  5.094608581890595E-005
  5.093975589402079E-005
  5.093272904837634E-005
  5.092516936891919E-005
  5.091720236989147E-005
  5.090891799680697E-005
  5.090038132034172E-005
  5.089162918890130E-005
  5.088269399217824E-005
  5.087359108024387E-005
  5.086433437807927E-005
  5.085493084845888E-005
  5.084539019172322E-005
  5.083571003211229E-005
  5.082590268916650E-005
  5.081595836145068E-005
  5.080589116169285E-005
  5.079570176450908E-005
  5.078538926628589E-005
  5.077494804826282E-005
  5.076438848460729E-005
  5.075371336886136E-005
  5.074291296374704E-005
  5.073199546504261E-005
  5.072096377250603E-005
  5.070980397351559E-005
  5.069853245322231E-005
  5.068713893331328E-005
  5.067563108817768E-005
  5.066400471531083E-005
  5.065225920198842E-005
  5.064038899100346E-005
  5.062840161103938E-005
  5.061629037622309E-005
  5.060405984882585E-005
  5.059171567181385E-005
  5.057924794027251E-005
  5.056665689397548E-005
  5.055394150309551E-005
  5.054110567792484E-005
  5.052814347482284E-005
  5.051505320812673E-005
  5.050184176207391E-005
  5.048850506018939E-005
  5.047503590997434E-005
  5.046144318227567E-005
  5.044771482091708E-005
  5.043386092268572E-005
  5.041987197052521E-005
  5.040575338409791E-005
  5.039150316074233E-005
  5.037711062983054E-005
  5.036258855399013E-005
  5.034792987264391E-005
  5.033313329851685E-005
  5.031819754821953E-005
  5.030312391874096E-005
  5.028790348552797E-005
  5.027254006819169E-005
  5.025704071729947E-005
  5.024139180180113E-005
  5.022559624120761E-005
  5.020965410122275E-005
  5.019356308681608E-005
  5.017732312775546E-005
  5.016093006342002E-005
  5.014438359894416E-005
  5.012768528487526E-005
  5.011082872802986E-005
  5.009381435835493E-005
  5.007664817586062E-005
  5.005931620985376E-005
  5.004182414400910E-005
  5.002417037987896E-005
  5.000635380655005E-005
  4.998836764270476E-005
  4.997021650350266E-005
  4.995189657099779E-005
  4.993340289259142E-005
  4.991474255939664E-005
  4.989590656883845E-005
  4.987689181904443E-005
  4.985770461989690E-005
  4.983833753642778E-005
  4.981878830679909E-005
  4.979905987400831E-005
  4.977914596736082E-005
  4.975904626334301E-005
  4.973875903424581E-005
  4.971828284439249E-005
  4.969761611553653E-005
  4.967675703176650E-005
  4.965570351719206E-005
  4.963445310818181E-005
  4.961300434922721E-005
  4.959135427239357E-005
  4.956950225293979E-005
  4.954744620081085E-005
  4.952518345038514E-005
  4.950271261139029E-005
  4.948003119338320E-005
  4.945713774801416E-005
  4.943402965703267E-005
  4.941070227493876E-005
  4.938716389676727E-005
  4.936339021158579E-005
  4.933940162691838E-005
  4.931519063184688E-005
  4.929074869532181E-005
  4.926603373490055E-005
  4.924112436592767E-005
  4.921598523334868E-005
  4.919054846122242E-005
  4.916338219870143E-005
  4.913738084469091E-005
  4.911113986735060E-005
  4.908468826765989E-005
  4.905800697358596E-005
  4.903109304282910E-005
  4.900393352181302E-005
  4.897652689401874E-005
  4.894887475901631E-005
  4.892095610743148E-005
  4.889278339732353E-005
  4.886435271835542E-005
  4.883566143510603E-005
  4.880668779770768E-005
  4.877744491031720E-005
  4.874793666969546E-005
  4.871814637544135E-005
  4.868807415047266E-005
  4.865771776687373E-005
  4.862707340981769E-005
  4.859613368933850E-005
  4.856490772231367E-005
  4.853338126677639E-005
  4.850156718464633E-005
  4.846942141214147E-005
  4.843698075530410E-005
  4.840422537049591E-005
  4.837117275882584E-005
  4.833779500093845E-005
  4.830412263484738E-005
  4.827015103144578E-005
  4.823639907311357E-005
  4.820204905783941E-005
  4.816693142221067E-005
  4.813145413347386E-005
  4.809560673549861E-005
  4.805943216826351E-005
  4.802290811232254E-005
  4.798601217784301E-005
  4.794872340637179E-005
  4.791110247298852E-005
  4.787306974321366E-005
  4.783468415143894E-005
  4.779590076101245E-005
  4.775680494544287E-005
  4.771737987216793E-005
  4.767760902697870E-005
  4.763749555289152E-005
  4.759706900132391E-005
  4.755636423066259E-005
  4.751542723838442E-005
  4.747431877591055E-005
  4.743315878461967E-005
  4.739210021928401E-005
  4.735135977683285E-005
  4.731128698889270E-005
  4.727235264052025E-005
  4.723521346744856E-005
  4.720074123998609E-005
  4.716997256536080E-005
  4.714405784863605E-005
  4.712426396468159E-005
  4.711305045913291E-005
  4.710930668694431E-005
  4.710635685446097E-005
  4.710410856717535E-005
  4.710277720028449E-005
  4.710221037299214E-005
  4.710242703866167E-005
  4.710353534796758E-005
  4.710540691873557E-005
  4.710811241095625E-005
  4.711169038911609E-005
  4.711601849887188E-005
  4.712128278387821E-005
  4.712725295126003E-005
  4.713416235045942E-005
  4.714181446613458E-005
  4.715036163959753E-005
  4.715965284766047E-005
  4.716985176388645E-005
  4.718079551608463E-005
  4.719258127936011E-005
  4.720514492063935E-005
  4.721850804476396E-005
  4.723270212880448E-005
  4.724750454945806E-005
  4.726292537923398E-005
  4.727909984906765E-005
  4.729600639027747E-005
  4.731362307971524E-005
  4.733195174844424E-005
  4.735098817966418E-005
  4.737070760747866E-005
  4.739106680683331E-005
  4.741207063242009E-005
  4.743322024790403E-005
  4.745488438041398E-005
  4.747707118778668E-005
  4.749973303235762E-005
  4.752268364804747E-005
  4.754596564846955E-005
  4.756949443596957E-005
  4.759328233836994E-005
  4.761721782328191E-005
  4.764133004286462E-005
  4.766555665774934E-005
  4.759750058277036E-005
  4.750733982952248E-005
  4.741652914437855E-005
  4.732503791041833E-005
  4.723281114966501E-005
  4.713981502627483E-005
  4.704601338496228E-005
  4.695137144956611E-005
  4.685584990432380E-005
  4.675940913426530E-005
  4.666201185906493E-005
  4.656360884267050E-005
  4.646415816002114E-005
  4.636361941953104E-005
  4.626193386626164E-005
  4.615904905009228E-005
  4.605491180002871E-005
  4.594946741150413E-005
  4.584265706310180E-005
  4.573442079101878E-005
  4.562469626098383E-005
  4.551341885948621E-005
  4.540052155172231E-005
  4.528593326376859E-005
  4.516958249820184E-005
  4.505139437303773E-005
  4.493129049102661E-005
  4.480918998993538E-005
  4.468499750444847E-005
  4.455863416174105E-005
  4.443001115528411E-005
  4.429903689598219E-005
  4.416561323418668E-005
  4.402964023616504E-005
  4.389101291250691E-005
  4.374962204999770E-005
  4.360535688384365E-005
  4.345810016208467E-005
  4.330773089318991E-005
  4.315412237227500E-005
  4.299714486598350E-005
  4.283664777459698E-005
  4.267250677443333E-005
  4.250457137502631E-005
  4.233268627543194E-005
  4.215670317079056E-005
  4.197645817493779E-005
  4.179178243844791E-005
  4.160250112668095E-005
  4.140842872823439E-005
  4.120936941000845E-005
  4.100513635654557E-005
  4.079552783495455E-005
  4.058033064945090E-005
  4.035932674629609E-005
  4.013228441383517E-005
  3.989896480004207E-005
  3.965912897330386E-005
  3.941251968545626E-005
  3.915887127614607E-005
  3.889791800219515E-005
  3.862937782158997E-005
  3.835295597738325E-005
  3.806834893499064E-005
  3.777524411020520E-005
  3.747330827506607E-005
  3.716220209751084E-005
  3.684159436795931E-005
  3.651111724125393E-005
  3.617040695899661E-005
  3.581906837717730E-005
  3.545671180672982E-005
  3.508293673497921E-005
  3.469732846156580E-005
  3.429945236446771E-005
  3.388887398063496E-005
  3.346514000030617E-005
  3.302779873104002E-005
  3.257636894579444E-005
  3.211039576390612E-005
  3.162937464757691E-005
  3.113282416434630E-005
  3.062026477307890E-005
  3.009116523192203E-005
  2.954505201006903E-005
  2.898142557259642E-005
  2.839976369226331E-005
  2.779963710642462E-005
  2.718059954493301E-005
  2.654200943992146E-005
  2.588361830898654E-005
  2.520495739414322E-005
  2.450563743077760E-005
  2.378500419160382E-005
  2.304310876241356E-005
  2.227859677788324E-005
  2.149265991239386E-005
