  2.889149295227530E-005
  6.020454891664579E-006
  4.697139807781318E-006
  3.032609350208688E-006
  1.698811846216190E-006
  1.200000017881393E-006
  1.200000017881393E-006
  1.200000017881393E-006
  1.200000017881393E-006
  1.200000017881393E-006
  1.200000017881393E-006
  1.200000017881393E-006
  1.200000017881393E-006
  1.200000017881393E-006
  1.200000017881393E-006
  1.200000017881393E-006
  1.200000017881393E-006
  1.200000017881393E-006
  1.200000017881393E-006
  1.200000017881393E-006
  1.200000017881393E-006
  1.200000017881393E-006
  1.200000017881393E-006
  1.200000017881393E-006
  1.200000017881393E-006
  1.200000017881393E-006
  1.200000017881393E-006
  1.200000017881393E-006
  1.200000017881393E-006
  1.200000017881393E-006
  1.200000017881393E-006
  1.200000017881393E-006
  1.200000017881393E-006
  1.200000017881393E-006
  1.200000017881393E-006
  1.200000017881393E-006
  1.200000017881393E-006
  1.200000017881393E-006
  1.200000017881393E-006
  1.200000017881393E-006
  1.200000017881393E-006
  1.200000017881393E-006
  1.200000017881393E-006
  1.200000017881393E-006
  1.200000017881393E-006
  1.200000017881393E-006
  1.200000017881393E-006
  1.200000017881393E-006
  1.200000017881393E-006
  1.200000017881393E-006
  1.200000017881393E-006
  1.200000017881393E-006
  1.200000017881393E-006
  1.200000017881393E-006
  1.200000017881393E-006
  1.200000017881393E-006
  1.200000017881393E-006
  1.200000017881393E-006
  1.200000017881393E-006
  1.200000017881393E-006
  1.200000017881393E-006
  1.200000017881393E-006
  1.200000017881393E-006
  1.200000017881393E-006
  1.200000017881393E-006
  1.200000017881393E-006
  1.200000017881393E-006
  1.200000017881393E-006
  1.200000017881393E-006
  1.200000017881393E-006
  1.200000017881393E-006
  1.200000017881393E-006
  1.200000017881393E-006
  1.200000017881393E-006
  1.200000017881393E-006
  1.200000017881393E-006
  1.200000017881393E-006
  1.200000017881393E-006
  1.200000017881393E-006
  1.200000017881393E-006
  1.200000017881393E-006
  1.200000017881393E-006
  1.200000017881393E-006
  1.200000017881393E-006
  1.200000017881393E-006
  1.200000017881393E-006
  1.200000017881393E-006
  1.200000017881393E-006
  1.200000017881393E-006
  1.200000017881393E-006
  1.200000017881393E-006
  1.200000017881393E-006
  1.200000017881393E-006
  1.200000017881393E-006
  1.200000017881393E-006
  1.200000017881393E-006
  1.200000017881393E-006
  1.200000017881393E-006
  1.200000017881393E-006
  1.200000017881393E-006
  1.200000017881393E-006
  1.200000017881393E-006
  1.200000017881393E-006
  1.200000017881393E-006
  1.200000017881393E-006
  1.200000017881393E-006
  1.200000017881393E-006
  1.200000017881393E-006
  1.200000017881393E-006
  1.200000017881393E-006
  1.200000017881393E-006
  1.200000017881393E-006
  1.200000017881393E-006
  1.200000017881393E-006
  1.200000017881393E-006
  1.200000017881393E-006
  1.200000017881393E-006
  1.200000017881393E-006
  1.200000017881393E-006
  1.200000017881393E-006
  1.200000017881393E-006
  1.200000017881393E-006
  1.200000017881393E-006
  1.200000017881393E-006
  1.200000017881393E-006
  1.200000017881393E-006
  1.200000017881393E-006
  1.200000017881393E-006
  1.200000017881393E-006
  1.200000017881393E-006
  1.200000017881393E-006
  1.200000017881393E-006
  1.200000017881393E-006
  1.200000017881393E-006
  1.200000017881393E-006
  1.200000017881393E-006
  1.200000017881393E-006
  1.200000017881393E-006
  1.200000017881393E-006
  1.200000017881393E-006
  1.200000017881393E-006
  1.200000017881393E-006
  1.200000017881393E-006
  1.200000017881393E-006
  1.200000017881393E-006
  1.200000017881393E-006
  1.200000017881393E-006
  1.200000017881393E-006
  1.200000017881393E-006
  1.200000017881393E-006
  1.200000017881393E-006
  1.200000017881393E-006
  1.200000017881393E-006
  1.200000017881393E-006
  1.200000017881393E-006
  1.200000017881393E-006
  1.200000017881393E-006
  1.200000017881393E-006
  1.200000017881393E-006
  1.200000017881393E-006
  1.200000017881393E-006
  1.200000017881393E-006
  1.200000017881393E-006
  1.200000017881393E-006
  1.200000017881393E-006
  1.200000017881393E-006
  1.200000017881393E-006
  1.200000017881393E-006
  1.200000017881393E-006
  1.200000017881393E-006
  1.200000017881393E-006
  1.200000017881393E-006
  1.200000017881393E-006
  1.200000017881393E-006
  1.200000017881393E-006
  1.200000017881393E-006
  1.200000017881393E-006
  1.200000017881393E-006
  1.200000017881393E-006
  1.200000017881393E-006
  1.200000017881393E-006
  1.200000017881393E-006
  1.200000017881393E-006
  1.200000017881393E-006
  1.200000017881393E-006
  1.200000017881393E-006
  1.200000017881393E-006
  1.200000017881393E-006
  1.200000017881393E-006
  1.200000017881393E-006
  1.200000017881393E-006
  1.200000017881393E-006
  1.200000017881393E-006
  1.200000017881393E-006
  1.200000017881393E-006
  1.200000017881393E-006
  1.200000017881393E-006
  1.200000017881393E-006
  1.200000017881393E-006
  1.200000017881393E-006
  1.200000017881393E-006
  1.200000017881393E-006
  1.200000017881393E-006
  1.200000017881393E-006
  1.200000017881393E-006
  1.200000017881393E-006
  1.200000017881393E-006
  1.200000017881393E-006
  1.200000017881393E-006
  1.200000017881393E-006
  1.200000017881393E-006
  1.200000017881393E-006
  1.200000017881393E-006
  1.200000017881393E-006
  1.200000017881393E-006
  1.200000017881393E-006
  1.200000017881393E-006
  1.200000017881393E-006
  1.200000017881393E-006
  1.200000017881393E-006
  1.200000017881393E-006
  1.200000017881393E-006
  1.200000017881393E-006
  1.200000017881393E-006
  1.200000017881393E-006
  1.200000017881393E-006
  1.200000017881393E-006
  1.200000017881393E-006
  1.200000017881393E-006
  1.200000017881393E-006
  1.200000017881393E-006
  1.200000017881393E-006
  1.200000017881393E-006
  1.200000017881393E-006
  1.200000017881393E-006
  1.200000017881393E-006
  1.200000017881393E-006
  1.200000017881393E-006
  1.200000017881393E-006
  1.200000017881393E-006
  1.200000017881393E-006
  1.200000017881393E-006
  1.200000017881393E-006
  1.200000017881393E-006
  1.200000017881393E-006
  1.200000017881393E-006
  1.200000017881393E-006
  1.200000017881393E-006
  1.200000017881393E-006
  1.200000017881393E-006
  1.200000017881393E-006
  1.200000017881393E-006
  1.200000017881393E-006
  1.200000017881393E-006
  1.200000017881393E-006
  1.200000017881393E-006
  1.200000017881393E-006
  1.200000017881393E-006
  1.200000017881393E-006
  1.200000017881393E-006
  1.200000017881393E-006
  1.200000017881393E-006
  1.200000017881393E-006
  1.200000017881393E-006
  1.200000017881393E-006
  1.200000017881393E-006
  1.200000017881393E-006
  1.200000017881393E-006
  1.200000017881393E-006
  1.200000017881393E-006
  1.200000017881393E-006
  1.200000017881393E-006
  1.200000017881393E-006
  1.200000017881393E-006
  1.200000017881393E-006
  1.200000017881393E-006
  1.200000017881393E-006
  1.200000017881393E-006
  1.200000017881393E-006
  1.200000017881393E-006
  1.200000017881393E-006
  1.200000017881393E-006
  1.200000017881393E-006
  1.200000017881393E-006
  1.200000017881393E-006
  1.200000017881393E-006
  1.200000017881393E-006
  1.200000017881393E-006
  1.200000017881393E-006
  1.200000017881393E-006
  1.200000017881393E-006
  1.200000017881393E-006
  1.200000017881393E-006
  1.200000017881393E-006
  1.200000017881393E-006
  1.200000017881393E-006
  1.200000017881393E-006
  1.200000017881393E-006
  1.200000017881393E-006
  1.200000017881393E-006
  1.200000017881393E-006
  1.200000017881393E-006
  1.200000017881393E-006
  1.200000017881393E-006
  1.200000017881393E-006
  1.200000017881393E-006
  1.200000017881393E-006
  1.200000017881393E-006
  1.200000017881393E-006
  1.200000017881393E-006
  1.200000017881393E-006
  1.200000017881393E-006
  1.200000017881393E-006
  1.200000017881393E-006
  1.200000017881393E-006
  1.200000017881393E-006
  1.200000017881393E-006
  1.200000017881393E-006
  1.200000017881393E-006
  1.200000017881393E-006
  1.200000017881393E-006
  1.200000017881393E-006
  1.200000017881393E-006
  1.200000017881393E-006
  1.200000017881393E-006
  1.200000017881393E-006
  1.200000017881393E-006
  1.200000017881393E-006
  1.200000017881393E-006
  1.200000017881393E-006
  1.200000017881393E-006
  1.200000017881393E-006
  1.200000017881393E-006
  1.200000017881393E-006
  1.200000017881393E-006
  1.200000017881393E-006
  1.200000017881393E-006
  1.200000017881393E-006
  1.200000017881393E-006
  1.200000017881393E-006
  1.200000017881393E-006
  1.200000017881393E-006
  1.200000017881393E-006
  1.200000017881393E-006
  1.200000017881393E-006
  1.200000017881393E-006
  1.200000017881393E-006
  1.200000017881393E-006
  1.200000017881393E-006
  1.200000017881393E-006
  1.200000017881393E-006
  1.200000017881393E-006
  1.200000017881393E-006
  1.200000017881393E-006
  1.200000017881393E-006
  1.200000017881393E-006
  1.200000017881393E-006
  1.200000017881393E-006
  1.200000017881393E-006
  1.200000017881393E-006
  1.200000017881393E-006
  1.200000017881393E-006
  1.200000017881393E-006
  1.200000017881393E-006
  1.200000017881393E-006
  1.200000017881393E-006
  1.200000017881393E-006
  1.200000017881393E-006
  1.200000017881393E-006
  1.200000017881393E-006
  1.200000017881393E-006
  1.200000017881393E-006
  1.200000017881393E-006
  1.200000017881393E-006
  1.200000017881393E-006
  1.200000017881393E-006
  1.200000017881393E-006
  1.200000017881393E-006
  1.200000017881393E-006
  1.200000017881393E-006
  1.200000017881393E-006
  1.200000017881393E-006
  1.200000017881393E-006
  1.200000017881393E-006
  1.200000017881393E-006
  1.200000017881393E-006
  1.200000017881393E-006
  1.200000017881393E-006
  1.200000017881393E-006
  1.200000017881393E-006
  1.200000017881393E-006
  1.200000017881393E-006
  1.200000017881393E-006
  1.200000017881393E-006
  1.200000017881393E-006
  1.200000017881393E-006
  1.200000017881393E-006
  1.200000017881393E-006
  1.200000017881393E-006
  1.200000017881393E-006
  1.200000017881393E-006
  1.200000017881393E-006
  1.200000017881393E-006
  1.200000017881393E-006
  1.200000017881393E-006
  1.200000017881393E-006
  1.200000017881393E-006
  1.200000017881393E-006
  1.200000017881393E-006
  1.200000017881393E-006
  1.200000017881393E-006
  1.200000017881393E-006
  1.200000017881393E-006
  1.200000017881393E-006
  1.200000017881393E-006
  1.200000017881393E-006
  1.200000017881393E-006
  1.200000017881393E-006
  1.200000017881393E-006
  1.200000017881393E-006
  1.200000017881393E-006
  1.200000017881393E-006
  1.200000017881393E-006
  1.200000017881393E-006
  1.200000017881393E-006
  1.200000017881393E-006
  1.200000017881393E-006
  1.200000017881393E-006
  1.200000017881393E-006
  1.200000017881393E-006
  1.200000017881393E-006
  1.200000017881393E-006
  1.200000017881393E-006
  1.200000017881393E-006
  1.200000017881393E-006
  1.200000017881393E-006
  1.200000017881393E-006
  1.200000017881393E-006
  1.200000017881393E-006
  1.200000017881393E-006
  1.200000017881393E-006
  1.200000017881393E-006
  1.200000017881393E-006
  1.200000017881393E-006
  1.200000017881393E-006
  1.200000017881393E-006
  1.200000017881393E-006
  1.200000017881393E-006
  1.200000017881393E-006
  1.200000017881393E-006
  1.200000017881393E-006
  1.200000017881393E-006
  1.200000017881393E-006
  1.200000017881393E-006
  1.200000017881393E-006
  1.200000017881393E-006
  1.200000017881393E-006
  1.200000017881393E-006
  1.200000017881393E-006
  1.200000017881393E-006
  1.200000017881393E-006
  1.200000017881393E-006
  1.200000017881393E-006
  1.200000017881393E-006
  1.200000017881393E-006
  1.200000017881393E-006
  1.200000017881393E-006
  1.200000017881393E-006
  1.200000017881393E-006
  1.200000017881393E-006
  1.200000017881393E-006
  1.200000017881393E-006
  1.200000017881393E-006
  1.200000017881393E-006
  1.200000017881393E-006
  1.200000017881393E-006
  1.200000017881393E-006
  1.200000017881393E-006
  1.200000017881393E-006
  1.200000017881393E-006
  1.200000017881393E-006
  1.200000017881393E-006
  1.200000017881393E-006
  1.200000017881393E-006
  1.200000017881393E-006
  1.200000017881393E-006
  1.200000017881393E-006
  1.200000017881393E-006
  1.200000017881393E-006
  1.200000017881393E-006
  1.200000017881393E-006
  1.200000017881393E-006
  1.200000017881393E-006
  1.200000017881393E-006
  1.200000017881393E-006
  1.200000017881393E-006
  1.200000017881393E-006
  1.200000017881393E-006
  1.200000017881393E-006
  1.200000017881393E-006
  1.200000017881393E-006
  1.200000017881393E-006
  1.200000017881393E-006
  1.200000017881393E-006
  1.200000017881393E-006
  1.200000017881393E-006
  1.200000017881393E-006
  1.200000017881393E-006
  1.200000017881393E-006
  1.200000017881393E-006
  1.200000017881393E-006
  1.200000017881393E-006
  1.200000017881393E-006
  1.200000017881393E-006
  1.200000017881393E-006
  1.200000017881393E-006
  1.200000017881393E-006
  1.200000017881393E-006
  1.200000017881393E-006
  1.200000017881393E-006
  1.200000017881393E-006
  1.200000017881393E-006
  1.200000017881393E-006
  1.200000017881393E-006
  1.200000017881393E-006
  1.200000017881393E-006
  1.200000017881393E-006
  1.200000017881393E-006
  1.200000017881393E-006
  1.200000017881393E-006
  1.200000017881393E-006
  1.200000017881393E-006
  1.200000017881393E-006
  1.200000017881393E-006
  1.200000017881393E-006
  1.200000017881393E-006
  1.200000017881393E-006
  1.200000017881393E-006
  1.200000017881393E-006
  1.200000017881393E-006
  1.200000017881393E-006
  1.200000017881393E-006
  1.200000017881393E-006
  1.200000017881393E-006
  1.200000017881393E-006
  1.200000017881393E-006
  1.200000017881393E-006
  1.200000017881393E-006
  1.200000017881393E-006
  1.200000017881393E-006
  1.200000017881393E-006
  1.200000017881393E-006
  1.200000017881393E-006
  1.200000017881393E-006
  1.200000017881393E-006
  1.200000017881393E-006
  1.200000017881393E-006
  1.200000017881393E-006
  1.200000017881393E-006
  1.200000017881393E-006
  1.200000017881393E-006
  1.200000017881393E-006
  1.200000017881393E-006
  1.200000017881393E-006
  1.200000017881393E-006
  1.200000017881393E-006
  1.200000017881393E-006
  1.200000017881393E-006
  1.200000017881393E-006
  1.200000017881393E-006
  1.200000017881393E-006
  1.200000017881393E-006
  1.200000017881393E-006
  1.200000017881393E-006
  1.200000017881393E-006
  1.200000017881393E-006
  1.200000017881393E-006
  1.200000017881393E-006
  1.200000017881393E-006
  1.200000017881393E-006
  1.200000017881393E-006
  1.200000017881393E-006
  1.200000017881393E-006
  1.200000017881393E-006
  1.200000017881393E-006
  1.200000017881393E-006
  1.200000017881393E-006
  4.079156297625056E-008
  1.839559700352870E-007
  3.273348000340739E-007
  4.709270753486473E-007
  6.147316236896647E-007
  7.587464352471024E-007
  9.029696176414639E-007
  1.047398691380843E-006
  1.192031671368884E-006
  1.336866180331273E-006
  1.481899790751535E-006
  1.627130113911590E-006
  1.772554398401466E-006
  1.918170523806492E-006
  2.063975862679251E-006
  2.209967932251487E-006
  2.356144181960857E-006
  2.502502337759604E-006
  2.649039215392902E-006
  2.795752718727048E-006
  2.942640150481043E-006
  3.089698886007476E-006
  3.236926055745729E-006
  3.384319233543341E-006
  3.531875699600981E-006
  3.679592708166970E-006
  3.827467415250437E-006
  3.975497283109292E-006
  4.123680194512663E-006
  4.272012586337349E-006
  4.420490916283013E-006
  4.569113278913680E-006
  4.717876898790768E-006
  4.866778678467088E-006
  5.015816126793936E-006
  5.164986350188746E-006
  5.314285900813231E-006
  5.463712443008986E-006
  5.613262843998654E-006
  5.762933899543182E-006
  5.912723123231322E-006
  6.062627076133856E-006
  6.212643252991243E-006
  6.362768360862412E-006
  6.512999276694917E-006
  6.663333405936417E-006
  6.813766952282566E-006
  6.964297593403773E-006
  7.114921761808616E-006
  7.265636556790007E-006
  7.416438691841363E-006
  7.567325247166627E-006
  7.718293003145405E-006
  7.869338848019061E-006
  8.020459445259176E-006
  8.171651852815368E-006
  8.322912688296263E-006
  8.474238880973595E-006
  8.625626889508404E-006
  8.777074001447379E-006
  8.928576286594105E-006
  9.080130914314035E-006
  9.231734642402001E-006
  9.383384003668812E-006
  9.535076016481403E-006
  9.686806641973304E-006
  9.838573181706999E-006
  9.990372404495807E-006
  1.014220036348801E-005
  1.029405404980874E-005
  1.044593020729431E-005
  1.059782519188222E-005
  1.074973588578309E-005
  1.090165879766849E-005
  1.105359026322896E-005
  1.120552711754112E-005
  1.135746583510494E-005
  1.150940302543811E-005
  1.166133525626097E-005
  1.181325920876693E-005
  1.196517125364681E-005
  1.211706760468545E-005
  1.226894520013312E-005
  1.242080079776500E-005
  1.257263054715758E-005
  1.272443067775418E-005
  1.287619820384166E-005
  1.302792947288209E-005
  1.317962069140254E-005
  1.333126891081123E-005
  1.348286994087845E-005
  1.363442080065048E-005
  1.378591755113789E-005
  1.393735715249278E-005
  1.408873561071861E-005
  1.424004987934820E-005
  1.439129561890014E-005
  1.454246991592869E-005
  1.469356889855685E-005
  1.484458936014702E-005
  1.499552751474124E-005
  1.514638002934543E-005
  1.529714291260210E-005
  1.544781323394373E-005
  1.559838681215610E-005
  1.574886065533465E-005
  1.589923063568853E-005
  1.604949412456189E-005
  1.619964645159335E-005
  1.634968450074531E-005
  1.649960519845257E-005
  1.664940428227750E-005
  1.679907874224985E-005
  1.694862482091558E-005
  1.709803882702936E-005
  1.724731762198414E-005
  1.739645741760357E-005
  1.754545493801065E-005
  1.769430661740502E-005
  1.784300829535916E-005
  1.799155737587560E-005
  1.813995037514127E-005
  1.828818319115831E-005
  1.843625242056757E-005
  1.858415494889396E-005
  1.873188744696207E-005
  1.887944593556181E-005
  1.902682662312727E-005
  1.917402679090767E-005
  1.932104354882867E-005
  1.946787261883407E-005
  1.961451058334804E-005
  1.976095409575993E-005
  1.990719956181433E-005
  2.005324438028336E-005
  2.019908529514479E-005
  2.034471811927266E-005
  2.049013959758201E-005
  2.063534633799315E-005
  2.078033523892289E-005
  2.092510289055443E-005
  2.106964621502768E-005
  2.121396276300356E-005
  2.135804777436235E-005
  2.150189927189538E-005
  2.164551337222460E-005
  2.178888657556747E-005
  2.193201581329613E-005
  2.207489818834234E-005
  2.221753044709947E-005
  2.235990910343743E-005
  2.250203147953170E-005
  2.264389442794951E-005
  2.278549458856732E-005
  2.292682925105829E-005
  2.306789529704025E-005
  2.320868914443193E-005
  2.334920838561664E-005
  2.348945015847541E-005
  2.362941067451456E-005
  2.376908776214925E-005
  2.390847803129512E-005
  2.404757865310541E-005
  2.418638671445998E-005
  2.432489894279557E-005
  2.446311361103908E-005
  2.460102672445824E-005
  2.473863630978207E-005
  2.487593910641271E-005
  2.501293148769563E-005
  2.514961231595037E-005
  2.528597796259091E-005
  2.542202669791020E-005
  2.555775425269568E-005
  2.569315950578118E-005
  2.582823890488990E-005
  2.596299066598923E-005
  2.609741094266682E-005
  2.623149806999691E-005
  2.636524892487518E-005
  2.649866204251218E-005
  2.663173400331639E-005
  2.676446316683689E-005
  2.689684643821120E-005
  2.702888111932750E-005
  2.716056553830613E-005
  2.729189688312181E-005
  2.742287369281164E-005
  2.755349267194097E-005
  2.768375172710855E-005
  2.781364884774453E-005
  2.794318173420701E-005
  2.807234900510831E-005
  2.820114713359379E-005
  2.832957453045084E-005
  2.845762931607800E-005
  2.858530942387633E-005
  2.871261285732992E-005
  2.883953687528185E-005
  2.896608002535422E-005
  2.909224090125816E-005
  2.921801714537134E-005
  2.934340583711212E-005
  2.946840654052535E-005
  2.959301740798672E-005
  2.971723556692376E-005
  2.984105965643054E-005
  2.996448839693930E-005
  3.008751984086686E-005
  3.021015126571826E-005
  3.033238246284941E-005
  3.045421194452786E-005
  3.057563633829370E-005
  3.069665524409785E-005
  3.081726771368285E-005
  3.093747131545862E-005
  3.105726444328386E-005
  3.117664625409501E-005
  3.129561476655847E-005
  3.141416880426889E-005
  3.153230771900537E-005
  3.165002924879342E-005
  3.176733195355484E-005
  3.188421559499509E-005
  3.200067774917879E-005
  3.211671790256196E-005
  3.223233534424128E-005
  3.234752747766241E-005
  3.246229434410553E-005
  3.257663474712256E-005
  3.269054680184781E-005
  3.280403070296131E-005
  3.291708471924246E-005
  3.302970777633403E-005
  3.314189974821707E-005
  3.325365854539072E-005
  3.336498391221291E-005
  3.347587528911796E-005
  3.358633084666973E-005
  3.369635116158601E-005
  3.380593420805024E-005
  3.391508011850015E-005
  3.402378814442431E-005
  3.413205676155434E-005
  3.423988653905665E-005
  3.434727575453193E-005
  3.445422453006844E-005
  3.456073220132984E-005
  3.466679771544619E-005
  3.477242173907704E-005
  3.487760204212304E-005
  3.498233987672935E-005
  3.508663391692822E-005
  3.519048402720001E-005
  3.529389009815550E-005
  3.539685102036548E-005
  3.549936768708415E-005
  3.560143840831452E-005
  3.570306422994844E-005
  3.580424398311352E-005
  3.590497815835278E-005
  3.600526624469916E-005
  3.610510810130436E-005
  3.620450412707347E-005
  3.630345278266060E-005
  3.640195587140072E-005
  3.650001185560889E-005
  3.659762185561717E-005
  3.669478518567548E-005
  3.679150239588091E-005
  3.688777327725665E-005
  3.698359792708532E-005
  3.707897668253129E-005
  3.717390889823072E-005
  3.726839591403257E-005
  3.736243681533796E-005
  3.745603311252379E-005
  3.754918361575268E-005
  3.764189013758018E-005
  3.773415116372639E-005
  3.782596860354064E-005
  3.791734200821246E-005
  3.800827213547226E-005
  3.809875945939279E-005
  3.818880333906897E-005
  3.827840537159391E-005
  3.836756557915730E-005
  3.845628511847388E-005
  3.854456299312219E-005
  3.863240098103327E-005
  3.871979887121277E-005
  3.880675837399290E-005
  3.889327848908291E-005
  3.897936105091649E-005
  3.906500627593679E-005
  3.915021534047442E-005
  3.923498762913902E-005
  3.931932493621352E-005
  3.940322784499901E-005
  3.948669702321440E-005
  3.956973254986123E-005
  3.965233646512645E-005
  3.973450867036880E-005
  3.981624984135169E-005
  3.989756143508769E-005
  3.997844417568524E-005
  4.005889826708581E-005
  4.013892543119983E-005
  4.021852622870491E-005
  4.029770099063634E-005
  4.037645223648209E-005
  4.045477903311730E-005
  4.053268361401903E-005
  4.061016700505686E-005
  4.068722890423449E-005
  4.076387159967516E-005
  4.084009607529960E-005
  4.091590250897966E-005
  4.099129335750340E-005
  4.106626759804851E-005
  4.114082889858277E-005
  4.121497587402504E-005
  4.128871166372280E-005
  4.136203622519156E-005
  4.143495113201613E-005
  4.150745777796115E-005
  4.157955654423878E-005
  4.165124971644551E-005
  4.172253717009410E-005
  4.179342190234832E-005
  4.186390289303599E-005
  4.193398380674280E-005
  4.200366326202528E-005
  4.207294552691754E-005
  4.214182885492431E-005
  4.221031734376633E-005
  4.227840955728161E-005
  4.234610945491488E-005
  4.241341607801241E-005
  4.248033267025822E-005
  4.254685932482504E-005
  4.261299779712332E-005
  4.267875010066412E-005
  4.274411575843937E-005
  4.280909872654954E-005
  4.287369746570011E-005
  4.293791595747592E-005
  4.300175490309762E-005
  4.306521443896924E-005
  4.312829822436770E-005
  4.319100511654156E-005
  4.325333833739693E-005
  4.331530005845124E-005
  4.337688818014625E-005
  4.343810831320368E-005
  4.349896033030065E-005
  4.355944425265872E-005
  4.361956415759953E-005
  4.367932046491934E-005
  4.373871267356504E-005
  4.379774560266528E-005
  4.385642040566766E-005
  4.391473429428218E-005
  4.397269386038169E-005
  4.403029971557435E-005
  4.408755102240414E-005
  4.414444993913283E-005
  4.420100050311105E-005
  4.425720371360161E-005
  4.431305726828533E-005
  4.436856545361792E-005
  4.442373119475691E-005
  4.447855622500818E-005
  4.453303966874188E-005
  4.458718117631460E-005
  4.464098621631867E-005
  4.469445701793012E-005
  4.474759476257801E-005
  4.480040083803744E-005
  4.485287084507736E-005
  4.490501106464333E-005
  4.495682478056856E-005
  4.500831310118419E-005
  4.505947863586500E-005
  4.511032163812672E-005
  4.516084420333715E-005
  4.521104723647524E-005
  4.526093274298258E-005
  4.531050243745056E-005
  4.535974426964029E-005
  4.540867532408456E-005
  4.545729632644137E-005
  4.550560808651639E-005
  4.555361341396173E-005
  4.560131205962497E-005
  4.564870720822215E-005
  4.569579936177971E-005
  4.574259095867862E-005
  4.578908109108062E-005
  4.583527368434194E-005
  4.588116961644887E-005
  4.592677006237125E-005
  4.597207746095693E-005
  4.601709199547885E-005
  4.606181472299649E-005
  4.610625060537622E-005
  4.615039853003536E-005
  4.619426246663467E-005
  4.623783779555182E-005
  4.628113306728430E-005
  4.632415521018541E-005
  4.636688184160587E-005
  4.640924359477949E-005
  4.647351315534289E-005
  4.649323353072804E-005
  4.653507092757577E-005
  4.657640731791194E-005
  4.661749423525326E-005
  4.665829979002883E-005
  4.669885551027393E-005
  4.673913785745680E-005
  4.677915628120535E-005
  4.681891103699367E-005
  4.685840953858948E-005
  4.689764810177187E-005
  4.693662776946689E-005
  4.697535208043375E-005
  4.701382123339869E-005
  4.705203839261229E-005
  4.709000371549538E-005
  4.712771922812097E-005
  4.716518600789360E-005
  4.720240582855412E-005
  4.723938071964988E-005
  4.727611110510065E-005
  4.731259958710695E-005
  4.734884703941517E-005
  4.738485486878174E-005
  4.742062493343780E-005
  4.745615846396449E-005
  4.749145696776020E-005
  4.752652217993352E-005
  4.756135541939225E-005
  4.759595801009575E-005
  4.763033165449724E-005
  4.766447773430085E-005
  4.769839766042619E-005
  4.773209282244364E-005
  4.776556482096553E-005
  4.779881498339991E-005
  4.783184484321895E-005
  4.786465570686595E-005
  4.789724915746060E-005
  4.792962662109431E-005
  4.796178921275536E-005
  4.799373860011252E-005
  4.802547626579919E-005
  4.805700335824667E-005
  4.808832140675792E-005
  4.811943199634707E-005
  4.815033622588111E-005
  4.818103534192476E-005
  4.821153123377340E-005
  4.824182480145736E-005
  4.827191745179780E-005
  4.830181087131299E-005
  4.833150621783253E-005
  4.836100444226744E-005
  4.839030746034050E-005
  4.841941650099548E-005
  4.844833232524723E-005
  4.847705691508480E-005
  4.850559155790326E-005
  4.853393689295235E-005
  4.856209477922211E-005
  4.859006660173035E-005
  4.861785325102420E-005
  4.864545599407482E-005
  4.867287647107176E-005
  4.870011592060725E-005
  4.872717486256462E-005
  4.875405535428622E-005
  4.878075859558176E-005
  4.880728525188741E-005
  4.883363689221618E-005
  4.885981495340824E-005
  4.888582047227150E-005
  4.891165415167670E-005
  4.893731788969336E-005
  4.896281279894151E-005
  4.898813970505931E-005
  4.901329982665088E-005
  4.903829463589218E-005
  4.906312522435256E-005
  4.908779242089047E-005
  4.911229760596686E-005
  4.913664197353932E-005
  4.916082679737443E-005
  4.918485248714849E-005
  4.920872082376253E-005
  4.923243299867327E-005
  4.925599014685284E-005
  4.927939254781737E-005
  4.930264193868620E-005
  4.932573959211316E-005
  4.934868646332168E-005
  4.937148264989554E-005
  4.939413005322104E-005
  4.941662954344854E-005
  4.943898193739352E-005
  4.946118774152683E-005
  4.948324913806391E-005
  4.950516761663431E-005
  4.952694362872945E-005
  4.954857776190564E-005
  4.957007041565089E-005
  4.959142250140895E-005
  4.961263434938017E-005
  4.963370687162955E-005
  4.965464024058167E-005
  4.967543567836563E-005
  4.969609401238370E-005
  4.971661595522031E-005
  4.973700145360034E-005
  4.975725165692069E-005
  4.977736745894970E-005
  4.979734941456797E-005
  4.981719804027939E-005
  4.983691300942935E-005
  4.985649586943945E-005
  4.987594688716821E-005
  4.989526666485820E-005
  4.991445565718479E-005
  4.993351313654597E-005
  4.995244063588332E-005
  4.997123848578169E-005
  4.998990688016784E-005
  5.000844618246689E-005
  5.002685595204995E-005
  5.004513680471853E-005
  5.006328941078577E-005
  5.008131377594396E-005
  5.009921017197861E-005
  5.011697858558208E-005
  5.013461843881946E-005
  5.015213033899288E-005
  5.016951469806760E-005
  5.018677169019442E-005
  5.020390173620663E-005
  5.022090485515239E-005
  5.023778052124014E-005
  5.025452811209549E-005
  5.027114801353731E-005
  5.028764001382469E-005
  5.030400362923154E-005
  5.032023881093697E-005
  5.033634553171190E-005
  5.035232438023255E-005
  5.036817272773563E-005
  5.038389222802025E-005
  5.039948184372723E-005
  5.041494140775680E-005
  5.043027187974046E-005
  5.044547183909050E-005
  5.046054006038608E-005
  5.047547813086640E-005
  5.049028405299619E-005
  5.050495847884468E-005
  5.051950024473212E-005
  5.053390811873997E-005
  5.054818441026770E-005
  5.056232514315461E-005
  5.057632898209430E-005
  5.059019745313905E-005
  5.060392943617866E-005
  5.061752816278046E-005
  5.063098713901575E-005
  5.064430732355934E-005
  5.065748877739199E-005
  5.067053136161117E-005
  5.068343121405413E-005
  5.069618982296556E-005
  5.070880659798920E-005
  5.072127899461864E-005
  5.073360696653678E-005
  5.074579032559344E-005
  5.075782604176356E-005
  5.076971461107129E-005
  5.078145464448462E-005
  5.079304398606425E-005
  5.080448316965523E-005
  5.081576724009300E-005
  5.082689917383960E-005
  5.083787535726211E-005
  5.084869497370869E-005
  5.085935782924465E-005
  5.086986041600085E-005
  5.088020438414580E-005
  5.089038529008926E-005
  5.090040308303625E-005
  5.091025420181066E-005
  5.091993803533647E-005
  5.092945320602842E-005
  5.093879863948732E-005
  5.094797253987087E-005
  5.095697255655943E-005
  5.096579728299804E-005
  5.097444480477030E-005
  5.098291359409395E-005
  5.099120070905426E-005
  5.099930474248409E-005
  5.100722486131785E-005
  5.101495895047476E-005
  5.102250470517715E-005
  5.102986036855009E-005
  5.103702412102449E-005
  5.104399504203991E-005
  5.105077025353861E-005
  5.105734835446276E-005
  5.106372770003670E-005
  5.106990714200453E-005
  5.107588441775493E-005
  5.108165800647153E-005
  5.108722746751301E-005
  5.109259070964861E-005
  5.109774676737933E-005
  5.110269526860116E-005
  5.110743447382631E-005
  5.111196429859144E-005
  5.111628468064175E-005
  5.112039469780153E-005
  5.112429547451499E-005
  5.112798653060415E-005
  5.113146929335356E-005
  5.113474458774777E-005
  5.113781383009353E-005
  5.114067944098637E-005
  5.114334310567614E-005
  5.114580847667866E-005
  5.114807825066554E-005
  5.115015710381270E-005
  5.115204899272908E-005
  5.115375975378833E-005
  5.115529473820536E-005
  5.115666075135320E-005
  5.115786490792754E-005
  5.115891513400166E-005
  5.115982040100714E-005
  5.116058993340423E-005
  5.116123405185196E-005
  5.116176372313203E-005
  5.116219057506720E-005
  5.116252673887165E-005
  5.116278543993588E-005
  5.116297970444550E-005
  5.116312406415364E-005
  5.116323191078890E-005
  5.116331905281766E-005
  5.116339898524686E-005
  5.116348702254492E-005
  5.116359748812203E-005
  5.116374404748030E-005
  5.116394115448463E-005
  5.116420069799548E-005
  5.116453449029816E-005
  5.116495402277156E-005
  5.116546768834690E-005
  5.116608326094288E-005
  5.116680721610924E-005
  5.116764389780462E-005
  5.116859509424815E-005
  5.116966131685854E-005
  5.117084132468010E-005
  5.117213185542713E-005
  5.117352820957756E-005
  5.117502313002674E-005
  5.117660858891394E-005
  5.117827566684267E-005
  5.118001424467757E-005
  5.118181405852478E-005
  5.118366437570900E-005
  5.118555405374558E-005
  5.118747253363250E-005
  5.118940926902640E-005
  5.119135563047954E-005
  5.119330114209957E-005
  5.119523713221196E-005
  5.119715594822030E-005
  5.119905050601240E-005
  5.120091473291460E-005
  5.120274282942123E-005
  5.120453004243661E-005
  5.120627217214377E-005
  5.120796544967695E-005
  5.120960689864622E-005
  5.121119346828418E-005
  5.121272338032352E-005
  5.121419426177667E-005
  5.121560470977683E-005
  5.121695341754835E-005
  5.121823904009516E-005
  5.121946067724413E-005
  5.122061757987908E-005
  5.122170921652232E-005
  5.122273472293157E-005
  5.122369381901668E-005
  5.122458616393886E-005
  5.122542325639270E-005
  5.122621947404996E-005
  5.122696770762454E-005
  5.122766244371900E-005
  5.122829936394595E-005
  5.122887522521846E-005
  5.122938724408322E-005
  5.122983366080922E-005
  5.123021289156620E-005
  5.123052381160793E-005
  5.123076535056872E-005
  5.123093681192680E-005
  5.123103814388271E-005
  5.123106831885530E-005
  5.123102727342011E-005
  5.123091498302302E-005
  5.123073077842633E-005
  5.123047475372510E-005
  5.123014652412876E-005
  5.122974567505510E-005
  5.122927215439401E-005
  5.122872608448476E-005
  5.122810727711215E-005
  5.122741544066727E-005
  5.122665041707071E-005
  5.122581227434937E-005
  5.122490079282469E-005
  5.122391621809403E-005
  5.122285757275928E-005
  5.122172497752955E-005
  5.122051847913883E-005
  5.121923780051668E-005
  5.121788299167324E-005
  5.121645350020467E-005
  5.121494966332071E-005
  5.121337100136462E-005
  5.121171705652469E-005
  5.120998814411519E-005
  5.120818382706752E-005
  5.120630386143769E-005
  5.120434830307648E-005
  5.120231661917122E-005
  5.120020867878757E-005
  5.119802475870662E-005
  5.119576410304333E-005
  5.119342615082904E-005
  5.119101128389860E-005
  5.118851943619551E-005
  5.118595000708383E-005
  5.118330322942501E-005
  5.118057792017300E-005
  5.117777440737881E-005
  5.117489239672799E-005
  5.117193161778006E-005
  5.116889209515794E-005
  5.116577320920692E-005
  5.116257500464670E-005
  5.115929743020928E-005
  5.115593972101039E-005
  5.115250203029101E-005
  5.114898401912210E-005
  5.114538539931174E-005
  5.114170580226044E-005
  5.113794556877537E-005
  5.113410351499984E-005
  5.113017975890267E-005
  5.112617406132748E-005
  5.112208655478650E-005
  5.111791681980094E-005
  5.111366687849591E-005
  5.110933390572580E-005
  5.110491744389728E-005
  5.110041718791641E-005
  5.109583342498581E-005
  5.109116562208830E-005
  5.108641397845467E-005
  5.108157806849126E-005
  5.107665783502664E-005
  5.107165274872389E-005
  5.106656328178432E-005
  5.106138863541030E-005
  5.105612897395381E-005
  5.105078412367366E-005
  5.104535375622896E-005
  5.103983776154516E-005
  5.103423615392981E-005
  5.102854833082271E-005
  5.102277434636527E-005
  5.101691427397765E-005
  5.101096791461489E-005
  5.100493488517748E-005
  5.099881537682676E-005
  5.099264881094771E-005
  5.098644725804608E-005
  5.098019317187353E-005
  5.097387537496615E-005
  5.096748727659047E-005
  5.096102469610091E-005
  5.095448553531249E-005
  5.094786814874647E-005
  5.094117108423817E-005
  5.093439408945432E-005
  5.092753788225914E-005
  5.092060101415025E-005
  5.091358437813863E-005
  5.090648753235392E-005
  5.089931082016201E-005
  5.089205469004228E-005
  5.088471950411939E-005
  5.087730501667057E-005
  5.086981148016989E-005
  5.086223872761869E-005
  5.085458804148555E-005
  5.084685926909350E-005
  5.083905340431674E-005
  5.083116905886985E-005
  5.082320821161291E-005
  5.081517044060298E-005
  5.080705657166426E-005
  5.079886698799045E-005
  5.079060181880529E-005
  5.078226140377977E-005
  5.077384679829044E-005
  5.076535739241752E-005
  5.075679470427176E-005
  5.074815972176333E-005
  5.073945177746352E-005
  5.073067233935975E-005
  5.072182263296027E-005
  5.071290153052399E-005
  5.070391083509737E-005
  5.069485122013038E-005
  5.068572264090349E-005
  5.067652582473166E-005
  5.066726238892800E-005
  5.065793222700708E-005
  5.064853749104217E-005
  5.063907808396394E-005
  5.062955509237236E-005
  5.061996897219203E-005
  5.061032138855525E-005
  5.060061279121097E-005
  5.059084313209190E-005
  5.058101482806098E-005
  5.057112863720909E-005
  5.056118557432286E-005
  5.055118569662114E-005
  5.054113104261929E-005
  5.053102258086825E-005
  5.052086255751680E-005
  5.051065023189707E-005
  5.050038760653458E-005
  5.049007489055099E-005
  5.047971547265546E-005
  5.046930876493970E-005
  5.045885735639918E-005
  5.044836100134300E-005
  5.043782242137517E-005
  5.042724169134129E-005
  5.041662273291126E-005
  5.040596394617753E-005
  5.039526815430710E-005
  5.038453780556608E-005
  5.037377339345299E-005
  5.036297595706438E-005
  5.035214820382457E-005
  5.034129010873379E-005
  5.033040475181850E-005
  5.031949242892377E-005
  5.030855620603038E-005
  5.029759669430694E-005
  5.028661611565427E-005
  5.027561650929703E-005
  5.026459915019086E-005
  5.025356536696925E-005
  5.024251747788074E-005
  5.023145790186798E-005
  5.022038917491363E-005
  5.020931152928760E-005
  5.019822732452800E-005
  5.018713932726653E-005
  5.017604715643455E-005
  5.016495447546009E-005
  5.015386350179533E-005
  5.014277647947681E-005
  5.013169307232055E-005
  5.012061773536024E-005
  5.010955125464004E-005
  5.009849829783936E-005
  5.008745920740487E-005
  5.007643519800627E-005
  5.006542826822598E-005
  5.005444333199517E-005
  5.004348068657271E-005
  5.003254314441509E-005
  5.002163209373107E-005
  5.001075150051302E-005
  4.999990066535603E-005
  4.998908500866364E-005
  4.997830399823499E-005
  4.996756337302860E-005
  4.995686309011891E-005
  4.994620684683598E-005
  4.993559568907556E-005
  4.992503072152270E-005
  4.991451992877315E-005
  4.990406106383367E-005
  4.989365789559517E-005
  4.988331182346544E-005
  4.987302641139823E-005
  4.986280538738952E-005
  4.985264697623747E-005
  4.984255834215346E-005
  4.983254069692090E-005
  4.982259573411320E-005
  4.981272743868453E-005
  4.980293663611087E-005
  4.979322889102362E-005
  4.978360207744531E-005
  4.977406373315976E-005
  4.976461423203755E-005
  4.975525577228970E-005
  4.974599253240101E-005
  4.973682472523391E-005
  4.972775758208462E-005
  4.971879238653638E-005
  4.970993350330531E-005
  4.970118152195431E-005
  4.969254093127112E-005
  4.968401454449472E-005
  4.967560293754313E-005
  4.966731147065803E-005
  4.965914017985817E-005
  4.965109619555563E-005
  4.964317885210245E-005
  4.963538950300637E-005
  4.962773441964629E-005
  4.962021597063520E-005
  4.961283549825994E-005
  4.960559894386888E-005
  4.959850500542546E-005
  4.959155993968291E-005
  4.958476675689247E-005
  4.957812377149428E-005
  4.957163925801607E-005
  4.956531275179770E-005
  4.955915044299877E-005
  4.955315326499282E-005
  4.954732174495048E-005
  4.954166208686281E-005
  4.953616072976612E-005
  4.953083968470177E-005
  4.952570125518512E-005
  4.952075380518675E-005
  4.951599250359166E-005
  4.951142063942525E-005
  4.950704094517711E-005
  4.950286402339764E-005
  4.949888809725576E-005
  4.949511201265396E-005
  4.949154271331741E-005
  4.948818275085387E-005
  4.948503637993260E-005
  4.948210569424398E-005
  4.947939471782259E-005
  4.947690860098998E-005
  4.947464840987376E-005
  4.947261507165273E-005
  4.947081832868591E-005
  4.946925789147148E-005
  4.946793271087427E-005
  4.946686017761023E-005
  4.946602177782889E-005
  4.946543903356282E-005
  4.946511180423097E-005
  4.946504380807373E-005
  4.946523548130449E-005
  4.946569543581384E-005
  4.946642659941339E-005
  4.946743056687970E-005
  4.946871146363003E-005
  4.947027921727913E-005
  4.947212912048562E-005
  4.947426962788403E-005
  4.947670996043471E-005
  4.947944615444610E-005
  4.948248370780635E-005
  4.948583106335369E-005
  4.948949075880190E-005
  4.949346583034839E-005
  4.949773843165465E-005
  4.950233194464108E-005
  4.950725594737312E-005
  4.951252214889469E-005
  4.951812568309274E-005
  4.952407779592456E-005
  4.953038395729029E-005
  4.953704612548081E-005
  4.954406784286331E-005
  4.955145136239822E-005
  4.955920594195907E-005
  4.956733522510352E-005
  4.957584652244051E-005
  4.958474354444797E-005
  4.959403444581215E-005
  4.960372397729408E-005
  4.961381355810417E-005
  4.962431404824485E-005
  4.963522846832141E-005
  4.964653438119978E-005
  4.965826178682178E-005
  4.967042245037777E-005
  4.968302774058520E-005
  4.969607715691277E-005
  4.970956602247159E-005
  4.972351663710662E-005
  4.973792842472927E-005
  4.975280070318189E-005
  4.976815167333055E-005
  4.978397934751585E-005
  4.980029384878487E-005
  4.981708020995964E-005
  4.983434362061286E-005
  4.985210942452357E-005
  4.987032117577653E-005
  4.988901241164567E-005
  4.990819209568586E-005
  4.992785950831269E-005
  4.994804960376283E-005
  4.996876068112888E-005
  4.998998110230970E-005
  5.001169683482241E-005
  5.003393659999685E-005
  5.005670697023501E-005
  5.007989233695543E-005
  5.010356755303943E-005
  5.012779906704225E-005
  5.015257527434937E-005
  5.017787224040929E-005
  5.020371196801514E-005
  5.023009978463909E-005
  5.025703197473008E-005
  5.028450414529718E-005
  5.031250840156096E-005
  5.034099205920246E-005
  5.036999389462008E-005
  5.039950631512652E-005
  5.042951862400324E-005
  5.046001836820616E-005
  5.049095215109922E-005
  5.052233835127347E-005
  5.055416932230688E-005
  5.058642706322679E-005
  5.061907931951525E-005
  5.065208107111329E-005
  5.068544915264682E-005
  5.071915532902360E-005
  5.075316457971771E-005
  5.078742227743498E-005
  5.082193135615357E-005
  5.085666090402206E-005
  5.089156963956777E-005
  5.092659022628307E-005
  5.096172745677764E-005
  5.099693241215408E-005
  5.103215316876643E-005
  5.106733899028321E-005
  5.110246736371687E-005
  5.113748838615771E-005
  5.117232494826773E-005
  5.120689168669781E-005
  5.124119004660697E-005
  5.127516952496848E-005
  5.130878384607918E-005
  5.134199623853224E-005
  5.137473927616195E-005
  5.140695365956106E-005
  5.143860901219719E-005
  5.146964351651260E-005
  5.149998664234971E-005
  5.152962043289756E-005
  5.155848734555804E-005
  5.158651614633027E-005
  5.161369589326603E-005
  5.163997879706559E-005
  5.166530237655804E-005
  5.168965809603326E-005
  5.171301376359650E-005
  5.173532949929356E-005
  5.175658235239379E-005
  5.177676676992408E-005
  5.179586147278413E-005
  5.181384303266042E-005
  5.183073227662372E-005
  5.184652661338036E-005
  5.186121933512357E-005
  5.187482365690592E-005
  5.188737016451465E-005
  5.189887930312652E-005
  5.190937612724544E-005
  5.191887849785137E-005
  5.192743565651938E-005
  5.193508966377020E-005
  5.194188031380740E-005
  5.194785062924529E-005
  5.195303943328229E-005
  5.195748573645803E-005
  5.196123477457507E-005
  5.196432747295924E-005
  5.196683323741452E-005
  5.196871274786806E-005
  5.197001398076319E-005
  5.197074436424010E-005
  5.197089297117138E-005
  5.197044266902153E-005
  5.196935625274701E-005
  5.196757580612095E-005
  5.196501345650674E-005
  5.196156300266922E-005
  5.195708910059526E-005
  5.195144134744193E-005
  5.194443225561013E-005
  5.193583784476568E-005
  5.192542013865983E-005
  5.191291553159588E-005
  5.189802820163325E-005
  5.188046384100113E-005
  5.185990921647164E-005
  5.183605208478406E-005
  5.180860958553998E-005
  5.177730188434801E-005
  5.174191634280248E-005
  5.170230160776141E-005
  5.165838679028978E-005
  5.161020447740600E-005
  5.155799077979940E-005
  5.150198302424867E-005
  5.144264221232431E-005
  5.138060819281272E-005
  5.131668148326134E-005
  5.125183033298535E-005
  5.118717468867280E-005
  5.112394622124707E-005
  5.106361547889926E-005
  5.100736628841751E-005
  5.095640162733275E-005
  5.091180119820884E-005
  5.087443840016098E-005
  5.084484035274813E-005
  5.082317158222170E-005
  5.080917972212503E-005
  5.080215671759603E-005
  5.080105599140229E-005
  5.080474969110827E-005
  5.081212318125265E-005
  5.082212937475587E-005
  5.083397519902896E-005
  5.084705659217327E-005
  5.086097790951561E-005
  5.087547015383312E-005
  5.089038284311514E-005
  5.090562145361899E-005
  5.092108611550851E-005
  5.093673861794207E-005
  5.095255220016238E-005
  5.096850670313459E-005
  5.098457508912666E-005
  5.100074276986715E-005
  5.101699714528149E-005
  5.103332316320613E-005
  5.104970002348372E-005
  5.106612756677794E-005
  5.108259356428682E-005
  5.109907864056055E-005
  5.111558435934961E-005
  5.113208952007390E-005
  5.114859413715197E-005
  5.116509032848409E-005
  5.118157286586226E-005
  5.119802803655853E-005
  5.121445069077049E-005
  5.123083655841143E-005
  5.124718037645885E-005
  5.126347155857241E-005
  5.127971148361485E-005
  5.129588356693488E-005
  5.131199468677137E-005
  5.132803475228412E-005
  5.134399246522759E-005
  5.135987360709525E-005
  5.137566409086767E-005
  5.139136866957654E-005
  5.140697333606571E-005
  5.142247750247353E-005
  5.143787958547802E-005
  5.145317019738303E-005
  5.146834718507662E-005
  5.148340295177620E-005
  5.149833698615408E-005
  5.151314623012844E-005
  5.152782154939963E-005
  5.154235941398966E-005
  5.155675948088216E-005
  5.157101429067709E-005
  5.158511985880122E-005
  5.159907370497454E-005
  5.161286959858541E-005
  5.162650386978289E-005
  5.163997215058804E-005
  5.165326697426061E-005
  5.166639368557482E-005
  5.167933669558759E-005
  5.169209913459355E-005
  5.170467366288048E-005
  5.171705680622992E-005
  5.172924467989452E-005
  5.174122995347741E-005
  5.175301155022894E-005
  5.176458407955194E-005
  5.177594312651856E-005
  5.178708244566944E-005
  5.179800113517735E-005
  5.180869017827974E-005
  5.181914789475895E-005
  5.182936832407680E-005
  5.183935067625278E-005
  5.184907879507092E-005
  5.185808900997869E-005
  5.186728774117921E-005
  5.187622618131261E-005
  5.188490785168606E-005
  5.189331934796121E-005
  5.190146159558760E-005
  5.190932487543502E-005
  5.191690539860581E-005
  5.192419746903936E-005
  5.193119574245886E-005
  5.193789469955466E-005
  5.194428880723073E-005
  5.195037230252783E-005
  5.195613946218774E-005
  5.196158356817675E-005
  5.196670734038536E-005
  5.197154138450389E-005
  5.197603300685744E-005
  5.198025290281060E-005
  5.198405427817423E-005
  5.198738861060644E-005
  5.199035319865551E-005
  5.199294264944865E-005
  5.199515030508263E-005
  5.199697069834402E-005
  5.199839830669152E-005
  5.199942859791579E-005
  5.200005893530540E-005
  5.200028890264144E-005
  5.200012279898234E-005
  5.199957178277725E-005
  5.199865802998510E-005
  5.199741972984638E-005
  5.199591776034773E-005
  5.199424093533037E-005
  5.199250338812480E-005
  5.199085084888262E-005
  5.198945557865379E-005
  5.198851329429992E-005
  5.198802459452043E-005
  5.198758831903496E-005
  5.198721009825307E-005
  5.198688530578418E-005
  5.198662530131225E-005
  5.198642647897482E-005
  5.198628372315234E-005
  5.198620050250028E-005
  5.198618130036709E-005
  5.198621383565116E-005
  5.198630551937392E-005
  5.198645236199481E-005
  5.198664747899041E-005
  5.198689609607088E-005
  5.198718895199643E-005
  5.198752542027779E-005
  5.198790034593324E-005
  5.198831122060162E-005
  5.198875405115863E-005
  5.198922518046661E-005
  5.198972035706394E-005
  5.199023479600733E-005
  5.199076407276519E-005
  5.199130550177753E-005
  5.199185466459520E-005
  5.199240712847689E-005
  5.199295889808203E-005
  5.199350702044244E-005
  5.199404644262737E-005
  5.199457469209809E-005
  5.199508855691853E-005
  5.199558521067782E-005
  5.199606195469909E-005
  5.199651614095997E-005
  5.199694513652129E-005
  5.199734834034669E-005
  5.199772360804894E-005
  5.199807000291846E-005
  5.199838704365616E-005
  5.199867425049554E-005
  5.199893192280425E-005
  5.199915997959695E-005
  5.199935939210271E-005
  5.199953155511523E-005
  5.199760113018309E-005
  5.199339165122793E-005
  5.198720843034961E-005
  5.197906447601862E-005
  5.196897073304919E-005
  5.195693432833049E-005
  5.194295913497964E-005
  5.192704665086493E-005
  5.190919461955590E-005
  5.188939728154305E-005
  5.186764514188553E-005
  5.184392518778198E-005
  5.181822352591570E-005
  5.179051856202015E-005
  5.176078621209425E-005
  5.172899921134156E-005
  5.169512508878697E-005
  5.165912791929216E-005
  5.162096728428790E-005
  5.158060089076113E-005
  5.153797801741330E-005
  5.149304308420604E-005
  5.144573817372831E-005
  5.139599811075442E-005
  5.134375272337851E-005
  5.128892670287420E-005
  5.123143882052600E-005
  5.117120161071037E-005
  5.110812121570097E-005
  5.104209692454762E-005
  5.097302128896841E-005
  5.090077980935807E-005
  5.082524936906590E-005
  5.074629873438271E-005
  5.066378885255369E-005
  5.057757417626622E-005
  5.048749386706743E-005
  5.039337932138624E-005
  5.029505702784006E-005
  5.019233717476859E-005
  5.008502195106020E-005
  4.997289951170297E-005
  4.985574768224610E-005
  4.973332840083739E-005
  4.960539002056773E-005
  4.947166750270978E-005
  4.933187523019995E-005
  4.918571964248269E-005
  4.903288958759455E-005
  4.887305448604753E-005
  4.870586446034252E-005
  4.853094987164027E-005
  4.834791965606210E-005
  4.815636573801220E-005
  4.795585111306165E-005
  4.774592635784706E-005
  4.752611286147119E-005
  4.729590622675459E-005
  4.705477951037675E-005
  4.680217699924198E-005
  4.653751810977633E-005
  4.626019427792729E-005
  4.596956617422811E-005
  4.566496899224358E-005
  4.534571747879719E-005
  4.501108982973507E-005
  4.466032831345877E-005
  4.429267488199622E-005
  4.390731662810377E-005
  4.350343931469321E-005
  4.308018955968060E-005
  4.263669642752993E-005
  4.217208358899506E-005
  4.168546095775147E-005
  4.117591524482902E-005
  4.064255887582285E-005
  4.008448048621283E-005
  3.950079877409661E-005
  3.889062136083226E-005
  3.825314715517660E-005
  3.758755327578699E-005
  3.689310529298519E-005
  3.616915385985656E-005
  3.541504352180076E-005
  3.463030966698720E-005
  3.381455275447498E-005
  3.296744544954461E-005
  3.208896698904229E-005
  3.117921262361385E-005
  3.023803810086129E-005
  2.926618753792192E-005
  2.826416436203669E-005
  2.723276740090268E-005
  2.617247056628240E-005
  2.508519699570174E-005
  2.397042487943968E-005
  2.283252682262350E-005
