  2.884341725308031E-005
  5.889520241297522E-006
  4.585575784676233E-006
  2.935263588134362E-006
  1.613471646875348E-006
  1.200000017881393E-006
  1.200000017881393E-006
  1.200000017881393E-006
  1.200000017881393E-006
  1.200000017881393E-006
  1.200000017881393E-006
  1.200000017881393E-006
  1.200000017881393E-006
  1.200000017881393E-006
  1.200000017881393E-006
  1.200000017881393E-006
  1.200000017881393E-006
  1.200000017881393E-006
  1.200000017881393E-006
  1.200000017881393E-006
  1.200000017881393E-006
  1.200000017881393E-006
  1.200000017881393E-006
  1.200000017881393E-006
  1.200000017881393E-006
  1.200000017881393E-006
  1.200000017881393E-006
  1.200000017881393E-006
  1.200000017881393E-006
  1.200000017881393E-006
  1.200000017881393E-006
  1.200000017881393E-006
  1.200000017881393E-006
  1.200000017881393E-006
  1.200000017881393E-006
  1.200000017881393E-006
  1.200000017881393E-006
  1.200000017881393E-006
  1.200000017881393E-006
  1.200000017881393E-006
  1.200000017881393E-006
  1.200000017881393E-006
  1.200000017881393E-006
  1.200000017881393E-006
  1.200000017881393E-006
  1.200000017881393E-006
  1.200000017881393E-006
  1.200000017881393E-006
  1.200000017881393E-006
  1.200000017881393E-006
  1.200000017881393E-006
  1.200000017881393E-006
  1.200000017881393E-006
  1.200000017881393E-006
  1.200000017881393E-006
  1.200000017881393E-006
  1.200000017881393E-006
  1.200000017881393E-006
  1.200000017881393E-006
  1.200000017881393E-006
  1.200000017881393E-006
  1.200000017881393E-006
  1.200000017881393E-006
  1.200000017881393E-006
  1.200000017881393E-006
  1.200000017881393E-006
  1.200000017881393E-006
  1.200000017881393E-006
  1.200000017881393E-006
  1.200000017881393E-006
  1.200000017881393E-006
  1.200000017881393E-006
  1.200000017881393E-006
  1.200000017881393E-006
  1.200000017881393E-006
  1.200000017881393E-006
  1.200000017881393E-006
  1.200000017881393E-006
  1.200000017881393E-006
  1.200000017881393E-006
  1.200000017881393E-006
  1.200000017881393E-006
  1.200000017881393E-006
  1.200000017881393E-006
  1.200000017881393E-006
  1.200000017881393E-006
  1.200000017881393E-006
  1.200000017881393E-006
  1.200000017881393E-006
  1.200000017881393E-006
  1.200000017881393E-006
  1.200000017881393E-006
  1.200000017881393E-006
  1.200000017881393E-006
  1.200000017881393E-006
  1.200000017881393E-006
  1.200000017881393E-006
  1.200000017881393E-006
  1.200000017881393E-006
  1.200000017881393E-006
  1.200000017881393E-006
  1.200000017881393E-006
  1.200000017881393E-006
  1.200000017881393E-006
  1.200000017881393E-006
  1.200000017881393E-006
  1.200000017881393E-006
  1.200000017881393E-006
  1.200000017881393E-006
  1.200000017881393E-006
  1.200000017881393E-006
  1.200000017881393E-006
  1.200000017881393E-006
  1.200000017881393E-006
  1.200000017881393E-006
  1.200000017881393E-006
  1.200000017881393E-006
  1.200000017881393E-006
  1.200000017881393E-006
  1.200000017881393E-006
  1.200000017881393E-006
  1.200000017881393E-006
  1.200000017881393E-006
  1.200000017881393E-006
  1.200000017881393E-006
  1.200000017881393E-006
  1.200000017881393E-006
  1.200000017881393E-006
  1.200000017881393E-006
  1.200000017881393E-006
  1.200000017881393E-006
  1.200000017881393E-006
  1.200000017881393E-006
  1.200000017881393E-006
  1.200000017881393E-006
  1.200000017881393E-006
  1.200000017881393E-006
  1.200000017881393E-006
  1.200000017881393E-006
  1.200000017881393E-006
  1.200000017881393E-006
  1.200000017881393E-006
  1.200000017881393E-006
  1.200000017881393E-006
  1.200000017881393E-006
  1.200000017881393E-006
  1.200000017881393E-006
  1.200000017881393E-006
  1.200000017881393E-006
  1.200000017881393E-006
  1.200000017881393E-006
  1.200000017881393E-006
  1.200000017881393E-006
  1.200000017881393E-006
  1.200000017881393E-006
  1.200000017881393E-006
  1.200000017881393E-006
  1.200000017881393E-006
  1.200000017881393E-006
  1.200000017881393E-006
  1.200000017881393E-006
  1.200000017881393E-006
  1.200000017881393E-006
  1.200000017881393E-006
  1.200000017881393E-006
  1.200000017881393E-006
  1.200000017881393E-006
  1.200000017881393E-006
  1.200000017881393E-006
  1.200000017881393E-006
  1.200000017881393E-006
  1.200000017881393E-006
  1.200000017881393E-006
  1.200000017881393E-006
  1.200000017881393E-006
  1.200000017881393E-006
  1.200000017881393E-006
  1.200000017881393E-006
  1.200000017881393E-006
  1.200000017881393E-006
  1.200000017881393E-006
  1.200000017881393E-006
  1.200000017881393E-006
  1.200000017881393E-006
  1.200000017881393E-006
  1.200000017881393E-006
  1.200000017881393E-006
  1.200000017881393E-006
  1.200000017881393E-006
  1.200000017881393E-006
  1.200000017881393E-006
  1.200000017881393E-006
  1.200000017881393E-006
  1.200000017881393E-006
  1.200000017881393E-006
  1.200000017881393E-006
  1.200000017881393E-006
  1.200000017881393E-006
  1.200000017881393E-006
  1.200000017881393E-006
  1.200000017881393E-006
  1.200000017881393E-006
  1.200000017881393E-006
  1.200000017881393E-006
  1.200000017881393E-006
  1.200000017881393E-006
  1.200000017881393E-006
  1.200000017881393E-006
  1.200000017881393E-006
  1.200000017881393E-006
  1.200000017881393E-006
  1.200000017881393E-006
  1.200000017881393E-006
  1.200000017881393E-006
  1.200000017881393E-006
  1.200000017881393E-006
  1.200000017881393E-006
  1.200000017881393E-006
  1.200000017881393E-006
  1.200000017881393E-006
  1.200000017881393E-006
  1.200000017881393E-006
  1.200000017881393E-006
  1.200000017881393E-006
  1.200000017881393E-006
  1.200000017881393E-006
  1.200000017881393E-006
  1.200000017881393E-006
  1.200000017881393E-006
  1.200000017881393E-006
  1.200000017881393E-006
  1.200000017881393E-006
  1.200000017881393E-006
  1.200000017881393E-006
  1.200000017881393E-006
  1.200000017881393E-006
  1.200000017881393E-006
  1.200000017881393E-006
  1.200000017881393E-006
  1.200000017881393E-006
  1.200000017881393E-006
  1.200000017881393E-006
  1.200000017881393E-006
  1.200000017881393E-006
  1.200000017881393E-006
  1.200000017881393E-006
  1.200000017881393E-006
  1.200000017881393E-006
  1.200000017881393E-006
  1.200000017881393E-006
  1.200000017881393E-006
  1.200000017881393E-006
  1.200000017881393E-006
  1.200000017881393E-006
  1.200000017881393E-006
  1.200000017881393E-006
  1.200000017881393E-006
  1.200000017881393E-006
  1.200000017881393E-006
  1.200000017881393E-006
  1.200000017881393E-006
  1.200000017881393E-006
  1.200000017881393E-006
  1.200000017881393E-006
  1.200000017881393E-006
  1.200000017881393E-006
  1.200000017881393E-006
  1.200000017881393E-006
  1.200000017881393E-006
  1.200000017881393E-006
  1.200000017881393E-006
  1.200000017881393E-006
  1.200000017881393E-006
  1.200000017881393E-006
  1.200000017881393E-006
  1.200000017881393E-006
  1.200000017881393E-006
  1.200000017881393E-006
  1.200000017881393E-006
  1.200000017881393E-006
  1.200000017881393E-006
  1.200000017881393E-006
  1.200000017881393E-006
  1.200000017881393E-006
  1.200000017881393E-006
  1.200000017881393E-006
  1.200000017881393E-006
  1.200000017881393E-006
  1.200000017881393E-006
  1.200000017881393E-006
  1.200000017881393E-006
  1.200000017881393E-006
  1.200000017881393E-006
  1.200000017881393E-006
  1.200000017881393E-006
  1.200000017881393E-006
  1.200000017881393E-006
  1.200000017881393E-006
  1.200000017881393E-006
  1.200000017881393E-006
  1.200000017881393E-006
  1.200000017881393E-006
  1.200000017881393E-006
  1.200000017881393E-006
  1.200000017881393E-006
  1.200000017881393E-006
  1.200000017881393E-006
  1.200000017881393E-006
  1.200000017881393E-006
  1.200000017881393E-006
  1.200000017881393E-006
  1.200000017881393E-006
  1.200000017881393E-006
  1.200000017881393E-006
  1.200000017881393E-006
  1.200000017881393E-006
  1.200000017881393E-006
  1.200000017881393E-006
  1.200000017881393E-006
  1.200000017881393E-006
  1.200000017881393E-006
  1.200000017881393E-006
  1.200000017881393E-006
  1.200000017881393E-006
  1.200000017881393E-006
  1.200000017881393E-006
  1.200000017881393E-006
  1.200000017881393E-006
  1.200000017881393E-006
  1.200000017881393E-006
  1.200000017881393E-006
  1.200000017881393E-006
  1.200000017881393E-006
  1.200000017881393E-006
  1.200000017881393E-006
  1.200000017881393E-006
  1.200000017881393E-006
  1.200000017881393E-006
  1.200000017881393E-006
  1.200000017881393E-006
  1.200000017881393E-006
  1.200000017881393E-006
  1.200000017881393E-006
  1.200000017881393E-006
  1.200000017881393E-006
  1.200000017881393E-006
  1.200000017881393E-006
  1.200000017881393E-006
  1.200000017881393E-006
  1.200000017881393E-006
  1.200000017881393E-006
  1.200000017881393E-006
  1.200000017881393E-006
  1.200000017881393E-006
  1.200000017881393E-006
  1.200000017881393E-006
  1.200000017881393E-006
  1.200000017881393E-006
  1.200000017881393E-006
  1.200000017881393E-006
  1.200000017881393E-006
  1.200000017881393E-006
  1.200000017881393E-006
  1.200000017881393E-006
  1.200000017881393E-006
  1.200000017881393E-006
  1.200000017881393E-006
  1.200000017881393E-006
  1.200000017881393E-006
  1.200000017881393E-006
  1.200000017881393E-006
  1.200000017881393E-006
  1.200000017881393E-006
  1.200000017881393E-006
  1.200000017881393E-006
  1.200000017881393E-006
  1.200000017881393E-006
  1.200000017881393E-006
  1.200000017881393E-006
  1.200000017881393E-006
  1.200000017881393E-006
  1.200000017881393E-006
  1.200000017881393E-006
  1.200000017881393E-006
  1.200000017881393E-006
  1.200000017881393E-006
  1.200000017881393E-006
  1.200000017881393E-006
  1.200000017881393E-006
  1.200000017881393E-006
  1.200000017881393E-006
  1.200000017881393E-006
  1.200000017881393E-006
  1.200000017881393E-006
  1.200000017881393E-006
  1.200000017881393E-006
  1.200000017881393E-006
  1.200000017881393E-006
  1.200000017881393E-006
  1.200000017881393E-006
  1.200000017881393E-006
  1.200000017881393E-006
  1.200000017881393E-006
  1.200000017881393E-006
  1.200000017881393E-006
  1.200000017881393E-006
  1.200000017881393E-006
  1.200000017881393E-006
  1.200000017881393E-006
  1.200000017881393E-006
  1.200000017881393E-006
  1.200000017881393E-006
  1.200000017881393E-006
  1.200000017881393E-006
  1.200000017881393E-006
  1.200000017881393E-006
  1.200000017881393E-006
  1.200000017881393E-006
  1.200000017881393E-006
  1.200000017881393E-006
  1.200000017881393E-006
  1.200000017881393E-006
  1.200000017881393E-006
  1.200000017881393E-006
  1.200000017881393E-006
  1.200000017881393E-006
  1.200000017881393E-006
  1.200000017881393E-006
  1.200000017881393E-006
  1.200000017881393E-006
  1.200000017881393E-006
  1.200000017881393E-006
  1.200000017881393E-006
  1.200000017881393E-006
  1.200000017881393E-006
  1.200000017881393E-006
  1.200000017881393E-006
  1.200000017881393E-006
  1.200000017881393E-006
  1.200000017881393E-006
  1.200000017881393E-006
  1.200000017881393E-006
  1.200000017881393E-006
  1.200000017881393E-006
  1.200000017881393E-006
  1.200000017881393E-006
  1.200000017881393E-006
  1.200000017881393E-006
  1.200000017881393E-006
  1.200000017881393E-006
  1.200000017881393E-006
  1.200000017881393E-006
  1.200000017881393E-006
  1.200000017881393E-006
  1.200000017881393E-006
  1.200000017881393E-006
  1.200000017881393E-006
  1.200000017881393E-006
  1.200000017881393E-006
  1.200000017881393E-006
  1.200000017881393E-006
  1.200000017881393E-006
  1.200000017881393E-006
  1.200000017881393E-006
  1.200000017881393E-006
  1.200000017881393E-006
  1.200000017881393E-006
  1.200000017881393E-006
  1.200000017881393E-006
  1.200000017881393E-006
  1.200000017881393E-006
  1.200000017881393E-006
  1.200000017881393E-006
  1.200000017881393E-006
  1.200000017881393E-006
  1.200000017881393E-006
  1.200000017881393E-006
  1.200000017881393E-006
  1.200000017881393E-006
  1.200000017881393E-006
  1.200000017881393E-006
  1.200000017881393E-006
  1.200000017881393E-006
  1.200000017881393E-006
  1.200000017881393E-006
  1.200000017881393E-006
  1.200000017881393E-006
  1.200000017881393E-006
  1.200000017881393E-006
  1.200000017881393E-006
  1.200000017881393E-006
  1.200000017881393E-006
  1.200000017881393E-006
  1.200000017881393E-006
  1.200000017881393E-006
  1.200000017881393E-006
  1.200000017881393E-006
  1.200000017881393E-006
  1.200000017881393E-006
  1.200000017881393E-006
  1.200000017881393E-006
  1.200000017881393E-006
  1.200000017881393E-006
  1.200000017881393E-006
  1.200000017881393E-006
  1.200000017881393E-006
  1.200000017881393E-006
  1.200000017881393E-006
  1.200000017881393E-006
  1.200000017881393E-006
  1.200000017881393E-006
  1.200000017881393E-006
  1.200000017881393E-006
  1.200000017881393E-006
  1.200000017881393E-006
  1.200000017881393E-006
  1.200000017881393E-006
  1.200000017881393E-006
  1.200000017881393E-006
  1.200000017881393E-006
  1.200000017881393E-006
  1.200000017881393E-006
  1.200000017881393E-006
  1.200000017881393E-006
  1.200000017881393E-006
  1.200000017881393E-006
  1.200000017881393E-006
  1.200000017881393E-006
  1.200000017881393E-006
  1.200000017881393E-006
  1.200000017881393E-006
  1.200000017881393E-006
  1.200000017881393E-006
  1.200000017881393E-006
  1.200000017881393E-006
  1.200000017881393E-006
  1.200000017881393E-006
  1.200000017881393E-006
  1.200000017881393E-006
  1.200000017881393E-006
  1.200000017881393E-006
  1.200000017881393E-006
  1.200000017881393E-006
  1.200000017881393E-006
  1.200000017881393E-006
  1.200000017881393E-006
  1.200000017881393E-006
  1.200000017881393E-006
  1.200000017881393E-006
  1.200000017881393E-006
  1.200000017881393E-006
  1.200000017881393E-006
  1.200000017881393E-006
  1.200000017881393E-006
  1.200000017881393E-006
  1.200000017881393E-006
  1.200000017881393E-006
  1.200000017881393E-006
  1.200000017881393E-006
  1.200000017881393E-006
  1.200000017881393E-006
  1.200000017881393E-006
  1.200000017881393E-006
  1.200000017881393E-006
  1.200000017881393E-006
  1.200000017881393E-006
  1.200000017881393E-006
  1.200000017881393E-006
  1.200000017881393E-006
  1.200000017881393E-006
  1.200000017881393E-006
  1.200000017881393E-006
  1.200000017881393E-006
  1.200000017881393E-006
  1.200000017881393E-006
  1.200000017881393E-006
  1.200000017881393E-006
  1.200000017881393E-006
  1.200000017881393E-006
  1.200000017881393E-006
  1.200000017881393E-006
  1.200000017881393E-006
  1.200000017881393E-006
  1.200000017881393E-006
  1.200000017881393E-006
  1.200000017881393E-006
  1.200000017881393E-006
  1.104986377423550E-007
  2.538063157071244E-007
  3.973257522969408E-007
  5.410556735417676E-007
  6.849944114530537E-007
  8.291399993380925E-007
  9.734902883806477E-007
  1.118043042104899E-006
  1.262795652643871E-006
  1.407746098825087E-006
  1.552892032977938E-006
  1.698230839166781E-006
  1.843760082437584E-006
  1.989477047620477E-006
  2.135379497808819E-006
  2.281464836483344E-006
  2.427730614006930E-006
  2.574173958623535E-006
  2.720792488803825E-006
  2.867583519817403E-006
  3.014544667569930E-006
  3.161672720644096E-006
  3.308965515696960E-006
  3.456420351996297E-006
  3.604034290725043E-006
  3.751804661165681E-006
  3.899728884784462E-006
  4.047804047994156E-006
  4.196027498713062E-006
  4.344397408785315E-006
  4.492908895886492E-006
  4.641560079322280E-006
  4.790348563502843E-006
  4.939270838383378E-006
  5.088324777263055E-006
  5.237506950214409E-006
  5.386814686983950E-006
  5.536245107721026E-006
  5.685794835144294E-006
  5.835461572459596E-006
  5.985241987150807E-006
  6.135133046978448E-006
  6.285131826994226E-006
  6.435235556296086E-006
  6.585440839996617E-006
  6.735744721995793E-006
  6.886144194476873E-006
  7.036636259413749E-006
  7.187217853825937E-006
  7.337885717559438E-006
  7.488636679785916E-006
  7.639467789703149E-006
  7.790375814268733E-006
  7.941357700783938E-006
  8.092410077385138E-006
  8.243529964995651E-006
  8.394714079962949E-006
  8.545959229794604E-006
  8.697262298974248E-006
  8.848619697335094E-006
  9.000028427651795E-006
  9.151485266772459E-006
  9.302986925563007E-006
  9.454530239167731E-006
  9.606111412836670E-006
  9.757727532240769E-006
  9.909375486870075E-006
  1.006105130141326E-005
  1.021275215999517E-005
  1.036447484950048E-005
  1.051621538639601E-005
  1.066797088313756E-005
  1.081973784357409E-005
  1.097151298301082E-005
  1.112329258702186E-005
  1.127507351978335E-005
  1.142685253682187E-005
  1.157862590991853E-005
  1.173039008904444E-005
  1.188214195632685E-005
  1.203387807645719E-005
  1.218559493284725E-005
  1.233728892498607E-005
  1.248895675685004E-005
  1.264059474402588E-005
  1.279219976641483E-005
  1.294376811521864E-005
  1.309529636802454E-005
  1.324678086486418E-005
  1.339821822194846E-005
  1.354960504225553E-005
  1.370093778553411E-005
  1.385221296586521E-005
  1.400342702044828E-005
  1.415457661323343E-005
  1.430565815928191E-005
  1.445666793694708E-005
  1.460760235178410E-005
  1.475845828614874E-005
  1.490923186981824E-005
  1.505991991079406E-005
  1.521051851580918E-005
  1.536102477579015E-005
  1.551143427112816E-005
  1.566174455911831E-005
  1.581195113131995E-005
  1.596205120397718E-005
  1.611204094266372E-005
  1.626191665688700E-005
  1.641167530790113E-005
  1.656131269683839E-005
  1.671082610462193E-005
  1.686021170707299E-005
  1.700946586812774E-005
  1.715858500406202E-005
  1.730756616530257E-005
  1.745640550563954E-005
  1.760509934635003E-005
  1.775364433812820E-005
  1.790203724293165E-005
  1.805027487320927E-005
  1.819835305992480E-005
  1.834626852122871E-005
  1.849401867058681E-005
  1.864159924394159E-005
  1.878900671152221E-005
  1.893623741438176E-005
  1.908328886256452E-005
  1.923015784386116E-005
  1.937684012131276E-005
  1.952333240665228E-005
  1.966963113658446E-005
  1.981573380186757E-005
  1.996163704091019E-005
  2.010733693406890E-005
  2.025283016772249E-005
  2.039811313620799E-005
  2.054318301956321E-005
  2.068803643721027E-005
  2.083267088623347E-005
  2.097708273337355E-005
  2.112126823114044E-005
  2.126522441277678E-005
  2.140894794778610E-005
  2.155243517977653E-005
  2.169568359939934E-005
  2.183869000158533E-005
  2.198145077191307E-005
  2.212396327471075E-005
  2.226622432828213E-005
  2.240823057363527E-005
  2.254997930635288E-005
  2.269146743460960E-005
  2.283269157174446E-005
  2.297364893821036E-005
  2.311433669542602E-005
  2.325475125482439E-005
  2.339489030579297E-005
  2.353475057328881E-005
  2.367432914796329E-005
  2.381362353919960E-005
  2.395262996635038E-005
  2.409134633445365E-005
  2.422976965823079E-005
  2.436789681545421E-005
  2.450572519492262E-005
  2.464325175072779E-005
  2.478047449467420E-005
  2.491738942649544E-005
  2.505399473210621E-005
  2.519028707020500E-005
  2.532626482276216E-005
  2.546192465025590E-005
  2.559726370160373E-005
  2.573227891489791E-005
  2.586696909819339E-005
  2.600133087193143E-005
  2.613536207373653E-005
  2.626905973136213E-005
  2.640242210772318E-005
  2.653544601924849E-005
  2.666812888036876E-005
  2.680046895744836E-005
  2.693246359896950E-005
  2.706411057678328E-005
  2.719540718698888E-005
  2.732635180833651E-005
  2.745694085430684E-005
  2.758717340661104E-005
  2.771704677200550E-005
  2.784655861388149E-005
  2.797570756857327E-005
  2.810449000849331E-005
  2.823290473414468E-005
  2.836094983040804E-005
  2.848862318319770E-005
  2.861592227895050E-005
  2.874284562308560E-005
  2.886939049218394E-005
  2.899555591545146E-005
  2.912133970454215E-005
  2.924673911210488E-005
  2.937175299421346E-005
  2.949638008775045E-005
  2.962061780790238E-005
  2.974446409863736E-005
  2.986791787181099E-005
  2.999097772139740E-005
  3.011364104152421E-005
  3.023590618586636E-005
  3.035777249957120E-005
  3.047923805203893E-005
  3.060030020774785E-005
  3.072095843905394E-005
  3.084121171771502E-005
  3.096105713885274E-005
  3.108049443199842E-005
  3.119952173149604E-005
  3.131813736947884E-005
  3.143634017810701E-005
  3.155412950253745E-005
  3.167150330054697E-005
  3.178846011646293E-005
  3.190499929569838E-005
  3.202111893373113E-005
  3.213681837588161E-005
  3.225209689812206E-005
  3.236695259174088E-005
  3.248138445063354E-005
  3.259539207205598E-005
  3.270897328136406E-005
  3.282212780509597E-005
  3.293485496414592E-005
  3.304715282081991E-005
  3.315902141790293E-005
  3.327045958501059E-005
  3.338146597514923E-005
  3.349204080889627E-005
  3.360218217425494E-005
  3.371188981455586E-005
  3.382116358048072E-005
  3.393000110054526E-005
  3.403840321085883E-005
  3.414636876922358E-005
  3.425389681978423E-005
  3.436098773603058E-005
  3.446763938035330E-005
  3.457385268201275E-005
  3.467962651747485E-005
  3.478496021199237E-005
  3.488985412462132E-005
  3.499430656294851E-005
  3.509831826346451E-005
  3.520188814436825E-005
  3.530501609262291E-005
  3.540770239349550E-005
  3.550994539777669E-005
  3.561174599206440E-005
  3.571310321140469E-005
  3.581401741834939E-005
  3.591448843493111E-005
  3.601451542206811E-005
  3.611409939246647E-005
  3.621323873962433E-005
  3.631193482853493E-005
  3.641018676127443E-005
  3.650799486810095E-005
  3.660535912545341E-005
  3.670227929207415E-005
  3.679875558186671E-005
  3.689478764074850E-005
  3.699037673258156E-005
  3.708552154966816E-005
  3.718022347292394E-005
  3.727448197651962E-005
  3.736829777153335E-005
  3.746167035429140E-005
  3.755460024675310E-005
  3.764708842840033E-005
  3.773913403258427E-005
  3.783073878299626E-005
  3.792190140168544E-005
  3.801262324259871E-005
  3.810290432738660E-005
  3.819274565297924E-005
  3.828214731404854E-005
  3.837110932804269E-005
  3.845963274400452E-005
  3.854771761990922E-005
  3.863536535301685E-005
  3.872257528101556E-005
  3.880934880894402E-005
  3.889568575906793E-005
  3.898158816620774E-005
  3.906705499756088E-005
  3.915208782438932E-005
  3.923668712165461E-005
  3.932085397938633E-005
  3.940458796148228E-005
  3.948789068203147E-005
  3.957076330127374E-005
  3.965320532285342E-005
  3.973521843793022E-005
  3.981680326982846E-005
  3.989796080613835E-005
  3.997869091417558E-005
  4.005899615345086E-005
  4.013887597759623E-005
  4.021833180891183E-005
  4.029736470475079E-005
  4.037597518299773E-005
  4.045416425665816E-005
  4.053193359679531E-005
  4.060928271476066E-005
  4.068621393515275E-005
  4.076272807128553E-005
  4.083882511632346E-005
  4.091450794253398E-005
  4.098977531615903E-005
  4.106463036784503E-005
  4.113907318210450E-005
  4.121310481658663E-005
  4.128672707920126E-005
  4.135993959868767E-005
  4.143274548107018E-005
  4.150514430998595E-005
  4.157713815228690E-005
  4.164872775192080E-005
  4.171991432675623E-005
  4.179069930671339E-005
  4.186108371471111E-005
  4.193106892959469E-005
  4.200065599590326E-005
  4.206984637181530E-005
  4.213864076862835E-005
  4.220704143972518E-005
  4.227504866222050E-005
  4.234266470642892E-005
  4.240988988784803E-005
  4.247672663241141E-005
  4.254317527971967E-005
  4.260923767517539E-005
  4.267491523049331E-005
  4.274020865697833E-005
  4.280512077729372E-005
  4.286965040314944E-005
  4.293380181041230E-005
  4.299757409418348E-005
  4.306097010669716E-005
  4.312399116842082E-005
  4.318663725301981E-005
  4.324891255056029E-005
  4.331081505510920E-005
  4.337234869842746E-005
  4.343351499905182E-005
  4.349431275643361E-005
  4.355474708752944E-005
  4.361481681849038E-005
  4.367452381956956E-005
  4.373387121093927E-005
  4.379285814405803E-005
  4.385148729446575E-005
  4.390976145849301E-005
  4.396767997629404E-005
  4.402524440073184E-005
  4.408245881826329E-005
  4.413932264974337E-005
  4.419583600587278E-005
  4.425200346201493E-005
  4.430782649101276E-005
  4.436330322920862E-005
  4.441843751052108E-005
  4.447323248474573E-005
  4.452768871017223E-005
  4.458180436946757E-005
  4.463558376449814E-005
  4.468902973766247E-005
  4.474214394593292E-005
  4.479492617115169E-005
  4.484737483633496E-005
  4.489949652660975E-005
  4.495129257358876E-005
  4.500276425003616E-005
  4.505391373829090E-005
  4.510473761952932E-005
  4.515523902316440E-005
  4.520542288517871E-005
  4.525529055689004E-005
  4.530484414486287E-005
  4.535408405795459E-005
  4.540301257817511E-005
  4.545163141084042E-005
  4.549994044327357E-005
  4.554794327834988E-005
  4.559563154218336E-005
  4.564301252734158E-005
  4.569009273806402E-005
  4.573687343560371E-005
  4.578335475085507E-005
  4.582953933761375E-005
  4.587542871743216E-005
  4.592102408490808E-005
  4.596632700420200E-005
  4.601133897850339E-005
  4.605605938819681E-005
  4.610049423494522E-005
  4.614464231796190E-005
  4.618850670417500E-005
  4.623208419542868E-005
  4.627538168225270E-005
  4.631840707034294E-005
  4.636113790740964E-005
  4.640350381334048E-005
  4.646782325871958E-005
  4.648750528936733E-005
  4.652934978232766E-005
  4.657069792676322E-005
  4.661179857498053E-005
  4.665261858878912E-005
  4.669318846054672E-005
  4.673348496020497E-005
  4.677351747613854E-005
  4.681327996607359E-005
  4.685278750375936E-005
  4.689203583998083E-005
  4.693102536097875E-005
  4.696976089406277E-005
  4.700824142209015E-005
  4.704647043327601E-005
  4.708444865592438E-005
  4.712217685140911E-005
  4.715965720426837E-005
  4.719689126868260E-005
  4.723388001465109E-005
  4.727062530994376E-005
  4.730712884324002E-005
  4.734339135607274E-005
  4.737941524139062E-005
  4.741520120646948E-005
  4.745075104660627E-005
  4.748606633305864E-005
  4.752114818030294E-005
  4.755599842237454E-005
  4.759061857035710E-005
  4.762500950266316E-005
  4.765917336065548E-005
  4.769311128892326E-005
  4.772682428283583E-005
  4.776031457419023E-005
  4.779358327330754E-005
  4.782663138711409E-005
  4.785946112044064E-005
  4.789207345359867E-005
  4.792446957899090E-005
  4.795665122075923E-005
  4.798861988601030E-005
  4.802037644441343E-005
  4.805192282777811E-005
  4.808326033731320E-005
  4.811439018855959E-005
  4.814531358725559E-005
  4.817603230448875E-005
  4.820654756199391E-005
  4.823686037824649E-005
  4.826697260576759E-005
  4.829688546652619E-005
  4.832659999269418E-005
  4.835611773725408E-005
  4.838544038150202E-005
  4.841456844524205E-005
  4.844350370405225E-005
  4.847224771816765E-005
  4.850080125810284E-005
  4.852916576253950E-005
  4.855734284825881E-005
  4.858533350606890E-005
  4.861313872782712E-005
  4.864076044446254E-005
  4.866819974663627E-005
  4.869545727874395E-005
  4.872253488536960E-005
  4.874943390260604E-005
  4.877615525513849E-005
  4.880269992841985E-005
  4.882906973437136E-005
  4.885526575383946E-005
  4.888128858411529E-005
  4.890713999943744E-005
  4.893282134311442E-005
  4.895833346064009E-005
  4.898367724399986E-005
  4.900885446576248E-005
  4.903386617803264E-005
  4.905871322567965E-005
  4.908339679709307E-005
  4.910791842880944E-005
  4.913227905764704E-005
  4.915647947512847E-005
  4.918052114518563E-005
  4.920440519821171E-005
  4.922813287755179E-005
  4.925170462514684E-005
  4.927512215463618E-005
  4.929838652095877E-005
  4.932149891394340E-005
  4.934445981631517E-005
  4.936727065613489E-005
  4.938993267392671E-005
  4.941244676072273E-005
  4.943481333234395E-005
  4.945703410073490E-005
  4.947911084454545E-005
  4.950104496366801E-005
  4.952283695037480E-005
  4.954448764345989E-005
  4.956599801202304E-005
  4.958736868863478E-005
  4.960860044371775E-005
  4.962969357956774E-005
  4.965064975748145E-005
  4.967146965265494E-005
  4.969215446406832E-005
  4.971270445734086E-005
  4.973312134151659E-005
  4.975340569281427E-005
  4.977355881627616E-005
  4.979358147668682E-005
  4.981347383990341E-005
  4.983323775492643E-005
  4.985287407861655E-005
  4.987238359457013E-005
  4.989176691635222E-005
  4.991102486626737E-005
  4.993015868890347E-005
  4.994916911299763E-005
  4.996805718870539E-005
  4.998682345830272E-005
  5.000546827207286E-005
  5.002399326252842E-005
  5.004239921413279E-005
  5.006068681380166E-005
  5.007885676807763E-005
  5.009690946017327E-005
  5.011484621006693E-005
  5.013266798596613E-005
  5.015037549358116E-005
  5.016796934994541E-005
  5.018544962898997E-005
  5.020281767013312E-005
  5.022007454307671E-005
  5.023722071490807E-005
  5.025425710844132E-005
  5.027118413001965E-005
  5.028800251394517E-005
  5.030471331731096E-005
  5.032131736240715E-005
  5.033781519387027E-005
  5.035420731568584E-005
  5.037049627513602E-005
  5.038667938797871E-005
  5.040275951131992E-005
  5.041873653872159E-005
  5.043461081308856E-005
  5.045038278656973E-005
  5.046605342758292E-005
  5.048162395887497E-005
  5.049709502236013E-005
  5.051246656960457E-005
  5.052774017156285E-005
  5.054291530780525E-005
  5.055799254595442E-005
  5.057297251623026E-005
  5.058785610865972E-005
  5.060264352937191E-005
  5.061733471654422E-005
  5.063193105255651E-005
  5.064643310242102E-005
  5.066084580371397E-005
  5.067516346541160E-005
  5.068938788938746E-005
  5.070351709584794E-005
  5.071755821961042E-005
  5.073151012598181E-005
  5.074536590406946E-005
  5.075913224832501E-005
  5.077280931131650E-005
  5.078639779869149E-005
  5.079989749660714E-005
  5.081330814118712E-005
  5.082663197007324E-005
  5.083986833656871E-005
  5.085301854323758E-005
  5.086608286163933E-005
  5.087906151602951E-005
  5.089195518346060E-005
  5.090476405615768E-005
  5.091748777290265E-005
  5.093012621354006E-005
  5.094268167864863E-005
  5.095515380364394E-005
  5.096754304937343E-005
  5.097984985069447E-005
  5.099207497348094E-005
  5.100421852096177E-005
  5.101628070786012E-005
  5.102826194590095E-005
  5.104016290499687E-005
  5.105198357107263E-005
  5.106372434503841E-005
  5.107538534037556E-005
  5.108696719947489E-005
  5.109846996008515E-005
  5.110989341321375E-005
  5.112123844232718E-005
  5.113250636428007E-005
  5.114369569123717E-005
  5.115480804032670E-005
  5.116584367772086E-005
  5.117680232343901E-005
  5.118768372018645E-005
  5.119848884095411E-005
  5.120921736332065E-005
  5.121986953126963E-005
  5.123044590822531E-005
  5.124094619610479E-005
  5.125137066712251E-005
  5.126171914594743E-005
  5.127199193386949E-005
  5.128218898146785E-005
  5.129231024214295E-005
  5.130235572618317E-005
  5.131232528535287E-005
  5.132221891330986E-005
  5.133203643838191E-005
  5.134177766974927E-005
  5.135144281981842E-005
  5.136102479830878E-005
  5.137052917414988E-005
  5.137995716907643E-005
  5.138930841142038E-005
  5.139858189193915E-005
  5.140778151177160E-005
  5.141690057113061E-005
  5.142594211772738E-005
  5.143490325114057E-005
  5.144378625137927E-005
  5.145258955193250E-005
  5.146131156738277E-005
  5.146995345659259E-005
  5.147851168581587E-005
  5.148698733870382E-005
  5.149537964007247E-005
  5.150368801786706E-005
  5.151191228412639E-005
  5.152005175272237E-005
  5.152810572576119E-005
  5.153607349419301E-005
  5.154395433841036E-005
  5.155174752985324E-005
  5.155945233199945E-005
  5.156706800186185E-005
  5.157459379090077E-005
  5.158202894541977E-005
  5.158937270989550E-005
  5.159662432555295E-005
  5.160378303350772E-005
  5.161084807507826E-005
  5.161781869334974E-005
  5.162469413360907E-005
  5.163147364562558E-005
  5.163815648389143E-005
  5.164474190916345E-005
  5.165122918933100E-005
  5.165761760100449E-005
  5.166390643002362E-005
  5.167009497285477E-005
  5.167618253746963E-005
  5.168216844478392E-005
  5.168805202937777E-005
  5.169383264047437E-005
  5.169950964357366E-005
  5.170508242047136E-005
  5.171055037135662E-005
  5.171591291542520E-005
  5.172116949191013E-005
  5.172631956148334E-005
  5.173136260712779E-005
  5.173629813564758E-005
  5.174112567858491E-005
  5.174584479417338E-005
  5.175045506776968E-005
  5.175495611489095E-005
  5.175934758151638E-005
  5.176362914653050E-005
  5.176780052380288E-005
  5.177186146400026E-005
  5.177581175755181E-005
  5.177965123660518E-005
  5.178337977870618E-005
  5.178699730959051E-005
  5.179050380725555E-005
  5.179389930542380E-005
  5.179718389921513E-005
  5.180035774869006E-005
  5.180342108603047E-005
  5.180637422060811E-005
  5.180921754673629E-005
  5.181195155128005E-005
  5.181457727161243E-005
  5.181709451786680E-005
  5.181950672504201E-005
  5.182181229671228E-005
  5.182401196684251E-005
  5.182610869744890E-005
  5.182810290541208E-005
  5.182999330498645E-005
  5.183178859627919E-005
  5.183348438695693E-005
  5.183509182527987E-005
  5.183660850032886E-005
  5.183803603197582E-005
  5.183937756439673E-005
  5.184063655369161E-005
  5.184181666888900E-005
  5.184292225955681E-005
  5.184395764377535E-005
  5.184492813801222E-005
  5.184583847983049E-005
  5.184669489041885E-005
  5.184750355493236E-005
  5.184827131967348E-005
  5.184900482929268E-005
  5.184971066697554E-005
  5.185039833789765E-005
  5.185107473124107E-005
  5.185174821552057E-005
  5.185242745233560E-005
  5.185312105031117E-005
  5.185383727955831E-005
  5.185458482824944E-005
  5.185537193471162E-005
  5.185620682950425E-005
  5.185709627140232E-005
  5.185804709047760E-005
  5.185906589999040E-005
  5.186015715552286E-005
  5.186132286429144E-005
  5.186256562867058E-005
  5.186388599859867E-005
  5.186528332834785E-005
  5.186675505558260E-005
  5.186829796094076E-005
  5.186990688972392E-005
  5.187157596051859E-005
  5.187329883466828E-005
  5.187506758396254E-005
  5.187687485481160E-005
  5.187871310974020E-005
  5.188057448411436E-005
  5.188245226264337E-005
  5.188433958147005E-005
  5.188623064706054E-005
  5.188812049370985E-005
  5.189000548061047E-005
  5.189188098975167E-005
  5.189374370129521E-005
  5.189559139470703E-005
  5.189742294501765E-005
  5.189923587537412E-005
  5.190102947300584E-005
  5.190280265620589E-005
  5.190455488615510E-005
  5.190628556417251E-005
  5.190799461369059E-005
  5.190968163296744E-005
  5.191134672867570E-005
  5.191298923311731E-005
  5.191460983122707E-005
  5.191620810032744E-005
  5.191778472865524E-005
  5.191933918886394E-005
  5.192087269559510E-005
  5.192238397193801E-005
  5.192387389743162E-005
  5.192534250932178E-005
  5.192679032685476E-005
  5.192821710282054E-005
  5.192962314532939E-005
  5.193100900231648E-005
  5.193237403238072E-005
  5.193371899655896E-005
  5.193504424391238E-005
  5.193634963913959E-005
  5.193763527844212E-005
  5.193890154030084E-005
  5.194014877849142E-005
  5.194137691741554E-005
  5.194258670391641E-005
  5.194377807127668E-005
  5.194495650753757E-005
  5.194612021721202E-005
  5.194726785239278E-005
  5.194839864549691E-005
  5.194951168885204E-005
  5.195060684172124E-005
  5.195168470466144E-005
  5.195274474902436E-005
  5.195378773524797E-005
  5.195481310702367E-005
  5.195582162649618E-005
  5.195681348667128E-005
  5.195778857026299E-005
  5.195874744979251E-005
  5.195969011273597E-005
  5.196061663412993E-005
  5.196152769075338E-005
  5.196242301328609E-005
  5.196330299527338E-005
  5.196416784257700E-005
  5.196501760057406E-005
  5.196585266634127E-005
  5.196667308082329E-005
  5.196747893677822E-005
  5.196827134422750E-005
  5.196904943617508E-005
  5.196981384157518E-005
  5.197056454378937E-005
  5.197130215332824E-005
  5.197202623131550E-005
  5.197273712219786E-005
  5.197343498238067E-005
  5.197412001395025E-005
  5.197479234431414E-005
  5.197545234763673E-005
  5.197610010654753E-005
  5.197673578349117E-005
  5.197735960143436E-005
  5.197797156801347E-005
  5.197857207079561E-005
  5.197916104605541E-005
  5.197973891143170E-005
  5.198030559752342E-005
  5.198086141920078E-005
  5.198140652449403E-005
  5.198194102766316E-005
  5.198246511803104E-005
  5.198297878653407E-005
  5.198348229443389E-005
  5.198397579936499E-005
  5.198445942926532E-005
  5.198493338804025E-005
  5.198539771893417E-005
  5.198585265318877E-005
  5.198629826320194E-005
  5.198673473168527E-005
  5.198716217358802E-005
  5.198758070493323E-005
  5.198799051414082E-005
  5.198839162238669E-005
  5.198878420284522E-005
  5.198916845540781E-005
  5.198954442527235E-005
  5.198991224490092E-005
  5.199027207755310E-005
  5.199062394023773E-005
  5.199096815638068E-005
  5.199130454423403E-005
  5.199163347757152E-005
  5.199195498808270E-005
  5.199226917217161E-005
  5.199257604226876E-005
  5.199287587778310E-005
  5.199316865133377E-005
  5.199345459664669E-005
  5.199373366752218E-005
  5.199400604818853E-005
  5.199427178134412E-005
  5.199453106837000E-005
  5.199478392379027E-005
  5.199503045536843E-005
  5.199527079290140E-005
  5.199550496024826E-005
  5.199573304031777E-005
  5.199595521690055E-005
  5.199617149897967E-005
  5.199638194768341E-005
  5.199658668096778E-005
  5.199678576085288E-005
  5.199697932210496E-005
  5.199716736294987E-005
  5.199735003122944E-005
  5.199752729632218E-005
  5.199769935916170E-005
  5.199786620573900E-005
  5.199802785667880E-005
  5.199818454942147E-005
  5.199833618290420E-005
  5.199848290877238E-005
  5.199862476784268E-005
  5.199876245460845E-005
  5.199889646020748E-005
  5.199902607450242E-005
  5.199915100596140E-005
  5.199927122585645E-005
  5.199938683303287E-005
  5.199949781101065E-005
  5.199960418996558E-005
  5.199970609588534E-005
  5.199980347456202E-005
  5.199989639895007E-005
  5.199998492656193E-005
  5.200006906282586E-005
  5.200014888214938E-005
  5.200022437891766E-005
  5.200029560661315E-005
  5.200036257333215E-005
  5.200042532138071E-005
  5.200048388017802E-005
  5.200053826427884E-005
  5.200058849730430E-005
  5.200063461312867E-005
  5.200067660172600E-005
  5.200071450942987E-005
  5.200074833846066E-005
  5.200077809423241E-005
  5.200080381301694E-005
  5.200082548037450E-005
  5.200084311301079E-005
  5.200085672224430E-005
  5.200086630220043E-005
  5.200087186197810E-005
  5.200087340377827E-005
  5.200087092047600E-005
  5.200086441410981E-005
  5.200085388003107E-005
  5.200083930833177E-005
  5.200082069993304E-005
  5.200079802618660E-005
  5.200077129539000E-005
  5.200074047590323E-005
  5.200070556168867E-005
  5.200066651963148E-005
  5.200062336062166E-005
  5.200057603717467E-005
  5.200052453398962E-005
  5.200046881509874E-005
  5.200040888153008E-005
  5.200034465256630E-005
  5.200027612604789E-005
  5.200020329047826E-005
  5.200012606685183E-005
  5.200004444299994E-005
  5.199995835153061E-005
  5.199986778742458E-005
  5.199977268760289E-005
  5.199967302557141E-005
  5.199956864772593E-005
  5.199945967918010E-005
  5.199934591901540E-005
  5.199922738010764E-005
  5.199910397682098E-005
  5.199897560745882E-005
  5.199884226066335E-005
  5.199870395711554E-005
  5.199856050987576E-005
  5.199841184994496E-005
  5.199825789197408E-005
  5.199809871919832E-005
  5.199793402312077E-005
  5.199776384498287E-005
  5.199758804521408E-005
  5.199740665011707E-005
  5.199721951990197E-005
  5.199702649549431E-005
  5.199682755501972E-005
  5.199662255165451E-005
  5.199641138173508E-005
  5.199619403443401E-005
  5.199597036876841E-005
  5.199574016839482E-005
  5.199550346082718E-005
  5.199526002199208E-005
  5.199500989628392E-005
  5.199475265471082E-005
  5.199448842888640E-005
  5.199421710496246E-005
  5.199393847411039E-005
  5.199365238615581E-005
  5.199335880653639E-005
  5.199305731938440E-005
  5.199274811429265E-005
  5.199243083780788E-005
  5.199210548205396E-005
  5.199177191028384E-005
  5.199142997428844E-005
  5.199107885742681E-005
  5.199071934707725E-005
  5.199035068370215E-005
  5.198997319720321E-005
  5.198958615543636E-005
  5.198918996496651E-005
  5.198878357508056E-005
  5.198836764553519E-005
  5.198794152821375E-005
  5.198750541147079E-005
  5.198705880194868E-005
  5.198660134145892E-005
  5.198613324053299E-005
  5.198565369537494E-005
  5.198516314750079E-005
  5.198466105974223E-005
  5.198414733981216E-005
  5.198362156461721E-005
  5.198308375721256E-005
  5.198253314438352E-005
  5.198197029761152E-005
  5.198139408356627E-005
  5.198080510157428E-005
  5.198020208481800E-005
  5.197958567275309E-005
  5.197895528508824E-005
  5.197831095153597E-005
  5.197765138572891E-005
  5.197697762597311E-005
  5.197628840822474E-005
  5.197558430585321E-005
  5.197486366119619E-005
  5.197412749731192E-005
  5.197337480184548E-005
  5.197260538777043E-005
  5.197181912214511E-005
  5.197110248824441E-005
  5.197039683239157E-005
  5.196967543321881E-005
  5.196893802268916E-005
  5.196818386192929E-005
  5.196741344553157E-005
  5.196662608191051E-005
  5.196582064668305E-005
  5.196499731565484E-005
  5.196415685337602E-005
  5.196329781564464E-005
  5.196242397265574E-005
  5.196152984926826E-005
  5.196061398552487E-005
  5.195967994931257E-005
  5.195871981848660E-005
  5.195774136283603E-005
  5.195673865008629E-005
  5.195571686667321E-005
  5.195467193990825E-005
  5.195359900077205E-005
  5.195250662448866E-005
  5.195139266667223E-005
  5.195025279369639E-005
  5.194908708206529E-005
  5.194789625201210E-005
  5.194667909838505E-005
  5.194543517882161E-005
  5.194416789776141E-005
  5.194287088196775E-005
  5.194154516926793E-005
  5.194019167114371E-005
  5.193880836432322E-005
  5.193739599870852E-005
  5.193595004664050E-005
  5.193447728195693E-005
  5.193296874534398E-005
  5.193142972495205E-005
  5.192985829811938E-005
  5.192824996288346E-005
  5.192661043592835E-005
  5.192493390446381E-005
  5.192322583555138E-005
  5.192147949032182E-005
  5.191969276796207E-005
  5.191786826050487E-005
  5.191600105205898E-005
  5.191409863949954E-005
  5.191215732585628E-005
  5.191017384831217E-005
  5.190814557324049E-005
  5.190607318234427E-005
  5.190396132094628E-005
  5.190180551756139E-005
  5.189959756938792E-005
  5.189734390768111E-005
  5.189504358540426E-005
  5.189268934339764E-005
  5.189028395732694E-005
  5.188782712690036E-005
  5.188532861868066E-005
  5.188277290340325E-005
  5.188015748909938E-005
  5.187748732839370E-005
  5.187475520914671E-005
  5.187196743134177E-005
  5.186911577219287E-005
  5.186620142370894E-005
  5.186322918892114E-005
  5.186018706272251E-005
  5.185707667948670E-005
  5.185389827622197E-005
  5.185065662293827E-005
  5.184733209858861E-005
  5.184394174749695E-005
  5.184046889464089E-005
  5.183692664048115E-005
  5.183330465029424E-005
  5.182959266357392E-005
  5.182579287811324E-005
  5.182190472854771E-005
  5.181792591321551E-005
  5.181385100796473E-005
  5.180968799879955E-005
  5.180542486078879E-005
  5.180105746623895E-005
  5.179656876218714E-005
  5.179197952451092E-005
  5.178726653401268E-005
  5.178244801920627E-005
  5.177750615259797E-005
  5.177243290289355E-005
  5.176721826951184E-005
  5.176187594771285E-005
  5.175638897462245E-005
  5.175074401394163E-005
  5.174493670881996E-005
  5.173895990014002E-005
  5.173280709832678E-005
  5.172647196623087E-005
  5.171993775595498E-005
  5.171320202467975E-005
  5.170624741938174E-005
  5.169906327109958E-005
  5.169163774946662E-005
  5.168395338174487E-005
  5.167600185939520E-005
  5.166776891763389E-005
  5.165922815816596E-005
  5.165036455073869E-005
  5.164115429902668E-005
  5.163156775868408E-005
  5.162158428448122E-005
  5.161117116399460E-005
  5.160030022913541E-005
  5.158893850957666E-005
  5.157705015370532E-005
  5.156459142933667E-005
  5.155150873051030E-005
  5.153775546858343E-005
  5.152329181359700E-005
  5.150804637267589E-005
  5.149204115161619E-005
  5.147515855645634E-005
  5.145726190504514E-005
  5.143829166519187E-005
  5.141815921432831E-005
  5.139676796387028E-005
  5.137398280773352E-005
  5.134967253554140E-005
  5.132373384880122E-005
  5.129597503450126E-005
  5.126623908837236E-005
  5.123435922657168E-005
  5.120014945480041E-005
  5.116336021854224E-005
  5.112398869896687E-005
  5.108367187864665E-005
  5.104286188868135E-005
  5.100153858814523E-005
  5.095971879109576E-005
  5.091744656198277E-005
  5.087471887069839E-005
  5.083149262069262E-005
  5.078791599771939E-005
  5.074404626916733E-005
  5.069988736069787E-005
  5.065547478594454E-005
  5.061093755414359E-005
  5.056635216932626E-005
  5.052179632295567E-005
  5.047740336992039E-005
  5.043329739899002E-005
  5.038962859335186E-005
  5.034653697713134E-005
  5.030420746199029E-005
  5.026282609040063E-005
  5.022265492131243E-005
  5.018423771291320E-005
  5.014820935532005E-005
  5.011427148035430E-005
  5.008236280894594E-005
  5.005329406990587E-005
  5.002623899185060E-005
  5.000256571385967E-005
  4.998233682094549E-005
  4.996585044327177E-005
  4.995353155234636E-005
  4.994513986563060E-005
  4.994125488390290E-005
  4.994235438125255E-005
  4.994682992285979E-005
  4.995623714601449E-005
  4.997088308177090E-005
  4.999085128583326E-005
  5.001609679933883E-005
  5.004655803411385E-005
  5.008203911296027E-005
  5.012230267377830E-005
  5.016704837131148E-005
  5.021566661221736E-005
  5.026753987690514E-005
  5.032203422538851E-005
  5.037812712728877E-005
  5.043491463039787E-005
  5.049139143925621E-005
  5.054642771109666E-005
  5.059870763683774E-005
  5.064679026218135E-005
  5.068930218916557E-005
  5.072518040709235E-005
  5.075311775790470E-005
  5.077188624745774E-005
  5.078040526434885E-005
  5.077872080957671E-005
  5.076793639392701E-005
  5.075124228404176E-005
  5.073234412529005E-005
  5.071279273131649E-005
  5.069288841780895E-005
  5.067263399869990E-005
  5.065206854120261E-005
  5.063116731713601E-005
  5.060995460274772E-005
  5.058841967502521E-005
  5.056656454096318E-005
  5.054439951642870E-005
  5.052188421270939E-005
  5.049905614471471E-005
  5.047589869293183E-005
  5.045242454935946E-005
  5.042823661617132E-005
  5.040400790682645E-005
  5.037949728139696E-005
  5.035468774438290E-005
  5.032955527097621E-005
  5.030407764671519E-005
  5.027837800739108E-005
  5.025230750686411E-005
  5.022573158826908E-005
  5.019879502808955E-005
  5.017149356160836E-005
  5.014381481387642E-005
  5.011575863017459E-005
  5.008731782476718E-005
  5.005848641301740E-005
  5.002925970672952E-005
  4.999969717872907E-005
  4.996980298591331E-005
  4.993957094233735E-005
  4.990904168265674E-005
  4.987758701903724E-005
  4.984662823710375E-005
  4.981550679019574E-005
  4.978477535860193E-005
  4.975438902548969E-005
  4.972373188369615E-005
  4.969443638428934E-005
  4.966736374878746E-005
  4.964270732580667E-005
  4.962125819183091E-005
  4.960340642260479E-005
  4.959066783283496E-005
  4.957769495836026E-005
  4.956568973411312E-005
  4.955450515200885E-005
  4.954355745056680E-005
  4.953343481968011E-005
  4.952413330083633E-005
  4.951547462903318E-005
  4.950743136772441E-005
  4.949931291867176E-005
  4.949183384556789E-005
  4.948499580210483E-005
  4.947936703565272E-005
  4.947394933691052E-005
  4.946875145684177E-005
  4.946444742016689E-005
  4.946055967709004E-005
  4.945739302347374E-005
  4.945448188999943E-005
  4.945252007293982E-005
  4.945066746762138E-005
  4.944952263756470E-005
  4.944891895453872E-005
  4.944882827067338E-005
  4.944911740059040E-005
  4.944997287047055E-005
  4.945133123793537E-005
  4.945298663906927E-005
  4.945505356152650E-005
  4.945759783136392E-005
  4.946043761194927E-005
  4.946363140705450E-005
  4.946721769902122E-005
  4.947102698935732E-005
  4.947516679379209E-005
  4.947962130290546E-005
  4.948421894473229E-005
  4.948914688346879E-005
  4.949420423035313E-005
  4.949950665710715E-005
  4.950492170121605E-005
  4.951048239862963E-005
  4.951613681565113E-005
  4.952186906859748E-005
  4.946349984419710E-005
  4.938930009906085E-005
  4.931435600719181E-005
  4.923852564783032E-005
  4.916178028692698E-005
  4.908409122882851E-005
  4.900543315704139E-005
  4.892577485251377E-005
  4.884508263707783E-005
  4.876332267868613E-005
  4.868046630798637E-005
  4.859646133589533E-005
  4.851126888056992E-005
  4.842484510499053E-005
  4.833714324335944E-005
  4.824811378187904E-005
  4.815770435440647E-005
  4.806586143895598E-005
  4.797252505063592E-005
  4.787763971951237E-005
  4.778113198068505E-005
  4.768293633377040E-005
  4.758298477931368E-005
  4.748120607766188E-005
  4.737752206964987E-005
  4.727185159246200E-005
  4.716410811390820E-005
  4.705420498221705E-005
  4.694204806135973E-005
  4.682753944922782E-005
  4.671057676628609E-005
  4.659105400880430E-005
  4.646885689022412E-005
  4.634386870041348E-005
  4.621596590522617E-005
  4.608502065606216E-005
  4.595089264467043E-005
  4.581343348922644E-005
  4.567249144362091E-005
  4.552792465912405E-005
  4.537957086410581E-005
  4.522725635831825E-005
  4.507080621167542E-005
  4.491002951021726E-005
  4.474473257234622E-005
  4.457469725527938E-005
  4.439971478131811E-005
  4.421955831557726E-005
  4.403398039982966E-005
  4.384272534226190E-005
  4.364554163185046E-005
  4.344215492167772E-005
  4.323226928077122E-005
  4.301558453005338E-005
  4.279177941171726E-005
  4.256052086043109E-005
  4.232145176358570E-005
  4.207419151047046E-005
  4.181835454086003E-005
  4.155353683661265E-005
  4.127931270065872E-005
  4.099523137216615E-005
  4.070082077037736E-005
  4.039558371602547E-005
  4.007900024598771E-005
  3.975051281558171E-005
  3.940955451140867E-005
  3.905554399772564E-005
  3.868784415730277E-005
  3.830581139305965E-005
  3.790875767807687E-005
  3.749596845905918E-005
  3.706671010319878E-005
  3.662020242760882E-005
  3.615564957950960E-005
  3.567223838833847E-005
  3.516910654927102E-005
  3.464538047668910E-005
  3.410013773584230E-005
  3.353248241010222E-005
  3.294144919995242E-005
  3.232609546941473E-005
  3.168547970877564E-005
  3.101858344873305E-005
  3.032448966698600E-005
  2.960225290469289E-005
  2.885091376960359E-005
  2.806967766647622E-005
  2.725776772207593E-005
  2.641416519069224E-005
  2.553845870511623E-005
  2.463001252848166E-005
  2.368837469070354E-005
  2.271282149730474E-005
  2.170374449328962E-005
  2.065965947235886E-005
  1.958285257422915E-005
