  2.880614759003399E-005
  5.843776925028028E-006
  4.548351183183018E-006
  2.904740794037667E-006
  1.588185190173821E-006
  1.200000017881393E-006
  1.200000017881393E-006
  1.200000017881393E-006
  1.200000017881393E-006
  1.200000017881393E-006
  1.200000017881393E-006
  1.200000017881393E-006
  1.200000017881393E-006
  1.200000017881393E-006
  1.200000017881393E-006
  1.200000017881393E-006
  1.200000017881393E-006
  1.200000017881393E-006
  1.200000017881393E-006
  1.200000017881393E-006
  1.200000017881393E-006
  1.200000017881393E-006
  1.200000017881393E-006
  1.200000017881393E-006
  1.200000017881393E-006
  1.200000017881393E-006
  1.200000017881393E-006
  1.200000017881393E-006
  1.200000017881393E-006
  1.200000017881393E-006
  1.200000017881393E-006
  1.200000017881393E-006
  1.200000017881393E-006
  1.200000017881393E-006
  1.200000017881393E-006
  1.200000017881393E-006
  1.200000017881393E-006
  1.200000017881393E-006
  1.200000017881393E-006
  1.200000017881393E-006
  1.200000017881393E-006
  1.200000017881393E-006
  1.200000017881393E-006
  1.200000017881393E-006
  1.200000017881393E-006
  1.200000017881393E-006
  1.200000017881393E-006
  1.200000017881393E-006
  1.200000017881393E-006
  1.200000017881393E-006
  1.200000017881393E-006
  1.200000017881393E-006
  1.200000017881393E-006
  1.200000017881393E-006
  1.200000017881393E-006
  1.200000017881393E-006
  1.200000017881393E-006
  1.200000017881393E-006
  1.200000017881393E-006
  1.200000017881393E-006
  1.200000017881393E-006
  1.200000017881393E-006
  1.200000017881393E-006
  1.200000017881393E-006
  1.200000017881393E-006
  1.200000017881393E-006
  1.200000017881393E-006
  1.200000017881393E-006
  1.200000017881393E-006
  1.200000017881393E-006
  1.200000017881393E-006
  1.200000017881393E-006
  1.200000017881393E-006
  1.200000017881393E-006
  1.200000017881393E-006
  1.200000017881393E-006
  1.200000017881393E-006
  1.200000017881393E-006
  1.200000017881393E-006
  1.200000017881393E-006
  1.200000017881393E-006
  1.200000017881393E-006
  1.200000017881393E-006
  1.200000017881393E-006
  1.200000017881393E-006
  1.200000017881393E-006
  1.200000017881393E-006
  1.200000017881393E-006
  1.200000017881393E-006
  1.200000017881393E-006
  1.200000017881393E-006
  1.200000017881393E-006
  1.200000017881393E-006
  1.200000017881393E-006
  1.200000017881393E-006
  1.200000017881393E-006
  1.200000017881393E-006
  1.200000017881393E-006
  1.200000017881393E-006
  1.200000017881393E-006
  1.200000017881393E-006
  1.200000017881393E-006
  1.200000017881393E-006
  1.200000017881393E-006
  1.200000017881393E-006
  1.200000017881393E-006
  1.200000017881393E-006
  1.200000017881393E-006
  1.200000017881393E-006
  1.200000017881393E-006
  1.200000017881393E-006
  1.200000017881393E-006
  1.200000017881393E-006
  1.200000017881393E-006
  1.200000017881393E-006
  1.200000017881393E-006
  1.200000017881393E-006
  1.200000017881393E-006
  1.200000017881393E-006
  1.200000017881393E-006
  1.200000017881393E-006
  1.200000017881393E-006
  1.200000017881393E-006
  1.200000017881393E-006
  1.200000017881393E-006
  1.200000017881393E-006
  1.200000017881393E-006
  1.200000017881393E-006
  1.200000017881393E-006
  1.200000017881393E-006
  1.200000017881393E-006
  1.200000017881393E-006
  1.200000017881393E-006
  1.200000017881393E-006
  1.200000017881393E-006
  1.200000017881393E-006
  1.200000017881393E-006
  1.200000017881393E-006
  1.200000017881393E-006
  1.200000017881393E-006
  1.200000017881393E-006
  1.200000017881393E-006
  1.200000017881393E-006
  1.200000017881393E-006
  1.200000017881393E-006
  1.200000017881393E-006
  1.200000017881393E-006
  1.200000017881393E-006
  1.200000017881393E-006
  1.200000017881393E-006
  1.200000017881393E-006
  1.200000017881393E-006
  1.200000017881393E-006
  1.200000017881393E-006
  1.200000017881393E-006
  1.200000017881393E-006
  1.200000017881393E-006
  1.200000017881393E-006
  1.200000017881393E-006
  1.200000017881393E-006
  1.200000017881393E-006
  1.200000017881393E-006
  1.200000017881393E-006
  1.200000017881393E-006
  1.200000017881393E-006
  1.200000017881393E-006
  1.200000017881393E-006
  1.200000017881393E-006
  1.200000017881393E-006
  1.200000017881393E-006
  1.200000017881393E-006
  1.200000017881393E-006
  1.200000017881393E-006
  1.200000017881393E-006
  1.200000017881393E-006
  1.200000017881393E-006
  1.200000017881393E-006
  1.200000017881393E-006
  1.200000017881393E-006
  1.200000017881393E-006
  1.200000017881393E-006
  1.200000017881393E-006
  1.200000017881393E-006
  1.200000017881393E-006
  1.200000017881393E-006
  1.200000017881393E-006
  1.200000017881393E-006
  1.200000017881393E-006
  1.200000017881393E-006
  1.200000017881393E-006
  1.200000017881393E-006
  1.200000017881393E-006
  1.200000017881393E-006
  1.200000017881393E-006
  1.200000017881393E-006
  1.200000017881393E-006
  1.200000017881393E-006
  1.200000017881393E-006
  1.200000017881393E-006
  1.200000017881393E-006
  1.200000017881393E-006
  1.200000017881393E-006
  1.200000017881393E-006
  1.200000017881393E-006
  1.200000017881393E-006
  1.200000017881393E-006
  1.200000017881393E-006
  1.200000017881393E-006
  1.200000017881393E-006
  1.200000017881393E-006
  1.200000017881393E-006
  1.200000017881393E-006
  1.200000017881393E-006
  1.200000017881393E-006
  1.200000017881393E-006
  1.200000017881393E-006
  1.200000017881393E-006
  1.200000017881393E-006
  1.200000017881393E-006
  1.200000017881393E-006
  1.200000017881393E-006
  1.200000017881393E-006
  1.200000017881393E-006
  1.200000017881393E-006
  1.200000017881393E-006
  1.200000017881393E-006
  1.200000017881393E-006
  1.200000017881393E-006
  1.200000017881393E-006
  1.200000017881393E-006
  1.200000017881393E-006
  1.200000017881393E-006
  1.200000017881393E-006
  1.200000017881393E-006
  1.200000017881393E-006
  1.200000017881393E-006
  1.200000017881393E-006
  1.200000017881393E-006
  1.200000017881393E-006
  1.200000017881393E-006
  1.200000017881393E-006
  1.200000017881393E-006
  1.200000017881393E-006
  1.200000017881393E-006
  1.200000017881393E-006
  1.200000017881393E-006
  1.200000017881393E-006
  1.200000017881393E-006
  1.200000017881393E-006
  1.200000017881393E-006
  1.200000017881393E-006
  1.200000017881393E-006
  1.200000017881393E-006
  1.200000017881393E-006
  1.200000017881393E-006
  1.200000017881393E-006
  1.200000017881393E-006
  1.200000017881393E-006
  1.200000017881393E-006
  1.200000017881393E-006
  1.200000017881393E-006
  1.200000017881393E-006
  1.200000017881393E-006
  1.200000017881393E-006
  1.200000017881393E-006
  1.200000017881393E-006
  1.200000017881393E-006
  1.200000017881393E-006
  1.200000017881393E-006
  1.200000017881393E-006
  1.200000017881393E-006
  1.200000017881393E-006
  1.200000017881393E-006
  1.200000017881393E-006
  1.200000017881393E-006
  1.200000017881393E-006
  1.200000017881393E-006
  1.200000017881393E-006
  1.200000017881393E-006
  1.200000017881393E-006
  1.200000017881393E-006
  1.200000017881393E-006
  1.200000017881393E-006
  1.200000017881393E-006
  1.200000017881393E-006
  1.200000017881393E-006
  1.200000017881393E-006
  1.200000017881393E-006
  1.200000017881393E-006
  1.200000017881393E-006
  1.200000017881393E-006
  1.200000017881393E-006
  1.200000017881393E-006
  1.200000017881393E-006
  1.200000017881393E-006
  1.200000017881393E-006
  1.200000017881393E-006
  1.200000017881393E-006
  1.200000017881393E-006
  1.200000017881393E-006
  1.200000017881393E-006
  1.200000017881393E-006
  1.200000017881393E-006
  1.200000017881393E-006
  1.200000017881393E-006
  1.200000017881393E-006
  1.200000017881393E-006
  1.200000017881393E-006
  1.200000017881393E-006
  1.200000017881393E-006
  1.200000017881393E-006
  1.200000017881393E-006
  1.200000017881393E-006
  1.200000017881393E-006
  1.200000017881393E-006
  1.200000017881393E-006
  1.200000017881393E-006
  1.200000017881393E-006
  1.200000017881393E-006
  1.200000017881393E-006
  1.200000017881393E-006
  1.200000017881393E-006
  1.200000017881393E-006
  1.200000017881393E-006
  1.200000017881393E-006
  1.200000017881393E-006
  1.200000017881393E-006
  1.200000017881393E-006
  1.200000017881393E-006
  1.200000017881393E-006
  1.200000017881393E-006
  1.200000017881393E-006
  1.200000017881393E-006
  1.200000017881393E-006
  1.200000017881393E-006
  1.200000017881393E-006
  1.200000017881393E-006
  1.200000017881393E-006
  1.200000017881393E-006
  1.200000017881393E-006
  1.200000017881393E-006
  1.200000017881393E-006
  1.200000017881393E-006
  1.200000017881393E-006
  1.200000017881393E-006
  1.200000017881393E-006
  1.200000017881393E-006
  1.200000017881393E-006
  1.200000017881393E-006
  1.200000017881393E-006
  1.200000017881393E-006
  1.200000017881393E-006
  1.200000017881393E-006
  1.200000017881393E-006
  1.200000017881393E-006
  1.200000017881393E-006
  1.200000017881393E-006
  1.200000017881393E-006
  1.200000017881393E-006
  1.200000017881393E-006
  1.200000017881393E-006
  1.200000017881393E-006
  1.200000017881393E-006
  1.200000017881393E-006
  1.200000017881393E-006
  1.200000017881393E-006
  1.200000017881393E-006
  1.200000017881393E-006
  1.200000017881393E-006
  1.200000017881393E-006
  1.200000017881393E-006
  1.200000017881393E-006
  1.200000017881393E-006
  1.200000017881393E-006
  1.200000017881393E-006
  1.200000017881393E-006
  1.200000017881393E-006
  1.200000017881393E-006
  1.200000017881393E-006
  1.200000017881393E-006
  1.200000017881393E-006
  1.200000017881393E-006
  1.200000017881393E-006
  1.200000017881393E-006
  1.200000017881393E-006
  1.200000017881393E-006
  1.200000017881393E-006
  1.200000017881393E-006
  1.200000017881393E-006
  1.200000017881393E-006
  1.200000017881393E-006
  1.200000017881393E-006
  1.200000017881393E-006
  1.200000017881393E-006
  1.200000017881393E-006
  1.200000017881393E-006
  1.200000017881393E-006
  1.200000017881393E-006
  1.200000017881393E-006
  1.200000017881393E-006
  1.200000017881393E-006
  1.200000017881393E-006
  1.200000017881393E-006
  1.200000017881393E-006
  1.200000017881393E-006
  1.200000017881393E-006
  1.200000017881393E-006
  1.200000017881393E-006
  1.200000017881393E-006
  1.200000017881393E-006
  1.200000017881393E-006
  1.200000017881393E-006
  1.200000017881393E-006
  1.200000017881393E-006
  1.200000017881393E-006
  1.200000017881393E-006
  1.200000017881393E-006
  1.200000017881393E-006
  1.200000017881393E-006
  1.200000017881393E-006
  1.200000017881393E-006
  1.200000017881393E-006
  1.200000017881393E-006
  1.200000017881393E-006
  1.200000017881393E-006
  1.200000017881393E-006
  1.200000017881393E-006
  1.200000017881393E-006
  1.200000017881393E-006
  1.200000017881393E-006
  1.200000017881393E-006
  1.200000017881393E-006
  1.200000017881393E-006
  1.200000017881393E-006
  1.200000017881393E-006
  1.200000017881393E-006
  1.200000017881393E-006
  1.200000017881393E-006
  1.200000017881393E-006
  1.200000017881393E-006
  1.200000017881393E-006
  1.200000017881393E-006
  1.200000017881393E-006
  1.200000017881393E-006
  1.200000017881393E-006
  1.200000017881393E-006
  1.200000017881393E-006
  1.200000017881393E-006
  1.200000017881393E-006
  1.200000017881393E-006
  1.200000017881393E-006
  1.200000017881393E-006
  1.200000017881393E-006
  1.200000017881393E-006
  1.200000017881393E-006
  1.200000017881393E-006
  1.200000017881393E-006
  1.200000017881393E-006
  1.200000017881393E-006
  1.200000017881393E-006
  1.200000017881393E-006
  1.200000017881393E-006
  1.200000017881393E-006
  1.200000017881393E-006
  1.200000017881393E-006
  1.200000017881393E-006
  1.200000017881393E-006
  1.200000017881393E-006
  1.200000017881393E-006
  1.200000017881393E-006
  1.200000017881393E-006
  1.200000017881393E-006
  1.200000017881393E-006
  1.200000017881393E-006
  1.200000017881393E-006
  1.200000017881393E-006
  1.200000017881393E-006
  1.200000017881393E-006
  1.200000017881393E-006
  1.200000017881393E-006
  1.200000017881393E-006
  1.200000017881393E-006
  1.200000017881393E-006
  1.200000017881393E-006
  1.200000017881393E-006
  1.200000017881393E-006
  1.200000017881393E-006
  1.200000017881393E-006
  1.200000017881393E-006
  1.200000017881393E-006
  1.200000017881393E-006
  1.200000017881393E-006
  1.200000017881393E-006
  1.200000017881393E-006
  1.200000017881393E-006
  1.200000017881393E-006
  1.200000017881393E-006
  1.200000017881393E-006
  1.200000017881393E-006
  1.200000017881393E-006
  1.200000017881393E-006
  1.200000017881393E-006
  1.200000017881393E-006
  1.200000017881393E-006
  1.200000017881393E-006
  1.200000017881393E-006
  1.200000017881393E-006
  1.200000017881393E-006
  1.200000017881393E-006
  1.200000017881393E-006
  1.200000017881393E-006
  1.200000017881393E-006
  1.200000017881393E-006
  1.200000017881393E-006
  1.200000017881393E-006
  1.200000017881393E-006
  1.200000017881393E-006
  1.200000017881393E-006
  1.200000017881393E-006
  1.200000017881393E-006
  1.200000017881393E-006
  1.200000017881393E-006
  1.200000017881393E-006
  1.200000017881393E-006
  1.200000017881393E-006
  1.200000017881393E-006
  1.200000017881393E-006
  1.200000017881393E-006
  1.200000017881393E-006
  1.200000017881393E-006
  1.200000017881393E-006
  1.200000017881393E-006
  1.200000017881393E-006
  1.200000017881393E-006
  1.200000017881393E-006
  1.200000017881393E-006
  1.200000017881393E-006
  1.200000017881393E-006
  1.200000017881393E-006
  1.200000017881393E-006
  1.200000017881393E-006
  1.200000017881393E-006
  1.200000017881393E-006
  1.200000017881393E-006
  1.200000017881393E-006
  1.200000017881393E-006
  1.200000017881393E-006
  1.200000017881393E-006
  1.200000017881393E-006
  1.200000017881393E-006
  1.200000017881393E-006
  1.200000017881393E-006
  1.200000017881393E-006
  1.200000017881393E-006
  1.200000017881393E-006
  1.200000017881393E-006
  1.200000017881393E-006
  1.200000017881393E-006
  1.200000017881393E-006
  1.200000017881393E-006
  1.200000017881393E-006
  1.200000017881393E-006
  1.200000017881393E-006
  1.200000017881393E-006
  1.200000017881393E-006
  1.200000017881393E-006
  1.200000017881393E-006
  1.200000017881393E-006
  1.200000017881393E-006
  1.200000017881393E-006
  1.200000017881393E-006
  1.200000017881393E-006
  1.200000017881393E-006
  1.200000017881393E-006
  1.200000017881393E-006
  1.200000017881393E-006
  1.200000017881393E-006
  1.200000017881393E-006
  1.200000017881393E-006
  1.200000017881393E-006
  1.200000017881393E-006
  1.200000017881393E-006
  1.200000017881393E-006
  1.200000017881393E-006
  1.200000017881393E-006
  1.200000017881393E-006
  1.200000017881393E-006
  3.510764456019888E-008
  1.782387594163471E-007
  3.215841496462654E-007
  4.651429075745923E-007
  6.089137860055218E-007
  7.528947258015374E-007
  8.970838804604389E-007
  1.041478840846348E-006
  1.186077652447112E-006
  1.330877860533318E-006
  1.475877049680285E-006
  1.621072792213745E-006
  1.766462663067595E-006
  1.912044182233228E-006
  2.057814595161742E-006
  2.203771932855212E-006
  2.349913371974838E-006
  2.496236292395301E-006
  2.642738447933166E-006
  2.789416614492826E-006
  2.936268856813270E-006
  3.083292294131674E-006
  3.230484310635052E-006
  3.377841938051199E-006
  3.525362916364582E-006
  3.673044353843014E-006
  3.820883802832859E-006
  3.968877890487076E-006
  4.117025062775224E-006
  4.265321987726792E-006
  4.413764135646059E-006
  4.562350776057890E-006
  4.711078478117548E-006
  4.859944473594076E-006
  5.008945952158656E-006
  5.158080129687800E-006
  5.307343673098204E-006
  5.456734115923826E-006
  5.606248395224113E-006
  5.755883497042985E-006
  5.905636757847458E-006
  6.055504607185339E-006
  6.205484568021261E-006
  6.355573460140906E-006
  6.505768305852142E-006
  6.656066125998594E-006
  6.806463794724509E-006
  6.956958253080195E-006
  7.107546066214199E-006
  7.258224941860582E-006
  7.408990962206254E-006
  7.559841727708187E-006
  7.710773314252639E-006
  7.861783224089525E-006
  8.012867638501004E-006
  8.164024123743102E-006
  8.315248981371723E-006
  8.466539049981938E-006
  8.617891308589383E-006
  8.769302327773524E-006
  8.920769121539136E-006
  9.072287995133692E-006
  9.223856103344041E-006
  9.375469856540432E-006
  9.527126063512372E-006
  9.678821555904993E-006
  9.830552629407461E-006
  9.982316341493481E-006
  1.013410931294579E-005
  1.028592783747623E-005
  1.043776891840170E-005
  1.058962896221622E-005
  1.074150454943631E-005
  1.089339256349256E-005
  1.104528963840073E-005
  1.119719185503110E-005
  1.134909597645754E-005
  1.150099902416518E-005
  1.165289712364444E-005
  1.180478685120973E-005
  1.195666487715209E-005
  1.210852771378554E-005
  1.226037152825601E-005
  1.241219335034360E-005
  1.256398959797139E-005
  1.271575655184957E-005
  1.286749123303496E-005
  1.301918954057603E-005
  1.317084803719453E-005
  1.332246349004846E-005
  1.347403241953882E-005
  1.362555102565296E-005
  1.377701595397704E-005
  1.392842339276837E-005
  1.407977001636616E-005
  1.423105261119118E-005
  1.438226711966272E-005
  1.453341041182231E-005
  1.468447871086982E-005
  1.483546851799527E-005
  1.498637639339052E-005
  1.513719855402551E-005
  1.528793138516846E-005
  1.543857176569186E-005
  1.558911564857851E-005
  1.573956036863755E-005
  1.588990114824339E-005
  1.604013548657533E-005
  1.619025923960218E-005
  1.634026912371291E-005
  1.649016174086382E-005
  1.663993299341639E-005
  1.678957993189614E-005
  1.693909873229090E-005
  1.708848579844197E-005
  1.723773796027746E-005
  1.738685140241405E-005
  1.753582278589227E-005
  1.768464832950007E-005
  1.783332472346430E-005
  1.798184834914539E-005
  1.813021618424778E-005
  1.827842411266294E-005
  1.842646880322014E-005
  1.857434733066728E-005
  1.872205599966371E-005
  1.886959081175235E-005
  1.901694854401465E-005
  1.916412647391091E-005
  1.931112060334202E-005
  1.945792725592093E-005
  1.960454319474006E-005
  1.975096502234752E-005
  1.989718959992972E-005
  2.004321440193631E-005
  2.018903443029006E-005
  2.033464688827958E-005
  2.048004853050055E-005
  2.062523597275614E-005
  2.077020573695583E-005
  2.091495475476264E-005
  2.105948039917399E-005
  2.120377922513356E-005
  2.134784729442122E-005
  2.149168139324218E-005
  2.163527838567495E-005
  2.177863525505699E-005
  2.192174847908990E-005
  2.206461508461292E-005
  2.220723199251502E-005
  2.234959600051319E-005
  2.249170389451855E-005
  2.263355286360379E-005
  2.277513963098474E-005
  2.291646096810397E-005
  2.305751402838510E-005
  2.319829556229288E-005
  2.333880259795438E-005
  2.347903264221776E-005
  2.361898209614239E-005
  2.375864837169917E-005
  2.389802862554270E-005
  2.403711913497458E-005
  2.417591793868330E-005
  2.431442169961233E-005
  2.445262765493745E-005
  2.459053268764997E-005
  2.472813431064736E-005
  2.486543002510478E-005
  2.500241645804298E-005
  2.513909142525488E-005
  2.527545094878096E-005
  2.541149355387734E-005
  2.554721648218159E-005
  2.568261715784223E-005
  2.581769241145840E-005
  2.595244017741574E-005
  2.608685757933272E-005
  2.622094232621437E-005
  2.635469089399586E-005
  2.648810205483672E-005
  2.662117253967549E-005
  2.675390042402058E-005
  2.688628293492186E-005
  2.701831831592491E-005
  2.715000301408344E-005
  2.728133536590484E-005
  2.741231292302728E-005
  2.754293367378341E-005
  2.767319569918107E-005
  2.780309530253322E-005
  2.793263134635224E-005
  2.806180154656355E-005
  2.819060397924985E-005
  2.831903647281046E-005
  2.844709583544334E-005
  2.857478097159646E-005
  2.870209043702438E-005
  2.882902132148546E-005
  2.895557127457013E-005
  2.908173929744930E-005
  2.920752263961711E-005
  2.933292041231418E-005
  2.945792955483443E-005
  2.958254870694575E-005
  2.970677646362315E-005
  2.983061094338447E-005
  2.995404950568124E-005
  3.007709126015205E-005
  3.019973506286649E-005
  3.032197787891811E-005
  3.044381859673464E-005
  3.056525613755231E-005
  3.068628850710681E-005
  3.080691379844094E-005
  3.092713135205003E-005
  3.104693913876163E-005
  3.116633515516259E-005
  3.128531912700064E-005
  3.140388949871394E-005
  3.152204352486522E-005
  3.163978134935230E-005
  3.175710144239606E-005
  3.187400179687813E-005
  3.199048218931042E-005
  3.210654102587099E-005
  3.222217602209789E-005
  3.233738755478725E-005
  3.245217377298074E-005
  3.256653362996411E-005
  3.268046667745855E-005
  3.279397074883502E-005
  3.290704572738658E-005
  3.301969083070574E-005
  3.313190357062277E-005
  3.324368467559378E-005
  3.335503267626523E-005
  3.346594645674527E-005
  3.357642614926631E-005
  3.368646947923832E-005
  3.379607691128806E-005
  3.390524756823240E-005
  3.401397985417228E-005
  3.412227429555015E-005
  3.423012905909315E-005
  3.433754435987563E-005
  3.444451952288987E-005
  3.455105336559176E-005
  3.465714646460924E-005
  3.476279700274700E-005
  3.486800560010604E-005
  3.497277128603199E-005
  3.507709354378080E-005
  3.518097259724330E-005
  3.528440690301983E-005
  3.538739762786952E-005
  3.548994317502805E-005
  3.559204408980861E-005
  3.569369992080205E-005
  3.579491015100857E-005
  3.589567527836193E-005
  3.599599400631569E-005
  3.609586757828476E-005
  3.619529446356127E-005
  3.629427581781444E-005
  3.639281093874956E-005
  3.649089982216759E-005
  3.658854269423244E-005
  3.668573892484398E-005
  3.678248947538247E-005
  3.687879348685516E-005
  3.697465221440635E-005
  3.707006453184160E-005
  3.716503171311092E-005
  3.725955311586973E-005
  3.735362913594253E-005
  3.744725999446860E-005
  3.754044595628850E-005
  3.763318757924102E-005
  3.772548471094118E-005
  3.781733846657835E-005
  3.790874763988698E-005
  3.799971402068625E-005
  3.809023734791135E-005
  3.818031873353908E-005
  3.826995786715748E-005
  3.835915517381698E-005
  3.844791127895731E-005
  3.853622696508071E-005
  3.862410284678220E-005
  3.871153884564182E-005
  3.879853580684341E-005
  3.888509432779336E-005
  3.897121559561511E-005
  3.905689908179269E-005
  3.914214650569904E-005
  3.922695770988425E-005
  3.931133468624591E-005
  3.939527578132402E-005
  3.947878404427573E-005
  3.956185934400688E-005
  3.964450253530203E-005
  3.972671393599347E-005
  3.980849532997027E-005
  3.988984661449579E-005
  3.997076882951620E-005
  4.005126322244639E-005
  4.013133033091205E-005
  4.021097090143279E-005
  4.029018662392395E-005
  4.036897767361965E-005
  4.044734510156951E-005
  4.052529070905193E-005
  4.060281349289069E-005
  4.067991694237092E-005
  4.075660030268214E-005
  4.083286516951633E-005
  4.090871298651975E-005
  4.098414382823173E-005
  4.105915958266223E-005
  4.113376144186773E-005
  4.120794952572047E-005
  4.128172658344713E-005
  4.135509180821845E-005
  4.142804832469479E-005
  4.150059531827582E-005
  4.157273559239349E-005
  4.164446946181869E-005
  4.171579838058184E-005
  4.178672355332081E-005
  4.185724600477288E-005
  4.192736760559913E-005
  4.199708863039581E-005
  4.206641159258619E-005
  4.213533627605904E-005
  4.220386541552832E-005
  4.227199921439824E-005
  4.233973976094947E-005
  4.240708788986932E-005
  4.247404511008036E-005
  4.254061292305156E-005
  4.260679191928851E-005
  4.267258514898547E-005
  4.273799111813232E-005
  4.280301463418833E-005
  4.286765408700125E-005
  4.293191324989790E-005
  4.299579205467874E-005
  4.305929217475650E-005
  4.312241630988943E-005
  4.318516308073947E-005
  4.324753671935601E-005
  4.330953768116949E-005
  4.337116633011424E-005
  4.343242678895936E-005
  4.349331748960801E-005
  4.355384155051568E-005
  4.361400173682331E-005
  4.367379599539674E-005
  4.373322858071571E-005
  4.379230141431507E-005
  4.385101324940984E-005
  4.390936736278044E-005
  4.396736677949653E-005
  4.402500997728636E-005
  4.408229948400497E-005
  4.413923870893400E-005
  4.419582854376519E-005
  4.425206652138596E-005
  4.430795866903354E-005
  4.436350701143197E-005
  4.441871147005057E-005
  4.447357060305960E-005
  4.452809012084241E-005
  4.458227175875508E-005
  4.463611702342213E-005
  4.468962302325330E-005
  4.474279424878459E-005
  4.479563382925451E-005
  4.484814358697512E-005
  4.490032443833735E-005
  4.495217727480026E-005
  4.500369789853564E-005
  4.505489557798118E-005
  4.510577139701605E-005
  4.515632649978309E-005
  4.520656255373707E-005
  4.525648090135897E-005
  4.530608375454919E-005
  4.535537155398243E-005
  4.540434665216922E-005
  4.545300669732714E-005
  4.550134744374949E-005
  4.554938239731452E-005
  4.559711091864824E-005
  4.564453594809618E-005
  4.569165865448956E-005
  4.573848041019364E-005
  4.578500139510178E-005
  4.583122431674607E-005
  4.587715090234674E-005
  4.592278214124729E-005
  4.596811989736831E-005
  4.601316536598564E-005
  4.605791834830825E-005
  4.610238479934817E-005
  4.614656316109209E-005
  4.619045713169260E-005
  4.623406308018352E-005
  4.627738814143279E-005
  4.632044031444496E-005
  4.636319677642938E-005
  4.640558774858594E-005
  4.646992979410066E-005
  4.648963647301323E-005
  4.653150354685344E-005
  4.657287308559187E-005
  4.661399480125251E-005
  4.665483511113964E-005
  4.669541820575105E-005
  4.673572760889051E-005
  4.677577321649275E-005
  4.681555455359988E-005
  4.685508019297533E-005
  4.689434533312107E-005
  4.693335141135542E-005
  4.697210259886409E-005
  4.701059777656941E-005
  4.704884119961620E-005
  4.708683274729898E-005
  4.712457390240423E-005
  4.716206675165418E-005
  4.719931210272727E-005
  4.723631219508700E-005
  4.727306819910560E-005
  4.730958147754522E-005
  4.734585367124307E-005
  4.738188659000977E-005
  4.741768082250000E-005
  4.745323886586080E-005
  4.748856160196497E-005
  4.752365041079407E-005
  4.755850746661491E-005
  4.759313357285891E-005
  4.762753026935644E-005
  4.766169958033097E-005
  4.769564226413662E-005
  4.772935994315870E-005
  4.776285444800204E-005
  4.779612674966804E-005
  4.782917855893775E-005
  4.786201147676329E-005
  4.789462630584485E-005
  4.792702496677450E-005
  4.795920895605879E-005
  4.799117926150535E-005
  4.802293747461897E-005
  4.805448525213682E-005
  4.808582368344083E-005
  4.811695417082978E-005
  4.814787828003289E-005
  4.817859719526236E-005
  4.820911230862822E-005
  4.823942525475492E-005
  4.826953718727725E-005
  4.829944921668471E-005
  4.832916305199571E-005
  4.835868004921067E-005
  4.838800100164264E-005
  4.841712782559551E-005
  4.844606192588945E-005
  4.847480390255949E-005
  4.850335552290619E-005
  4.853171836306795E-005
  4.855989322275949E-005
  4.858788141693461E-005
  4.861568467360024E-005
  4.864330407252152E-005
  4.867074029921584E-005
  4.869799542998435E-005
  4.872507062208331E-005
  4.875196645521711E-005
  4.877868468879139E-005
  4.880522671176879E-005
  4.883159353715896E-005
  4.885778593980543E-005
  4.888380582254968E-005
  4.890965430017265E-005
  4.893533207852698E-005
  4.896084063560717E-005
  4.898618136054036E-005
  4.901135532698037E-005
  4.903636314827570E-005
  4.906120673584143E-005
  4.908588705338419E-005
  4.911040516091627E-005
  4.913476191714908E-005
  4.915895896404019E-005
  4.918299731953281E-005
  4.920687776225453E-005
  4.923060158258776E-005
  4.925417004395180E-005
  4.927758436310917E-005
  4.930084536307061E-005
  4.932395393231034E-005
  4.934691161797293E-005
  4.936971952743322E-005
  4.939237817246804E-005
  4.941488855074048E-005
  4.943725213394008E-005
  4.945947013241690E-005
  4.948154362652660E-005
  4.950347406132233E-005
  4.952526303794829E-005
  4.954691107553209E-005
  4.956841889421339E-005
  4.958978639395798E-005
  4.961101514565818E-005
  4.963210587617490E-005
  4.965305970986561E-005
  4.967387700049241E-005
  4.969455892304421E-005
  4.971510680664982E-005
  4.973552163476151E-005
  4.975580415753435E-005
  4.977595465608045E-005
  4.979597496882659E-005
  4.981586595707187E-005
  4.983562828271543E-005
  4.985526277851314E-005
  4.987477023395174E-005
  4.989415191927852E-005
  4.991340865433407E-005
  4.993254144364091E-005
  4.995155046189799E-005
  4.997043680700191E-005
  4.998920182649052E-005
  5.000784614428047E-005
  5.002637069263250E-005
  5.004477591719448E-005
  5.006306232060913E-005
  5.008123147082548E-005
  5.009928404481034E-005
  5.011722085142341E-005
  5.013504259440845E-005
  5.015274933371209E-005
  5.017034262479221E-005
  5.018782327404697E-005
  5.020519195138041E-005
  5.022244955117227E-005
  5.023959595981919E-005
  5.025663272061813E-005
  5.027356007244555E-005
  5.029037910606912E-005
  5.030709069083869E-005
  5.032369638273936E-005
  5.034019463474301E-005
  5.035658755338909E-005
  5.037287568496880E-005
  5.038905921653578E-005
  5.040514151664994E-005
  5.042111943056172E-005
  5.043699508115473E-005
  5.045276847260883E-005
  5.046844062993546E-005
  5.048401220055845E-005
  5.049948547854290E-005
  5.051485816022338E-005
  5.053013231009831E-005
  5.054530874985737E-005
  5.056038817889341E-005
  5.057536895927407E-005
  5.059025246373498E-005
  5.060504227762394E-005
  5.061973939203212E-005
  5.063433883042637E-005
  5.064884394304554E-005
  5.066325635831568E-005
  5.067757564345650E-005
  5.069180512877109E-005
  5.070593790226422E-005
  5.071997903590448E-005
  5.073392957458387E-005
  5.074778988466015E-005
  5.076155982710454E-005
  5.077523971928923E-005
  5.078883100408350E-005
  5.080233374116782E-005
  5.081574882138782E-005
  5.082907671811908E-005
  5.084231762344220E-005
  5.085547223840750E-005
  5.086854080681574E-005
  5.088152274833639E-005
  5.089441840171179E-005
  5.090722957977608E-005
  5.091995641646244E-005
  5.093259941516490E-005
  5.094515885517849E-005
  5.095763515809752E-005
  5.097002887080721E-005
  5.098234023480215E-005
  5.099456961771035E-005
  5.100671741233622E-005
  5.101878390884878E-005
  5.103076934373599E-005
  5.104267416580716E-005
  5.105449879987127E-005
  5.106624321337295E-005
  5.107790661706955E-005
  5.108949179120631E-005
  5.110099855751215E-005
  5.111242657636774E-005
  5.112377625958711E-005
  5.113504735573353E-005
  5.114624075614134E-005
  5.115735610874387E-005
  5.116839468891035E-005
  5.117935652481306E-005
  5.119024170698680E-005
  5.120105062708052E-005
  5.121178307427534E-005
  5.122243959090813E-005
  5.123302037775844E-005
  5.124352577412351E-005
  5.125395595995402E-005
  5.126431115021368E-005
  5.127459155749178E-005
  5.128479745304165E-005
  5.129492905658186E-005
  5.130498671546652E-005
  5.131497030419230E-005
  5.132487362223127E-005
  5.133470364873657E-005
  5.134446310121424E-005
  5.135414654881392E-005
  5.136375774397229E-005
  5.137329767359196E-005
  5.138276411693255E-005
  5.139216109501072E-005
  5.140148553175787E-005
  5.141073708932505E-005
  5.141991811825418E-005
  5.142902605287805E-005
  5.143806150111857E-005
  5.144702861660982E-005
  5.145592086167606E-005
  5.146474204262914E-005
  5.147349225688161E-005
  5.148217158858275E-005
  5.149078011973184E-005
  5.149931792946906E-005
  5.150778509412779E-005
  5.151618168795303E-005
  5.152450778109728E-005
  5.153276344110056E-005
  5.154094873230772E-005
  5.154906371521288E-005
  5.155710844686944E-005
  5.156508298062930E-005
  5.157298736611354E-005
  5.158082164426696E-005
  5.158858584084993E-005
  5.159627996751958E-005
  5.160390401826969E-005
  5.161145797086741E-005
  5.161894178517944E-005
  5.162635540290454E-005
  5.163369874607111E-005
  5.164097171758704E-005
  5.164817419953420E-005
  5.165530605298683E-005
  5.166236711706703E-005
  5.166935720891481E-005
  5.167627612254067E-005
  5.168312362869552E-005
  5.168989947437446E-005
  5.169660338304528E-005
  5.170323505420546E-005
  5.170979416343472E-005
  5.171628036332677E-005
  5.172269328284421E-005
  5.172903252906198E-005
  5.173529768759612E-005
  5.174148832353033E-005
  5.174760398292017E-005
  5.175364419385845E-005
  5.175960846837963E-005
  5.176549630367950E-005
  5.177130718462243E-005
  5.177704058454475E-005
  5.178269596890924E-005
  5.178827279588680E-005
  5.179377051920211E-005
  5.179918859049341E-005
  5.180452646113308E-005
  5.180978358518046E-005
  5.181495942095702E-005
  5.182005343413149E-005
  5.182506509962929E-005
  5.182999390436186E-005
  5.183483934906828E-005
  5.183960095167419E-005
  5.184427824828302E-005
  5.184887079688620E-005
  5.185337817857075E-005
  5.185780000050202E-005
  5.186213589801288E-005
  5.186638553647808E-005
  5.187054861364968E-005
  5.187462486218066E-005
  5.187861405080828E-005
  5.188251598712608E-005
  5.188633051898056E-005
  5.189005753663876E-005
  5.189369697425039E-005
  5.189724881181784E-005
  5.190071307664301E-005
  5.190408984481747E-005
  5.190737924286361E-005
  5.191058144884831E-005
  5.191369669367702E-005
  5.191672526235740E-005
  5.191966749482942E-005
  5.192252378725993E-005
  5.192529459228839E-005
  5.192798042048532E-005
  5.193058184030532E-005
  5.193309947897626E-005
  5.193553402281182E-005
  5.193788621740114E-005
  5.194015686785772E-005
  5.194234683900115E-005
  5.194445705517244E-005
  5.194648850030929E-005
  5.194844221754679E-005
  5.195031930940679E-005
  5.195212093703141E-005
  5.195384832039022E-005
  5.195550273765345E-005
  5.195708552531658E-005
  5.195859807767424E-005
  5.196004184716337E-005
  5.196141834425748E-005
  5.196272913802532E-005
  5.196397585638695E-005
  5.196516018748903E-005
  5.196628388066279E-005
  5.196734874831859E-005
  5.196835666791952E-005
  5.196930958496175E-005
  5.197020951617912E-005
  5.197105855314816E-005
  5.197185886690725E-005
  5.197261271276804E-005
  5.197332243573021E-005
  5.197399047621301E-005
  5.197461937567018E-005
  5.197521178266733E-005
  5.197577045816357E-005
  5.197629827988096E-005
  5.197679824572971E-005
  5.197727347515518E-005
  5.197772720795064E-005
  5.197816279950163E-005
  5.197858371225162E-005
  5.197899350152437E-005
  5.197939579558664E-005
  5.197979426864590E-005
  5.198019260594426E-005
  5.198059446027881E-005
  5.198100339984428E-005
  5.198142284691269E-005
  5.198185600821367E-005
  5.198230579796775E-005
  5.198277475573663E-005
  5.198326496166640E-005
  5.198377795344199E-005
  5.198431464979173E-005
  5.198487528634442E-005
  5.198545978141029E-005
  5.198606713189638E-005
  5.198669385630020E-005
  5.198733856335967E-005
  5.198799682017534E-005
  5.198866699771030E-005
  5.198934284257274E-005
  5.199002071749209E-005
  5.199069659594717E-005
  5.199136627509300E-005
  5.199202696497120E-005
  5.199267475674616E-005
  5.199330741339200E-005
  5.199392191091875E-005
  5.199451549715439E-005
  5.199508795837440E-005
  5.199563706858852E-005
  5.199616239673975E-005
  5.199666404024666E-005
  5.199713993788973E-005
  5.199759114221062E-005
  5.199801709819321E-005
  5.199841665109773E-005
  5.199879095342867E-005
  5.199913984539929E-005
  5.199946279446402E-005
  5.199976012117882E-005
  5.200003221049476E-005
  5.200027963688273E-005
  5.200050153321393E-005
  5.200069830099356E-005
  5.200087005944612E-005
  5.200101717058525E-005
  5.200113986428567E-005
  5.200123799966941E-005
  5.200131183432677E-005
  5.200136147296126E-005
  5.200138710784988E-005
  5.200138878883474E-005
  5.200136669878882E-005
  5.200132107636960E-005
  5.200125198648592E-005
  5.200115964070632E-005
  5.200104405201866E-005
  5.200090546742636E-005
  5.200074404923678E-005
  5.200056009470756E-005
  5.200035366280158E-005
  5.200012453830799E-005
  5.199987305811693E-005
  5.199959809073716E-005
  5.199930103759852E-005
  5.199898182594976E-005
  5.199864046417262E-005
  5.199827664359094E-005
  5.199789188885359E-005
  5.199748473721597E-005
  5.199705697651633E-005
  5.199660821195379E-005
  5.199613811038501E-005
  5.199564691713341E-005
  5.199513561720390E-005
  5.199460256128406E-005
  5.199405013139143E-005
  5.199347801204345E-005
  5.199288480158840E-005
  5.199227154906839E-005
  5.199163850322128E-005
  5.199098597819218E-005
  5.199031347364490E-005
  5.198962259462532E-005
  5.198891187199191E-005
  5.198818125124047E-005
  5.198743316039222E-005
  5.198666565297113E-005
  5.198587741872960E-005
  5.198507189767768E-005
  5.198424742871624E-005
  5.198340359045619E-005
  5.198254255642195E-005
  5.198166273887787E-005
  5.198076803779635E-005
  5.197985145937313E-005
  5.197891748153394E-005
  5.197796729615815E-005
  5.197699912693402E-005
  5.197601241339633E-005
  5.197501008879028E-005
  5.197398702479141E-005
  5.197294790913811E-005
  5.197189241769361E-005
  5.197081944796710E-005
  5.196972964977173E-005
  5.196862269497123E-005
  5.196749944623601E-005
  5.196635798921642E-005
  5.196520002766605E-005
  5.196402730073607E-005
  5.196283773999898E-005
  5.196163219303476E-005
  5.196040917841404E-005
  5.195917207026937E-005
  5.195791675639883E-005
  5.195664341457730E-005
  5.195535524027894E-005
  5.195405112277211E-005
  5.195273530300335E-005
  5.195139893478622E-005
  5.195004582684812E-005
  5.194867754040902E-005
  5.194729484579982E-005
  5.194589714600249E-005
  5.194448157970577E-005
  5.194305293490134E-005
  5.194160706405665E-005
  5.194014562376259E-005
  5.193866934084182E-005
  5.193717465988866E-005
  5.193566909277906E-005
  5.193414954257805E-005
  5.193261141773108E-005
  5.193105826437182E-005
  5.192948631816332E-005
  5.192790282323872E-005
  5.192630604242947E-005
  5.192469117396358E-005
  5.192306046017256E-005
  5.192141780637802E-005
  5.191975537712222E-005
  5.191808093222427E-005
  5.191639562298427E-005
  5.191468697708816E-005
  5.191296754877167E-005
  5.191122636359558E-005
  5.190948123690076E-005
  5.190771834153602E-005
  5.190593570009627E-005
  5.190414156917138E-005
  5.190232403913657E-005
  5.190050055912850E-005
  5.189865956385078E-005
  5.189679497934939E-005
  5.189492459780256E-005
  5.189303447414371E-005
  5.189113323871841E-005
  5.188921461396903E-005
  5.188728587830672E-005
  5.188533518096160E-005
  5.188337431105239E-005
  5.188138614811208E-005
  5.187939875671532E-005
  5.187738544954641E-005
  5.187535737092597E-005
  5.187331987607078E-005
  5.187125592312333E-005
  5.186918408015822E-005
  5.186709427343087E-005
  5.186498672956869E-005
  5.186286267168424E-005
  5.186073461978527E-005
  5.185857775113059E-005
  5.185640453476015E-005
  5.185422027442398E-005
  5.185201314953241E-005
  5.184980600765917E-005
  5.184756586887206E-005
  5.184531301971659E-005
  5.184304115664843E-005
  5.184075834565929E-005
  5.183845194923064E-005
  5.183612355900658E-005
  5.183377945273427E-005
  5.183140745129505E-005
  5.182901829405505E-005
  5.182661979265279E-005
  5.182418594032573E-005
  5.182175911937878E-005
  5.181930680251525E-005
  5.181683352836104E-005
  5.181434764699109E-005
  5.181182535877397E-005
  5.180928623969212E-005
  5.180674199105689E-005
  5.180417458846733E-005
  5.180158805329023E-005
  5.179898022145969E-005
  5.179635326241707E-005
  5.179371002329457E-005
  5.179104222220781E-005
  5.178836569641609E-005
  5.178565901269604E-005
  5.178293058140597E-005
  5.178018983946646E-005
  5.177742347306838E-005
  5.177464176021310E-005
  5.177182210167606E-005
  5.176900037806112E-005
  5.176615494594997E-005
  5.176328666235066E-005
  5.176037284844725E-005
  5.175747438954944E-005
  5.175455924820300E-005
  5.175158830376897E-005
  5.174861928589384E-005
  5.174559978709122E-005
  5.174258198096655E-005
  5.173953065433079E-005
  5.173647111465860E-005
  5.173337354376434E-005
  5.173025362354920E-005
  5.172710188754518E-005
  5.172393214671407E-005
  5.172073442553582E-005
  5.171754085046903E-005
  5.171429426057734E-005
  5.171103878637099E-005
  5.170774621312642E-005
  5.170443958747110E-005
  5.170108387855011E-005
  5.169772201248962E-005
  5.169433060536982E-005
  5.169091748700116E-005
  5.168746987597742E-005
  5.168399302223125E-005
  5.168048002120266E-005
  5.167694806378450E-005
  5.167339861671902E-005
  5.166981257127853E-005
  5.166620073219630E-005
  5.166254367437088E-005
  5.165888287358290E-005
  5.165517157854223E-005
  5.165144090444243E-005
  5.164767560497349E-005
  5.164391175206903E-005
  5.164006661455846E-005
  5.163622858431039E-005
  5.163234161871388E-005
  5.162843214547541E-005
  5.162447883814098E-005
  5.162049170237377E-005
  5.161647528658162E-005
  5.161243353994726E-005
  5.160832184789146E-005
  5.160424391918264E-005
  5.160006454812465E-005
  5.159588211495268E-005
  5.159168789730151E-005
  5.158741603319714E-005
  5.158315198971202E-005
  5.157880676429157E-005
  5.157481294265549E-005
  5.157090215512620E-005
  5.156693131458321E-005
  5.156293795602132E-005
  5.155890755876132E-005
  5.155484870603699E-005
  5.155075963404811E-005
  5.154660737276048E-005
  5.154244492488769E-005
  5.153824001568447E-005
  5.153398533810584E-005
  5.152970245421364E-005
  5.152538077112141E-005
  5.152102141360445E-005
  5.151663741024229E-005
  5.151214364927049E-005
  5.150768491374608E-005
  5.150316258037195E-005
  5.149860575732931E-005
  5.149399309031397E-005
  5.148933777713751E-005
  5.148463298242933E-005
  5.147992466938246E-005
  5.147515039670765E-005
  5.147027840444901E-005
  5.146542546018775E-005
  5.146051998913050E-005
  5.145554536827955E-005
  5.145052927746221E-005
  5.144544167684739E-005
  5.144040350652363E-005
  5.143521095370293E-005
  5.143004933403219E-005
  5.142481269871335E-005
  5.141943716222241E-005
  5.141414338247957E-005
  5.140874441949701E-005
  5.140330929138414E-005
  5.139780074265827E-005
  5.139224527072461E-005
  5.138661334362701E-005
  5.138091976573754E-005
  5.137523396769740E-005
  5.136944711367259E-005
  5.136361520044908E-005
  5.135770416772152E-005
  5.135177031054590E-005
  5.134574656595443E-005
  5.133966914480148E-005
  5.133359800126304E-005
  5.132736255387050E-005
  5.132113590264407E-005
  5.131489623872910E-005
  5.130850860555081E-005
  5.130210682913335E-005
  5.129561047132411E-005
  5.128906956514531E-005
  5.128243765750284E-005
  5.127563678826848E-005
  5.126897276911645E-005
  5.126220053631964E-005
  5.125531272768057E-005
  5.124836674885438E-005
  5.124127926056765E-005
  5.123425749657958E-005
  5.122703273564699E-005
  5.121984772942079E-005
  5.121252364650569E-005
  5.120515565311485E-005
  5.119774969028528E-005
  5.119010767590717E-005
  5.118250380564060E-005
  5.117487492310214E-005
  5.116712581048141E-005
  5.115919939344302E-005
  5.115134649626644E-005
  5.114340437541799E-005
  5.113529869907249E-005
  5.112711583830429E-005
  5.111892379139922E-005
  5.111055034956052E-005
  5.110212241583903E-005
  5.109357781666704E-005
  5.108503186763985E-005
  5.107643541676551E-005
  5.106762450113351E-005
  5.105876291701987E-005
  5.104978621325243E-005
  5.104081669984724E-005
  5.103166060378074E-005
  5.102239591243971E-005
  5.101317305941551E-005
  5.100366882278165E-005
  5.099422372669732E-005
  5.098461393530487E-005
  5.097493306274585E-005
  5.096498671808777E-005
  5.095504863792689E-005
  5.094511146002810E-005
  5.093496297364476E-005
  5.092470801354928E-005
  5.091435797528981E-005
  5.090380602710699E-005
  5.089335278295495E-005
  5.088273327580203E-005
  5.087188386036274E-005
  5.086093625055169E-005
  5.084990879252850E-005
  5.083887046071281E-005
  5.082755182474040E-005
  5.081623685830038E-005
  5.080477323882817E-005
  5.079318143587223E-005
  5.078134341903757E-005
  5.076947165223014E-005
  5.075734812969756E-005
  5.074507262449719E-005
  5.073288920422416E-005
  5.072058590925745E-005
  5.070801492341923E-005
  5.069530105504891E-005
  5.068251089712710E-005
  5.066949273584472E-005
  5.065615418926170E-005
  5.064296117577330E-005
  5.062951341289346E-005
  5.061598700973867E-005
  5.060214745987070E-005
  5.058812143300502E-005
  5.057387934284530E-005
  5.055954325684336E-005
  5.054514480635117E-005
  5.053034642147493E-005
  5.051547059652938E-005
  5.050043738568299E-005
  5.048516539245075E-005
  5.046964588191191E-005
  5.045397616007873E-005
  5.043801644132789E-005
  5.042136058159653E-005
  5.040508655724977E-005
  5.038832292732753E-005
  5.037134366058605E-005
  5.035409683309073E-005
  5.033661693664977E-005
  5.031871802949884E-005
  5.030029193103141E-005
  5.028142234032783E-005
  5.026234239104004E-005
  5.024324227018147E-005
  5.022293820453610E-005
  5.020283243789424E-005
  5.018177558142446E-005
  5.016072004669570E-005
  5.013828581421468E-005
  5.011516657311567E-005
  5.009185848242436E-005
  5.006741508869433E-005
  5.004222325446548E-005
  5.001582988526144E-005
  4.998833540469395E-005
  4.995955409616132E-005
  4.992935587749385E-005
  4.989761324384951E-005
  4.986428110142821E-005
  4.982886756077574E-005
  4.979143442929786E-005
  4.975118437927786E-005
  4.970832333170307E-005
  4.966183482967149E-005
  4.961304340056899E-005
  4.956364303090358E-005
  4.951414698216232E-005
  4.946447259077120E-005
  4.941469120893456E-005
  4.936530481102942E-005
  4.931586411423255E-005
  4.926637922081946E-005
  4.921685986564655E-005
  4.916731553974944E-005
  4.911775554535028E-005
  4.906818908068989E-005
  4.901862625502932E-005
  4.896908173266903E-005
  4.891957654165712E-005
  4.887013865345481E-005
  4.882080362543294E-005
  4.877161521978631E-005
  4.872262604269103E-005
  4.867389815689826E-005
  4.862550371393799E-005
  4.857752549073502E-005
  4.853005752721712E-005
  4.848320551976028E-005
  4.843708730745300E-005
  4.839183309104183E-005
  4.834758568458888E-005
  4.830450038021178E-005
  4.826274481596677E-005
  4.822249834967904E-005
  4.818395136518248E-005
  4.814730398898179E-005
  4.811276444981244E-005
  4.808054558348045E-005
  4.805086606477438E-005
  4.802396531729032E-005
  4.800003794090704E-005
  4.797929813301390E-005
  4.796194741990583E-005
  4.794816920630742E-005
  4.793812431097173E-005
  4.793194454120075E-005
  4.792972579831100E-005
  4.793152033846237E-005
  4.793732871278652E-005
  4.794709119152186E-005
  4.796067889973743E-005
  4.797788470278228E-005
  4.799841402113661E-005
  4.802139555828988E-005
  4.804662540878012E-005
  4.807387753589861E-005
  4.810259824207129E-005
  4.813140873192797E-005
  4.815854852221881E-005
  4.818492197006615E-005
  4.820768122916137E-005
  4.822304525170628E-005
  4.823225231459796E-005
  4.823330590728104E-005
  4.822348823461320E-005
  4.819535111120465E-005
  4.815774591321370E-005
  4.811915134580986E-005
  4.808001618475295E-005
  4.804046610920291E-005
  4.800167435317853E-005
  4.796375020521677E-005
  4.792698436200005E-005
  4.789196085510541E-005
  4.785936230948468E-005
  4.783045048483720E-005
  4.780494434386250E-005
  4.777998412136830E-005
  4.775552200570214E-005
  4.773168384046214E-005
  4.770828360298644E-005
  4.768545644325342E-005
  4.766320520323538E-005
  4.764149147627351E-005
  4.762040196089035E-005
  4.759985610760933E-005
  4.757980762405886E-005
  4.756057183675531E-005
  4.754173999695965E-005
  4.752350965177781E-005
  4.750570043498625E-005
  4.748878977117639E-005
  4.747247116153348E-005
  4.745650040038381E-005
  4.744161076948045E-005
  4.742721186183678E-005
  4.741287815220251E-005
  4.739914542843984E-005
  4.738592956977690E-005
  4.737336417033055E-005
  4.736142579853441E-005
  4.735002424898506E-005
  4.733905248409792E-005
  4.732869994951586E-005
  4.731889545278299E-005
  4.730973283232940E-005
  4.730089730276427E-005
  4.729248895238049E-005
  4.728459411079989E-005
  4.727651600962285E-005
  4.726887845370651E-005
  4.726169530754199E-005
  4.725493573508443E-005
  4.724847782725126E-005
  4.724240782565346E-005
  4.723600883129443E-005
  4.722997758992675E-005
  4.722427526608501E-005
  4.721849492327563E-005
  4.721194659082868E-005
  4.713975713628139E-005
  4.705144599859197E-005
  4.696260534888434E-005
  4.687315013743750E-005
  4.678311996374097E-005
  4.669230283091702E-005
  4.660085561090966E-005
  4.650843408085104E-005
  4.641528358337946E-005
  4.632123299068892E-005
  4.622628103624398E-005
  4.613031400412178E-005
  4.603337212009569E-005
  4.593547650864180E-005
  4.583655963041854E-005
  4.573641398816639E-005
  4.563507811107796E-005
  4.553259684862118E-005
  4.542875084230391E-005
  4.532360959621579E-005
  4.521683852461785E-005
  4.510878768855609E-005
  4.499907544654949E-005
  4.488782540086206E-005
  4.477482195385401E-005
  4.466004203376161E-005
  4.454341099905630E-005
  4.442476981867448E-005
  4.430423484369225E-005
  4.418148237348498E-005
  4.405658803392914E-005
  4.392930484276334E-005
  4.379960541984444E-005
  4.366743590639690E-005
  4.353271323809619E-005
  4.339520347247489E-005
  4.325485543900974E-005
  4.311149232959798E-005
  4.296491546652322E-005
  4.281514460152879E-005
  4.266203057254813E-005
  4.250535557292856E-005
  4.234482654656809E-005
  4.218052409624747E-005
  4.201217389627514E-005
  4.183951293712305E-005
  4.166237517001832E-005
  4.148060497934238E-005
  4.129399562108747E-005
  4.110223294370194E-005
  4.090519416157181E-005
  4.070263028235836E-005
  4.049427747990042E-005
  4.027979952619164E-005
  4.005897901732803E-005
  3.983147713470327E-005
  3.959703004162455E-005
  3.935519995678265E-005
  3.910573606007291E-005
  3.884820084099053E-005
  3.858225594224082E-005
  3.830748899063160E-005
  3.802346541262817E-005
  3.772975482166546E-005
  3.742587043473865E-005
  3.711130827778410E-005
  3.678553907488138E-005
  3.644802681885179E-005
  3.609816730338288E-005
  3.573532830268477E-005
  3.535888041288737E-005
  3.496814683488204E-005
  3.456241725195973E-005
  3.414094268208252E-005
  3.370292842810962E-005
  3.324755697640481E-005
  3.277396083380153E-005
  3.228123654165647E-005
  3.176840838873130E-005
  3.123453377513583E-005
  3.067857220856800E-005
  3.009947657099626E-005
  2.949617052527690E-005
  2.886748490110161E-005
  2.821229463085278E-005
  2.752941742943592E-005
  2.681762418292986E-005
  2.607578035076332E-005
  2.530273056910868E-005
  2.449707154103890E-005
  2.365787966037387E-005
  2.278399865669418E-005
  2.187439062860294E-005
  2.092777038756461E-005
  1.994376430273909E-005
  1.892040475904541E-005
  1.785889551194511E-005
