  2.857390304029671E-005
  5.016707691738158E-006
  3.065764767547401E-006
  3.021996349701017E-006
  1.229677671173450E-006
  1.434054950469393E-006
  1.200000017881393E-006
  1.454400701018068E-007
  1.200000017881393E-006
  1.200000017881393E-006
  1.200000017881393E-006
  1.200000017881393E-006
  1.200000017881393E-006
  1.200000017881393E-006
  1.200000017881393E-006
  1.200000017881393E-006
  1.200000017881393E-006
  1.200000017881393E-006
  1.200000017881393E-006
  1.200000017881393E-006
  1.200000017881393E-006
  1.200000017881393E-006
  1.200000017881393E-006
  1.200000017881393E-006
  1.200000017881393E-006
  1.200000017881393E-006
  1.200000017881393E-006
  1.200000017881393E-006
  1.200000017881393E-006
  1.200000017881393E-006
  1.200000017881393E-006
  1.200000017881393E-006
  1.200000017881393E-006
  1.200000017881393E-006
  1.200000017881393E-006
  1.200000017881393E-006
  1.200000017881393E-006
  1.200000017881393E-006
  1.200000017881393E-006
  1.200000017881393E-006
  1.200000017881393E-006
  1.200000017881393E-006
  1.200000017881393E-006
  1.200000017881393E-006
  1.200000017881393E-006
  1.200000017881393E-006
  1.200000017881393E-006
  1.200000017881393E-006
  1.200000017881393E-006
  1.200000017881393E-006
  1.200000017881393E-006
  1.200000017881393E-006
  1.200000017881393E-006
  1.200000017881393E-006
  1.200000017881393E-006
  1.200000017881393E-006
  1.200000017881393E-006
  1.200000017881393E-006
  1.200000017881393E-006
  1.200000017881393E-006
  1.200000017881393E-006
  1.200000017881393E-006
  1.200000017881393E-006
  1.200000017881393E-006
  1.200000017881393E-006
  1.200000017881393E-006
  1.200000017881393E-006
  1.200000017881393E-006
  1.200000017881393E-006
  1.200000017881393E-006
  1.200000017881393E-006
  1.200000017881393E-006
  1.200000017881393E-006
  1.200000017881393E-006
  1.200000017881393E-006
  1.200000017881393E-006
  1.200000017881393E-006
  1.200000017881393E-006
  1.200000017881393E-006
  1.200000017881393E-006
  1.200000017881393E-006
  1.200000017881393E-006
  1.200000017881393E-006
  1.200000017881393E-006
  1.200000017881393E-006
  1.200000017881393E-006
  1.200000017881393E-006
  1.200000017881393E-006
  1.200000017881393E-006
  1.200000017881393E-006
  1.200000017881393E-006
  1.200000017881393E-006
  1.200000017881393E-006
  1.200000017881393E-006
  1.200000017881393E-006
  1.200000017881393E-006
  1.200000017881393E-006
  1.200000017881393E-006
  1.200000017881393E-006
  1.200000017881393E-006
  1.200000017881393E-006
  1.200000017881393E-006
  1.200000017881393E-006
  1.200000017881393E-006
  1.200000017881393E-006
  1.200000017881393E-006
  1.200000017881393E-006
  1.200000017881393E-006
  1.200000017881393E-006
  1.200000017881393E-006
  1.200000017881393E-006
  1.200000017881393E-006
  1.200000017881393E-006
  1.200000017881393E-006
  1.200000017881393E-006
  1.200000017881393E-006
  1.200000017881393E-006
  1.200000017881393E-006
  1.200000017881393E-006
  1.200000017881393E-006
  1.200000017881393E-006
  1.200000017881393E-006
  1.200000017881393E-006
  1.200000017881393E-006
  1.200000017881393E-006
  1.200000017881393E-006
  1.200000017881393E-006
  1.200000017881393E-006
  1.200000017881393E-006
  1.200000017881393E-006
  1.200000017881393E-006
  1.200000017881393E-006
  1.200000017881393E-006
  1.200000017881393E-006
  1.200000017881393E-006
  1.200000017881393E-006
  1.200000017881393E-006
  1.200000017881393E-006
  1.200000017881393E-006
  1.200000017881393E-006
  1.200000017881393E-006
  1.200000017881393E-006
  1.200000017881393E-006
  1.200000017881393E-006
  1.200000017881393E-006
  1.200000017881393E-006
  1.200000017881393E-006
  1.200000017881393E-006
  1.200000017881393E-006
  1.200000017881393E-006
  1.200000017881393E-006
  1.200000017881393E-006
  1.200000017881393E-006
  1.200000017881393E-006
  1.200000017881393E-006
  1.200000017881393E-006
  1.200000017881393E-006
  1.200000017881393E-006
  1.200000017881393E-006
  1.200000017881393E-006
  1.200000017881393E-006
  1.200000017881393E-006
  1.200000017881393E-006
  1.200000017881393E-006
  1.200000017881393E-006
  1.200000017881393E-006
  1.200000017881393E-006
  1.200000017881393E-006
  1.200000017881393E-006
  1.200000017881393E-006
  1.200000017881393E-006
  1.200000017881393E-006
  1.200000017881393E-006
  1.200000017881393E-006
  1.200000017881393E-006
  1.200000017881393E-006
  1.200000017881393E-006
  1.200000017881393E-006
  1.200000017881393E-006
  1.200000017881393E-006
  1.200000017881393E-006
  1.200000017881393E-006
  1.200000017881393E-006
  1.200000017881393E-006
  1.200000017881393E-006
  1.200000017881393E-006
  1.200000017881393E-006
  1.200000017881393E-006
  1.200000017881393E-006
  1.200000017881393E-006
  1.200000017881393E-006
  1.200000017881393E-006
  1.200000017881393E-006
  1.200000017881393E-006
  1.200000017881393E-006
  1.200000017881393E-006
  1.200000017881393E-006
  1.200000017881393E-006
  1.200000017881393E-006
  1.200000017881393E-006
  1.200000017881393E-006
  1.200000017881393E-006
  1.200000017881393E-006
  1.200000017881393E-006
  1.200000017881393E-006
  1.200000017881393E-006
  1.200000017881393E-006
  1.200000017881393E-006
  1.200000017881393E-006
  1.200000017881393E-006
  1.200000017881393E-006
  1.200000017881393E-006
  1.200000017881393E-006
  1.200000017881393E-006
  1.200000017881393E-006
  1.200000017881393E-006
  1.200000017881393E-006
  1.200000017881393E-006
  1.200000017881393E-006
  1.200000017881393E-006
  1.200000017881393E-006
  1.200000017881393E-006
  1.200000017881393E-006
  1.200000017881393E-006
  1.200000017881393E-006
  1.200000017881393E-006
  1.200000017881393E-006
  1.200000017881393E-006
  1.200000017881393E-006
  1.200000017881393E-006
  1.200000017881393E-006
  1.200000017881393E-006
  1.200000017881393E-006
  1.200000017881393E-006
  1.200000017881393E-006
  1.200000017881393E-006
  1.200000017881393E-006
  1.200000017881393E-006
  1.200000017881393E-006
  1.200000017881393E-006
  1.200000017881393E-006
  1.200000017881393E-006
  1.200000017881393E-006
  1.200000017881393E-006
  1.200000017881393E-006
  1.200000017881393E-006
  1.200000017881393E-006
  1.200000017881393E-006
  1.200000017881393E-006
  1.200000017881393E-006
  1.200000017881393E-006
  1.200000017881393E-006
  1.200000017881393E-006
  1.200000017881393E-006
  1.200000017881393E-006
  1.200000017881393E-006
  1.200000017881393E-006
  1.200000017881393E-006
  1.200000017881393E-006
  1.200000017881393E-006
  1.200000017881393E-006
  1.200000017881393E-006
  1.200000017881393E-006
  1.200000017881393E-006
  1.200000017881393E-006
  1.200000017881393E-006
  1.200000017881393E-006
  1.200000017881393E-006
  1.200000017881393E-006
  1.200000017881393E-006
  1.200000017881393E-006
  1.200000017881393E-006
  1.200000017881393E-006
  1.200000017881393E-006
  1.200000017881393E-006
  1.200000017881393E-006
  1.200000017881393E-006
  1.200000017881393E-006
  1.200000017881393E-006
  1.200000017881393E-006
  1.200000017881393E-006
  1.200000017881393E-006
  1.200000017881393E-006
  1.200000017881393E-006
  1.200000017881393E-006
  1.200000017881393E-006
  1.200000017881393E-006
  1.200000017881393E-006
  1.200000017881393E-006
  1.200000017881393E-006
  1.200000017881393E-006
  1.200000017881393E-006
  1.200000017881393E-006
  1.200000017881393E-006
  1.200000017881393E-006
  1.200000017881393E-006
  1.200000017881393E-006
  1.200000017881393E-006
  1.200000017881393E-006
  1.200000017881393E-006
  1.200000017881393E-006
  1.200000017881393E-006
  1.200000017881393E-006
  1.200000017881393E-006
  1.200000017881393E-006
  1.200000017881393E-006
  1.200000017881393E-006
  1.200000017881393E-006
  1.200000017881393E-006
  1.200000017881393E-006
  1.200000017881393E-006
  1.200000017881393E-006
  1.200000017881393E-006
  1.200000017881393E-006
  1.200000017881393E-006
  1.200000017881393E-006
  1.200000017881393E-006
  1.200000017881393E-006
  1.200000017881393E-006
  1.200000017881393E-006
  1.200000017881393E-006
  1.200000017881393E-006
  1.200000017881393E-006
  1.200000017881393E-006
  1.200000017881393E-006
  1.200000017881393E-006
  1.200000017881393E-006
  1.200000017881393E-006
  1.200000017881393E-006
  1.200000017881393E-006
  1.200000017881393E-006
  1.200000017881393E-006
  1.200000017881393E-006
  1.200000017881393E-006
  1.200000017881393E-006
  1.200000017881393E-006
  1.200000017881393E-006
  1.200000017881393E-006
  1.200000017881393E-006
  1.200000017881393E-006
  1.200000017881393E-006
  1.200000017881393E-006
  1.200000017881393E-006
  1.200000017881393E-006
  1.200000017881393E-006
  1.200000017881393E-006
  1.200000017881393E-006
  1.200000017881393E-006
  1.200000017881393E-006
  1.200000017881393E-006
  1.200000017881393E-006
  1.200000017881393E-006
  1.200000017881393E-006
  1.200000017881393E-006
  1.200000017881393E-006
  1.200000017881393E-006
  1.200000017881393E-006
  1.200000017881393E-006
  1.200000017881393E-006
  1.200000017881393E-006
  1.200000017881393E-006
  1.200000017881393E-006
  1.200000017881393E-006
  1.200000017881393E-006
  1.200000017881393E-006
  1.200000017881393E-006
  1.200000017881393E-006
  1.200000017881393E-006
  1.200000017881393E-006
  1.200000017881393E-006
  1.200000017881393E-006
  1.200000017881393E-006
  1.200000017881393E-006
  1.200000017881393E-006
  1.200000017881393E-006
  1.200000017881393E-006
  1.200000017881393E-006
  1.200000017881393E-006
  1.200000017881393E-006
  1.200000017881393E-006
  1.200000017881393E-006
  1.200000017881393E-006
  1.200000017881393E-006
  1.200000017881393E-006
  1.200000017881393E-006
  1.200000017881393E-006
  1.200000017881393E-006
  1.200000017881393E-006
  1.200000017881393E-006
  1.200000017881393E-006
  1.200000017881393E-006
  1.200000017881393E-006
  1.200000017881393E-006
  1.200000017881393E-006
  1.200000017881393E-006
  1.200000017881393E-006
  1.200000017881393E-006
  1.200000017881393E-006
  1.200000017881393E-006
  1.200000017881393E-006
  1.200000017881393E-006
  1.200000017881393E-006
  1.200000017881393E-006
  1.200000017881393E-006
  1.200000017881393E-006
  1.200000017881393E-006
  1.200000017881393E-006
  1.200000017881393E-006
  1.200000017881393E-006
  1.200000017881393E-006
  1.200000017881393E-006
  1.200000017881393E-006
  1.200000017881393E-006
  1.200000017881393E-006
  1.200000017881393E-006
  1.200000017881393E-006
  1.200000017881393E-006
  1.200000017881393E-006
  1.200000017881393E-006
  1.200000017881393E-006
  1.200000017881393E-006
  1.200000017881393E-006
  1.200000017881393E-006
  1.200000017881393E-006
  1.200000017881393E-006
  1.200000017881393E-006
  1.200000017881393E-006
  1.200000017881393E-006
  1.200000017881393E-006
  1.200000017881393E-006
  1.200000017881393E-006
  1.200000017881393E-006
  1.200000017881393E-006
  1.200000017881393E-006
  1.200000017881393E-006
  1.200000017881393E-006
  1.200000017881393E-006
  1.200000017881393E-006
  1.200000017881393E-006
  1.200000017881393E-006
  1.200000017881393E-006
  1.200000017881393E-006
  1.200000017881393E-006
  1.200000017881393E-006
  1.200000017881393E-006
  1.200000017881393E-006
  1.200000017881393E-006
  1.200000017881393E-006
  1.200000017881393E-006
  1.200000017881393E-006
  1.200000017881393E-006
  1.200000017881393E-006
  1.200000017881393E-006
  1.200000017881393E-006
  1.200000017881393E-006
  1.200000017881393E-006
  1.200000017881393E-006
  1.200000017881393E-006
  1.200000017881393E-006
  1.200000017881393E-006
  1.200000017881393E-006
  1.200000017881393E-006
  1.200000017881393E-006
  1.200000017881393E-006
  1.200000017881393E-006
  1.200000017881393E-006
  1.200000017881393E-006
  1.200000017881393E-006
  1.200000017881393E-006
  1.200000017881393E-006
  1.200000017881393E-006
  1.200000017881393E-006
  1.200000017881393E-006
  1.200000017881393E-006
  1.200000017881393E-006
  1.200000017881393E-006
  1.200000017881393E-006
  1.200000017881393E-006
  1.200000017881393E-006
  1.200000017881393E-006
  1.200000017881393E-006
  1.200000017881393E-006
  1.200000017881393E-006
  1.200000017881393E-006
  1.200000017881393E-006
  1.200000017881393E-006
  1.200000017881393E-006
  1.200000017881393E-006
  1.200000017881393E-006
  1.200000017881393E-006
  1.200000017881393E-006
  1.200000017881393E-006
  1.200000017881393E-006
  1.200000017881393E-006
  1.200000017881393E-006
  1.200000017881393E-006
  1.200000017881393E-006
  1.200000017881393E-006
  1.200000017881393E-006
  1.200000017881393E-006
  1.200000017881393E-006
  1.200000017881393E-006
  1.200000017881393E-006
  1.200000017881393E-006
  1.200000017881393E-006
  1.200000017881393E-006
  1.200000017881393E-006
  1.200000017881393E-006
  1.200000017881393E-006
  1.200000017881393E-006
  1.200000017881393E-006
  1.200000017881393E-006
  1.200000017881393E-006
  1.200000017881393E-006
  1.200000017881393E-006
  1.200000017881393E-006
  1.200000017881393E-006
  1.200000017881393E-006
  1.200000017881393E-006
  1.200000017881393E-006
  1.200000017881393E-006
  1.200000017881393E-006
  1.200000017881393E-006
  1.200000017881393E-006
  1.200000017881393E-006
  1.200000017881393E-006
  1.200000017881393E-006
  1.200000017881393E-006
  1.200000017881393E-006
  1.200000017881393E-006
  1.200000017881393E-006
  1.200000017881393E-006
  1.200000017881393E-006
  1.200000017881393E-006
  1.200000017881393E-006
  1.200000017881393E-006
  1.200000017881393E-006
  1.200000017881393E-006
  1.200000017881393E-006
  1.200000017881393E-006
  1.200000017881393E-006
  1.200000017881393E-006
  1.200000017881393E-006
  1.200000017881393E-006
  1.200000017881393E-006
  1.200000017881393E-006
  1.200000017881393E-006
  1.200000017881393E-006
  1.200000017881393E-006
  1.200000017881393E-006
  1.200000017881393E-006
  1.200000017881393E-006
  1.200000017881393E-006
  1.200000017881393E-006
  1.200000017881393E-006
  1.200000017881393E-006
  1.200000017881393E-006
  1.200000017881393E-006
  1.200000017881393E-006
  1.200000017881393E-006
  1.200000017881393E-006
  1.200000017881393E-006
  1.200000017881393E-006
  1.200000017881393E-006
  1.200000017881393E-006
  1.200000017881393E-006
  1.200000017881393E-006
  1.200000017881393E-006
  1.200000017881393E-006
  1.200000017881393E-006
  1.200000017881393E-006
  1.200000017881393E-006
  1.200000017881393E-006
  1.200000017881393E-006
  1.200000017881393E-006
  1.200000017881393E-006
  1.200000017881393E-006
  1.200000017881393E-006
  1.200000017881393E-006
  3.273340771473516E-008
  1.995166751237600E-007
  3.664650556345943E-007
  5.335828308617392E-007
  7.008669904226468E-007
  8.683126725559577E-007
  1.035914322412104E-006
  1.203666792901242E-006
  1.371564024105104E-006
  1.539600982272280E-006
  1.707771601948142E-006
  1.876069808826346E-006
  2.044491172782921E-006
  2.213029619800294E-006
  2.381679463366180E-006
  2.550435013069824E-006
  2.719290570889091E-006
  2.888240744678502E-006
  3.057278938023724E-006
  3.226400493801038E-006
  3.395599461043715E-006
  3.564870664958523E-006
  3.734207717667320E-006
  3.903605046547970E-006
  4.073057158112563E-006
  4.242558338656560E-006
  4.412103122153795E-006
  4.581686078460830E-006
  4.751300219944883E-006
  4.920941085279781E-006
  5.090603010340929E-006
  5.260280354550386E-006
  5.429966546604221E-006
  5.599656888686102E-006
  5.769345800465797E-006
  5.939027122885407E-006
  6.108695706189956E-006
  6.278345860121152E-006
  6.447971475087587E-006
  6.617567688402506E-006
  6.787129149078469E-006
  6.956648902406946E-006
  7.126123080150387E-006
  7.295545713139240E-006
  7.464910270426554E-006
  7.634212460640723E-006
  7.803446602115484E-006
  7.972607043727940E-006
  8.141688582403835E-006
  8.310684762429104E-006
  8.479592244193272E-006
  8.648403868901661E-006
  8.817115099399176E-006
  8.985720291565057E-006
  9.154214339859581E-006
  9.322592357209944E-006
  9.490848431905056E-006
  9.658977690588280E-006
  9.826974672567665E-006
  9.994834591620585E-006
  1.016255165734845E-005
  1.033012174772554E-005
  1.049753901708132E-005
  1.066479898207898E-005
  1.083189570359531E-005
  1.099882494767316E-005
  1.116558202219457E-005
  1.133216091213081E-005
  1.149855783092211E-005
  1.166476677451472E-005
  1.183078412466043E-005
  1.199660444012917E-005
  1.216222272269164E-005
  1.232763459634578E-005
  1.249283559671053E-005
  1.265782041602572E-005
  1.282258511032148E-005
  1.298712444559418E-005
  1.315143433035014E-005
  1.331551043765276E-005
  1.347934701244164E-005
  1.364294102386778E-005
  1.380628791329093E-005
  1.396938237274127E-005
  1.413222117010342E-005
  1.429479966173385E-005
  1.445711380667889E-005
  1.461915784225910E-005
  1.478092970681275E-005
  1.494242436473106E-005
  1.510363821318180E-005
  1.526456595791962E-005
  1.542520419889557E-005
  1.558555029071308E-005
  1.574559914479445E-005
  1.590534679300664E-005
  1.606478947299528E-005
  1.622392340481188E-005
  1.638274550869109E-005
  1.654125129529847E-005
  1.669943775128950E-005
  1.685730030387054E-005
  1.701483621279998E-005
  1.717204200127762E-005
  1.732891404950275E-005
  1.748544863533412E-005
  1.764164287715130E-005
  1.779749285828241E-005
  1.795299627004437E-005
  1.810814851633228E-005
  1.826294726223523E-005
  1.841738905624672E-005
  1.857147044924721E-005
  1.872518993241403E-005
  1.887854302556078E-005
  1.903152653029011E-005
  1.918413886654456E-005
  1.933637608483543E-005
  1.948823474690224E-005
  1.963971422266310E-005
  1.979081053051397E-005
  1.994152018651631E-005
  2.009184089611666E-005
  2.024177229878539E-005
  2.039130952135587E-005
  2.054044974513591E-005
  2.068919119039998E-005
  2.083753152512415E-005
  2.098547014641771E-005
  2.113300206609687E-005
  2.128012534028410E-005
  2.142683817445447E-005
  2.157313787858911E-005
  2.171902370273624E-005
  2.186449379543291E-005
  2.200954473854865E-005
  2.215417430470948E-005
  2.229838092143198E-005
  2.244216267951031E-005
  2.258551764901140E-005
  2.272844369725176E-005
  2.287093939597168E-005
  2.301300416333475E-005
  2.315463599729306E-005
  2.329583179459185E-005
  2.343659006249228E-005
  2.357690911616344E-005
  2.371678871737497E-005
  2.385622645143981E-005
  2.399522115496381E-005
  2.413377089048681E-005
  2.427187475864561E-005
  2.440953170353221E-005
  2.454674043406064E-005
  2.468349899017980E-005
  2.481980665966169E-005
  2.495566199852060E-005
  2.509106480084273E-005
  2.522601252649521E-005
  2.536050396045550E-005
  2.549453872213822E-005
  2.562811649341523E-005
  2.576123579590251E-005
  2.589389646011344E-005
  2.602609733617683E-005
  2.615783594738932E-005
  2.628911361141211E-005
  2.641992869202820E-005
  2.655028069769467E-005
  2.668016890450255E-005
  2.680959121209626E-005
  2.693854914132294E-005
  2.706704212457623E-005
  2.719506753658648E-005
  2.732262701038397E-005
  2.744971964990085E-005
  2.757634354937707E-005
  2.770249972897042E-005
  2.782818720286347E-005
  2.795340629351350E-005
  2.807815661888855E-005
  2.820243739038867E-005
  2.832624808573734E-005
  2.844958903192987E-005
  2.857246028985946E-005
  2.869486162378110E-005
  2.881679261096309E-005
  2.893825203087314E-005
  2.905924269688601E-005
  2.917976226778538E-005
  2.929981213153728E-005
  2.941939049280356E-005
  2.953849911927709E-005
  2.965713792625136E-005
  2.977530624646719E-005
  2.989300450003211E-005
  3.001023313774248E-005
  3.012699294768606E-005
  3.024328228599378E-005
  3.035910292557107E-005
  3.047445478989458E-005
  3.058933862458028E-005
  3.070375304243611E-005
  3.081770053038058E-005
  3.093118108522116E-005
  3.104419325514107E-005
  3.115673960180353E-005
  3.126882038589085E-005
  3.138043399431739E-005
  3.149158335111816E-005
  3.160226807657926E-005
  3.171248796354308E-005
  3.182224476089797E-005
  3.193153888892313E-005
  3.204036942916949E-005
  3.214873904597116E-005
  3.225664794965077E-005
  3.236409482962997E-005
  3.247108341883816E-005
  3.257761227468702E-005
  3.268368211692400E-005
  3.278929554771791E-005
  3.289445176973084E-005
  3.299915119186815E-005
  3.310339651896097E-005
  3.320718598231180E-005
  3.331052250318427E-005
  3.341340639565935E-005
  3.351583755283850E-005
  3.361781889482955E-005
  3.371934909575458E-005
  3.382042991821013E-005
  3.392106309434607E-005
  3.402124799901438E-005
  3.412098767129712E-005
  3.422028095930590E-005
  3.431912984123603E-005
  3.441753547842136E-005
  3.451549821051725E-005
  3.461302055669125E-005
  3.471010137964252E-005
  3.480674321634303E-005
  3.490294652780266E-005
  3.499871273784912E-005
  3.509404340392028E-005
  3.518893818926752E-005
  3.528340021749155E-005
  3.537742834104924E-005
  3.547102533752266E-005
  3.556419138974647E-005
  3.565692837779846E-005
  3.574923745254889E-005
  3.584111915057305E-005
  3.593257573680313E-005
  3.602360679813982E-005
  3.611421547226271E-005
  3.620440100828338E-005
  3.629416646133394E-005
  3.638351155145530E-005
  3.647243830858741E-005
  3.656094793731509E-005
  3.664904143926720E-005
  3.673672053668086E-005
  3.682398577311348E-005
  3.691083949942273E-005
  3.699728152714143E-005
  3.708331516918229E-005
  3.716893921175148E-005
  3.725415753089825E-005
  3.733896898305345E-005
  3.742337707001049E-005
  3.750738165450105E-005
  3.759098506255617E-005
  3.767418782265120E-005
  3.775699195645369E-005
  3.783939803616912E-005
  3.792140793831460E-005
  3.800302306453320E-005
  3.808424454877058E-005
  3.816507400863406E-005
  3.824551251468273E-005
  3.832556194306743E-005
  3.840522279405527E-005
  3.848449755622169E-005
  3.856338650779357E-005
  3.864189233566456E-005
  3.872001484032130E-005
  3.879775724441649E-005
  3.887511874614448E-005
  3.895210314620013E-005
  3.902870954382893E-005
  3.910494140449711E-005
  3.918079857805492E-005
  3.925628403648586E-005
  3.933139756226579E-005
  3.940614179570000E-005
  3.948051662190009E-005
  3.955452537912240E-005
  3.962816819852049E-005
  3.970144748574477E-005
  3.977436353354707E-005
  3.984691846241156E-005
  3.991911300369201E-005
  3.999094977640977E-005
  4.006242944852631E-005
  4.013355435595811E-005
  4.020432398052162E-005
  4.027474127074763E-005
  4.034480714808901E-005
  4.041452384562783E-005
  4.048389166580871E-005
  4.055291265016379E-005
  4.062158799602748E-005
  4.068991985033950E-005
  4.075790820904366E-005
  4.082555569831137E-005
  4.089286320858383E-005
  4.095983315799013E-005
  4.102646504604629E-005
  4.109276192754008E-005
  4.115872503897558E-005
  4.122435515709099E-005
  4.128965380786351E-005
  4.135462310426492E-005
  4.141926373464136E-005
  4.148357711393611E-005
  4.154756531006994E-005
  4.161122962778236E-005
  4.167457042716685E-005
  4.173759032751313E-005
  4.180029067687707E-005
  4.186267175694506E-005
  4.192473651725966E-005
  4.198648521711935E-005
  4.204791936781219E-005
  4.210904142400881E-005
  4.216985133018875E-005
  4.223035124253859E-005
  4.229054291460757E-005
  4.235042637649688E-005
  4.241000518111557E-005
  4.246927795945106E-005
  4.252824895947386E-005
  4.258691736687479E-005
  4.264528559277043E-005
  4.270335522983332E-005
  4.276112652417949E-005
  4.281860241152089E-005
  4.287578245836415E-005
  4.293266961863807E-005
  4.298926433133932E-005
  4.304556819574992E-005
  4.310158276820727E-005
  4.315730905069643E-005
  4.321274874232640E-005
  4.326790279949792E-005
  4.332277316337500E-005
  4.337736009822216E-005
  4.343166612767712E-005
  4.348569189051135E-005
  4.353943883887087E-005
  4.359290837048772E-005
  4.364610169013158E-005
  4.369902085651540E-005
  4.375166533259041E-005
  4.380403939673810E-005
  4.385614047766743E-005
  4.390797412440978E-005
  4.395953732339248E-005
  4.401083504894740E-005
  4.406186605337520E-005
  4.411263295051007E-005
  4.416313759203150E-005
  4.421337861505597E-005
  4.426336089914776E-005
  4.431308189351712E-005
  4.436254586181762E-005
  4.441175368533051E-005
  4.446070429825008E-005
  4.450940187369212E-005
  4.455784585629771E-005
  4.460603745760626E-005
  4.465398017907852E-005
  4.470167145656007E-005
  4.474911509431971E-005
  4.479631365298295E-005
  4.484326403303939E-005
  4.488997076474497E-005
  4.493643567432713E-005
  4.498265662957337E-005
  4.502863610607357E-005
  4.507437826719495E-005
  4.511988146915926E-005
  4.516514491994257E-005
  4.521017414433892E-005
  4.525496989197084E-005
  4.529952965250358E-005
  4.534385567235707E-005
  4.538795274750020E-005
  4.543182077679654E-005
  4.547545669588646E-005
  4.551886383106335E-005
  4.556204572277295E-005
  4.560500378608152E-005
  4.564773835934968E-005
  4.569024410069879E-005
  4.573252812415785E-005
  4.577459325501937E-005
  4.581643961738288E-005
  4.585806801021768E-005
  4.589947898981992E-005
  4.594066525001300E-005
  4.598163817544790E-005
  4.602239919445817E-005
  4.606294828256489E-005
  4.610328692995368E-005
  4.614341320105673E-005
  4.618333173220117E-005
  4.622304484055835E-005
  4.626254352257579E-005
  4.630179390786393E-005
  4.635140863061736E-005
  4.637969648451432E-005
  4.641846519479856E-005
  4.645692723014727E-005
  4.649519965305417E-005
  4.653326666037101E-005
  4.657114336494180E-005
  4.660881760429491E-005
  4.664629542320926E-005
  4.668357583292049E-005
  4.672066341051255E-005
  4.675755663043268E-005
  4.679425514157175E-005
  4.683076230684326E-005
  4.686707731498947E-005
  4.690320228440590E-005
  4.693913807243947E-005
  4.697488441394896E-005
  4.701044362747097E-005
  4.704581592860941E-005
  4.708100237012407E-005
  4.711600431440842E-005
  4.715082180097704E-005
  4.718545650590365E-005
  4.721990930817902E-005
  4.725418037527839E-005
  4.728827172567556E-005
  4.732218335488179E-005
  4.735591179251966E-005
  4.738945997603210E-005
  4.742283209621766E-005
  4.745602971846433E-005
  4.748905350440463E-005
  4.752190314646919E-005
  4.755458048257718E-005
  4.758708570370825E-005
  4.761941957584361E-005
  4.765158351850461E-005
  4.768357739319611E-005
  4.771540259694616E-005
  4.774706010444597E-005
  4.777855002183288E-005
  4.780987389046095E-005
  4.784103251801630E-005
  4.787202588422501E-005
  4.790285579813095E-005
  4.793352276565270E-005
  4.796402689093771E-005
  4.799437006044531E-005
  4.802455254317703E-005
  4.805457474292932E-005
  4.808443832342098E-005
  4.811414349604094E-005
  4.814369077159368E-005
  4.817308171196062E-005
  4.820231667501905E-005
  4.823139604898348E-005
  4.826032133882956E-005
  4.828909301721374E-005
  4.831771130029109E-005
  4.834617758195831E-005
  4.837449262768184E-005
  4.840265662598034E-005
  4.843067072103329E-005
  4.845853599465612E-005
  4.848625214198341E-005
  4.851382070119731E-005
  4.854124248435499E-005
  4.856851750791774E-005
  4.859564680343365E-005
  4.862263140913354E-005
  4.864947129113635E-005
  4.867616769744495E-005
  4.870272140128958E-005
  4.872913289501233E-005
  4.875540259696720E-005
  4.878153149373237E-005
  4.880752054521087E-005
  4.883336953219132E-005
  4.885907972223946E-005
  4.888465207530711E-005
  4.891008645103390E-005
  4.893538366486991E-005
  4.896054500644264E-005
  4.898557069898198E-005
  4.901046079435232E-005
  4.903521690377959E-005
  4.905983957890182E-005
  4.908432852648849E-005
  4.910868492706003E-005
  4.913290977003854E-005
  4.915700323794557E-005
  4.918096538712647E-005
  4.920479781938140E-005
  4.922850107157472E-005
  4.925207472167687E-005
  4.927552003679977E-005
  4.929883793081679E-005
  4.932202882598750E-005
  4.934509216378647E-005
  4.936802983427904E-005
  4.939084217265678E-005
  4.941352941143363E-005
  4.943609166917151E-005
  4.945853053231368E-005
  4.948084625216083E-005
  4.950303895528375E-005
  4.952510900214499E-005
  4.954705751493967E-005
  4.956888505675537E-005
  4.959059183524845E-005
  4.961217805997695E-005
  4.963364471948645E-005
  4.965499275439780E-005
  4.967622211786496E-005
  4.969733289316661E-005
  4.971832644234122E-005
  4.973920324554458E-005
  4.975996365305228E-005
  4.978060691459657E-005
  4.980113497076886E-005
  4.982154818770342E-005
  4.984184672572351E-005
  4.986203029806958E-005
  4.988210025292266E-005
  4.990205720905242E-005
  4.992190124589305E-005
  4.994163268036086E-005
  4.996125152307566E-005
  4.998075912714980E-005
  5.000015568413740E-005
  5.001944177277903E-005
  5.003861684304666E-005
  5.005768188819298E-005
  5.007663779191711E-005
  5.009548496069442E-005
  5.011422329499239E-005
  5.013285260225706E-005
  5.015137450161929E-005
  5.016978925829324E-005
  5.018809708171010E-005
  5.020629790735933E-005
  5.022439208212418E-005
  5.024238080231059E-005
  5.026026407183792E-005
  5.027804246839815E-005
  5.029571586689751E-005
  5.031328415530545E-005
  5.033074883785450E-005
  5.034811028820649E-005
  5.036536831759880E-005
  5.038252366781111E-005
  5.039957572735914E-005
  5.041652544125877E-005
  5.043337362546109E-005
  5.045012035583698E-005
  5.046676620331919E-005
  5.048331054586474E-005
  5.049975387188832E-005
  5.051609739020289E-005
  5.053234114815611E-005
  5.054848560669409E-005
  5.056453098772789E-005
  5.058047670214212E-005
  5.059632418848491E-005
  5.061207354806258E-005
  5.062772544059920E-005
  5.064327941200635E-005
  5.065873493711650E-005
  5.067409381033608E-005
  5.068935558469529E-005
  5.070452024681773E-005
  5.071959034365271E-005
  5.073456225162252E-005
  5.074943874570728E-005
  5.076422114690979E-005
  5.077890655877669E-005
  5.079349615010787E-005
  5.080799376584715E-005
  5.082239749178333E-005
  5.083670597122545E-005
  5.085091963143700E-005
  5.086503843719885E-005
  5.087906492534045E-005
  5.089300301050767E-005
  5.090684326272648E-005
  5.092059114062884E-005
  5.093424260195441E-005
  5.094781062376035E-005
  5.096127840762394E-005
  5.097465314462984E-005
  5.098793932179146E-005
  5.100113886790029E-005
  5.101424225038413E-005
  5.102725069726933E-005
  5.104016909412664E-005
  5.105299746484977E-005
  5.106573582475012E-005
  5.107838309543968E-005
  5.109093958127541E-005
  5.110340664132775E-005
  5.111578410830332E-005
  5.112807240157483E-005
  5.114027140891172E-005
  5.115238147288595E-005
  5.116440261599858E-005
  5.117633488515753E-005
  5.118817737692559E-005
  5.119993083143817E-005
  5.121159614666537E-005
  5.122317303535472E-005
  5.123466180367689E-005
  5.124606313482971E-005
  5.125737671104785E-005
  5.126860291151916E-005
  5.127974145871851E-005
  5.129079268340148E-005
  5.130175692986219E-005
  5.131263372471246E-005
  5.132342379984347E-005
  5.133412712257522E-005
  5.134474357636446E-005
  5.135527362514149E-005
  5.136571622081275E-005
  5.137607258830760E-005
  5.138634321608930E-005
  5.139652740447055E-005
  5.140662598556261E-005
  5.141663786158434E-005
  5.142656457519958E-005
  5.143640511785547E-005
  5.144615947736385E-005
  5.145582887178276E-005
  5.146541212656536E-005
  5.147491035083011E-005
  5.148432332297783E-005
  5.149365083447405E-005
  5.150289319415011E-005
  5.151205044105119E-005
  5.152112250538508E-005
  5.153010943951412E-005
  5.153901142507975E-005
  5.154782871006785E-005
  5.155656098213589E-005
  5.156520820619932E-005
  5.157377145294634E-005
  5.158224942894010E-005
  5.159063782931694E-005
  5.159893894698783E-005
  5.160716100343396E-005
  5.161529502701383E-005
  5.162334609916885E-005
  5.163131397022863E-005
  5.163919884059100E-005
  5.164699784583835E-005
  5.165471309881316E-005
  5.166234625051659E-005
  5.166989360131925E-005
  5.167735667589677E-005
  5.168473774480839E-005
  5.169203218731612E-005
  5.169924330256181E-005
  5.170636953486898E-005
  5.171341201005281E-005
  5.172037065966348E-005
  5.172724543867384E-005
  5.173403631702820E-005
  5.174074327439563E-005
  5.174736629556130E-005
  5.175390536856401E-005
  5.176036048277307E-005
  5.176673162763018E-005
  5.177301879210301E-005
  5.177922196395762E-005
  5.178534112975187E-005
  5.179137627421219E-005
  5.179732738067764E-005
  5.180319443013352E-005
  5.180897740245731E-005
  5.181467627517832E-005
  5.182029102397604E-005
  5.182582162282975E-005
  5.183126804357731E-005
  5.183663025650718E-005
  5.184190822969183E-005
  5.184710192958624E-005
  5.185221132068218E-005
  5.185723636577606E-005
  5.186217702554333E-005
  5.186703325940455E-005
  5.187180502431508E-005
  5.187649227606513E-005
  5.188109496820821E-005
  5.188561305280388E-005
  5.189004648027428E-005
  5.189439519908834E-005
  5.189865915595020E-005
  5.190283829631198E-005
  5.190693256342916E-005
  5.191094189926271E-005
  5.191486624393996E-005
  5.191870553607860E-005
  5.192245971253136E-005
  5.192612870868029E-005
  5.192971245829461E-005
  5.193321089342069E-005
  5.193662394477422E-005
  5.193995154141233E-005
  5.194319361080501E-005
  5.194635007902670E-005
  5.194942087047026E-005
  5.195240590835876E-005
  5.195530511396543E-005
  5.195811840757100E-005
  5.196084570772632E-005
  5.196348693161760E-005
  5.196604199507892E-005
  5.196851081261312E-005
  5.197089329679037E-005
  5.197318935092181E-005
  5.197539886636657E-005
  5.197752172393949E-005
  5.197955779494135E-005
  5.198150694343527E-005
  5.198336902750264E-005
  5.198514390234475E-005
  5.198683142244250E-005
  5.198843144531381E-005
  5.198994383478789E-005
  5.199136846590508E-005
  5.199270522928614E-005
  5.199395403703370E-005
  5.199511482770011E-005
  5.199618757282650E-005
  5.199717228194782E-005
  5.199806900808707E-005
  5.199887785216353E-005
  5.199959896792985E-005
  5.200023256696498E-005
  5.200077892386970E-005
  5.200123838406397E-005
  5.200161137190417E-005
  5.200189840057505E-005
  5.200210008198920E-005
  5.200221713607124E-005
  5.200225039980196E-005
  5.200220083431387E-005
  5.200206953027690E-005
  5.200185771236110E-005
  5.200156674199822E-005
  5.200119811892084E-005
  5.200075348142468E-005
  5.200023460579865E-005
  5.199964340424618E-005
  5.199898192187677E-005
  5.199825233232256E-005
  5.199745693191998E-005
  5.199659813240125E-005
  5.199567845193302E-005
  5.199470050427688E-005
  5.199366698599910E-005
  5.199258066149142E-005
  5.199144434567427E-005
  5.199026088418534E-005
  5.198903313089370E-005
  5.198776392260286E-005
  5.198645605076461E-005
  5.198511223013944E-005
  5.198373506430698E-005
  5.198232700798274E-005
  5.198089032625290E-005
  5.197942705073300E-005
  5.197793893296691E-005
  5.197642739539091E-005
  5.197489348030564E-005
  5.197333779752418E-005
  5.197176047161018E-005
  5.197016108966893E-005
  5.196853865132682E-005
  5.196689152229411E-005
  5.196521739388853E-005
  5.196351325076284E-005
  5.196177535029607E-005
  5.195999921692263E-005
  5.195817965604111E-005
  5.195631079249772E-005
  5.195438613974926E-005
  5.195239870634548E-005
  5.195034114711017E-005
  5.194820596609763E-005
  5.194598577717924E-005
  5.194367362426393E-005
  5.194126335481794E-005
  5.193875002673587E-005
  5.193613030720337E-005
  5.193340279626785E-005
  5.193056818665390E-005
  5.192762917525460E-005
  5.192459008776005E-005
  5.192145626804812E-005
  5.191823337391919E-005
  5.191492675345106E-005
  5.191154102689033E-005
  5.190807990481336E-005
  5.190454619609666E-005
  5.190094192809366E-005
  5.189726850992472E-005
  5.189352689297399E-005
  5.188971770680237E-005
  5.188584136367495E-005
  5.188189813388431E-005
  5.187788819736732E-005
  5.187381167768650E-005
  5.186966866353099E-005
  5.186545922200898E-005
  5.186118340663379E-005
  5.185684126204561E-005
  5.185243282678151E-005
  5.184795813493756E-005
  5.184341721705739E-005
  5.183881010086089E-005
  5.183413681151430E-005
  5.182939737198202E-005
  5.182459180322697E-005
  5.181972012432980E-005
  5.181478235270550E-005
  5.180977850412139E-005
  5.180470859276497E-005
  5.179957263147681E-005
  5.179437063166822E-005
  5.178910260346084E-005
  5.178376855569080E-005
  5.177836849591619E-005
  5.177290243063957E-005
  5.176737036512831E-005
  5.176177230356006E-005
  5.175610824894446E-005
  5.175037820334954E-005
  5.174458216767919E-005
  5.173872014185369E-005
  5.173279212474886E-005
  5.172679811426299E-005
  5.172073810730862E-005
  5.171461209969892E-005
  5.170842008646010E-005
  5.170216206149261E-005
  5.169583801777384E-005
  5.168944794734489E-005
  5.168299184130224E-005
  5.167646968966682E-005
  5.166988148170197E-005
  5.166322720554143E-005
  5.165650684848656E-005
  5.164972039684293E-005
  5.164286783592998E-005
  5.163594915022399E-005
  5.162896432312511E-005
  5.162191333714203E-005
  5.161479617380498E-005
  5.160761281373079E-005
  5.160036323651271E-005
  5.159304742080121E-005
  5.158566534429785E-005
  5.157821698369008E-005
  5.157070231471018E-005
  5.156312131211885E-005
  5.155547394965232E-005
  5.154776020009765E-005
  5.153998003521456E-005
  5.153213342576269E-005
  5.152422034147211E-005
  5.151624075110292E-005
  5.150819462241014E-005
  5.150008192201964E-005
  5.149190261559542E-005
  5.148365666776604E-005
  5.147534404208184E-005
  5.146696470104321E-005
  5.145851860610682E-005
  5.145000571760294E-005
  5.144142599488984E-005
  5.143277939613604E-005
  5.142406587845609E-005
  5.141528539784056E-005
  5.140643790922061E-005
  5.139752336634109E-005
  5.138854172186245E-005
  5.137949292729293E-005
  5.137037693300342E-005
  5.136119368817901E-005
  5.135194314088045E-005
  5.134262523795208E-005
  5.133323992509794E-005
  5.132378714678858E-005
  5.131426684628539E-005
  5.130467896566982E-005
  5.129502344575515E-005
  5.128530022618574E-005
  5.127550924522902E-005
  5.126565044004516E-005
  5.125572374635542E-005
  5.124572909878304E-005
  5.123566643049767E-005
  5.122553567347084E-005
  5.121533675826445E-005
  5.120506961415494E-005
  5.119473416903789E-005
  5.118433034954858E-005
  5.117385808079431E-005
  5.116331728657603E-005
  5.115270788935527E-005
  5.114202981003727E-005
  5.113128296820280E-005
  5.112046728193833E-005
  5.110958266789505E-005
  5.109862904121738E-005
  5.108760631557052E-005
  5.107651440305770E-005
  5.106535321438849E-005
  5.105412265856857E-005
  5.104282264315519E-005
  5.103145307400757E-005
  5.102001385551133E-005
  5.100850489034609E-005
  5.099692607953186E-005
  5.098527732251065E-005
  5.097355851699995E-005
  5.096176955899575E-005
  5.094991034275103E-005
  5.093798076081423E-005
  5.092598070396920E-005
  5.091391006108635E-005
  5.090176871941066E-005
  5.088955656414742E-005
  5.087727347867481E-005
  5.086491934455675E-005
  5.085249404134975E-005
  5.083999744659879E-005
  5.082742943596699E-005
  5.081478988297825E-005
  5.080207865918539E-005
  5.078929563403607E-005
  5.077644067478800E-005
  5.076351364661080E-005
  5.075051441241910E-005
  5.073744283289179E-005
  5.072429876649598E-005
  5.071108206916252E-005
  5.069779259473250E-005
  5.068443019448375E-005
  5.067099471723949E-005
  5.065748600922160E-005
  5.064390391433440E-005
  5.063024827347386E-005
  5.061651892524886E-005
  5.060271570534106E-005
  5.058883844658641E-005
  5.057488697910899E-005
  5.056086112984728E-005
  5.054676072300121E-005
  5.053258557956822E-005
  5.051833551737920E-005
  5.050401035097757E-005
  5.048960989170627E-005
  5.047513394733015E-005
  5.046058232219254E-005
  5.044595481699943E-005
  5.043125122868628E-005
  5.041647135050762E-005
  5.040161496963174E-005
  5.038668147825812E-005
  5.037167147671350E-005
  5.035658434182851E-005
  5.034141984333693E-005
  5.032617776308621E-005
  5.031085795280466E-005
  5.029545986967105E-005
  5.027998344970866E-005
  5.026442844413013E-005
  5.024879459419311E-005
  5.023308163597088E-005
  5.021728929867708E-005
  5.020141730617421E-005
  5.018546537504020E-005
  5.016943321521442E-005
  5.015332052961347E-005
  5.013712701353184E-005
  5.012085235447415E-005
  5.010449623160846E-005
  5.008805831588703E-005
  5.007153826893869E-005
  5.005493574296009E-005
  5.003825038030369E-005
  5.002148181286039E-005
  5.000462966148255E-005
  4.998769353555599E-005
  4.997067303192514E-005
  4.995356773482622E-005
  4.993637721470944E-005
  4.991910102777791E-005
  4.990173871468157E-005
  4.988428979993359E-005
  4.986675379099056E-005
  4.984913017725535E-005
  4.983141842833386E-005
  4.981361799363163E-005
  4.979572830037137E-005
  4.977774875278017E-005
  4.975967872977943E-005
  4.974151758393096E-005
  4.972326463949170E-005
  4.970491919054391E-005
  4.968648049819621E-005
  4.966794778939769E-005
  4.964932025385123E-005
  4.963059704126528E-005
  4.961177725826674E-005
  4.959285996638892E-005
  4.957474182165873E-005
  4.955680289840984E-005
  4.953877149001972E-005
  4.952064644142354E-005
  4.950242653701505E-005
  4.948411049224823E-005
  4.946569694879157E-005
  4.944718446684232E-005
  4.942857151907206E-005
  4.940985648316429E-005
  4.939103763371590E-005
  4.937211313502048E-005
  4.935308103027735E-005
  4.933393923410776E-005
  4.931468552048923E-005
  4.929531751077804E-005
  4.927583266314409E-005
  4.925622825780197E-005
  4.923650138333439E-005
  4.921664892096138E-005
  4.919666752724270E-005
  4.917655361732235E-005
  4.915630334400550E-005
  4.913591257917164E-005
  4.911537688956992E-005
  4.909469151498769E-005
  4.907385134236750E-005
  4.905285088004098E-005
  4.903168423083086E-005
  4.901034506052827E-005
  4.898882656960714E-005
  4.896712146124402E-005
  4.894522190863074E-005
  4.892311952187446E-005
  4.890080531447902E-005
  4.887826966863957E-005
  4.885550230270044E-005
  4.883249223794178E-005
  4.880922776794349E-005
  4.878569643559460E-005
  4.876188502782688E-005
  4.873777963759471E-005
  4.871336594381803E-005
  4.868862998343494E-005
  4.866355655585885E-005
  4.863812244024384E-005
  4.861231482029886E-005
  4.858611790173162E-005
  4.855951016400790E-005
  4.853246910412694E-005
  4.850497769041332E-005
  4.847701488451162E-005
  4.844855977998003E-005
  4.841959205939854E-005
  4.839009183886598E-005
  4.836003979165784E-005
  4.832941739389354E-005
  4.829820722010769E-005
  4.826639327648599E-005
  4.823396135765453E-005
  4.820089942323791E-005
  4.816719799448732E-005
  4.813285055946324E-005
  4.809785398712437E-005
  4.806220893998792E-005
  4.802592029036011E-005
  4.798899752814306E-005
  4.795145517144066E-005
  4.791331318778472E-005
  4.787459744261313E-005
  4.783534020465668E-005
  4.779560416065970E-005
  4.775568392644855E-005
  4.771571373489715E-005
  4.767578242476108E-005
  4.763599438860972E-005
  4.759647091706450E-005
  4.755735130212130E-005
  4.751879359444137E-005
  4.748097486888517E-005
  4.744409089958844E-005
  4.740835507817598E-005
  4.737399613434238E-005
  4.734125443603681E-005
  4.731039791355908E-005
  4.728169757737330E-005
  4.725539552753349E-005
  4.723175064179117E-005
  4.721101214985211E-005
  4.719340595156557E-005
  4.717912536858852E-005
  4.716831867518771E-005
  4.716107422647404E-005
  4.715740325837065E-005
  4.715722046431423E-005
  4.716032270735223E-005
  4.716636663516834E-005
  4.717484658610791E-005
  4.718507499295275E-005
  4.719616872279140E-005
  4.720704639331352E-005
  4.721644404187884E-005
  4.722296029732865E-005
  4.722514825145881E-005
  4.722168176064491E-005
  4.721163727954863E-005
  4.719491791914953E-005
  4.717265582469909E-005
  4.714695062053544E-005
  4.711968690484536E-005
  4.709181731784818E-005
  4.706365864010821E-005
  4.703529518079466E-005
  4.700675026094907E-005
  4.697803339693468E-005
  4.694915052828375E-005
  4.692010603446606E-005
  4.689090326994841E-005
  4.686154482048659E-005
  4.683203267305435E-005
  4.680236833904254E-005
  4.677255294761056E-005
  4.674258731995537E-005
  4.671247202221370E-005
  4.668220741283800E-005
  4.665179367054569E-005
  4.662123082966217E-005
  4.659051879709768E-005
  4.655965737536503E-005
  4.652864627160229E-005
  4.649748511670289E-005
  4.646617347237853E-005
  4.643471083479281E-005
  4.640309665261468E-005
  4.637133031992916E-005
  4.633941118742226E-005
  4.630733855055744E-005
  4.627511165613775E-005
  4.624272968355904E-005
  4.621019173547565E-005
  4.617749685452414E-005
  4.614464406253434E-005
  4.611163240264280E-005
  4.607846098981899E-005
  4.604512898090018E-005
  4.601163553501084E-005
  4.597797976691199E-005
  4.594416072390275E-005
  4.591017739325004E-005
  4.587602872254328E-005
  4.584171362314319E-005
  4.580723098353231E-005
  4.577257967325997E-005
  4.573775855171608E-005
  4.570276644985565E-005
  4.566760219499269E-005
  4.563226459394823E-005
  4.559675243860800E-005
  4.556106450201107E-005
  4.552519954453675E-005
  4.548915630980977E-005
  4.545293352153679E-005
  4.541652987964449E-005
  4.537994415625551E-005
  4.534321628058895E-005
  4.530778812146547E-005
  4.527073718404886E-005
  4.523349763472029E-005
  4.519606841073645E-005
  4.515844832966134E-005
  4.512063608492517E-005
  4.508263030789672E-005
  4.504442956773978E-005
  4.500603238133981E-005
  4.496743723144923E-005
  4.492864255576434E-005
  4.488964676098275E-005
  4.485044822640331E-005
  4.481104529538280E-005
  4.477143628041746E-005
  4.473161945952522E-005
  4.469159309830114E-005
  4.465135542273020E-005
  4.461090461815387E-005
  4.457023885978489E-005
  4.452935628284459E-005
  4.448825499355080E-005
  4.444693306511195E-005
  4.440538854333931E-005
  4.436361943979192E-005
  4.432162374187291E-005
  4.427939938403680E-005
  4.423694429501905E-005
  4.419425634498170E-005
  4.415133338767071E-005
  4.410817321803481E-005
  4.406477362476686E-005
  4.402113233022710E-005
  4.397724704978506E-005
  4.393311542527544E-005
  4.388873508900198E-005
  4.384410361113373E-005
  4.379921853880845E-005
  4.375407735351177E-005
  4.370867752346475E-005
  4.366301644677620E-005
  4.361709148488114E-005
  4.357089995811380E-005
  4.352443913231153E-005
  4.347770621641731E-005
  4.343069839601247E-005
  4.338341276817539E-005
  4.333576093310738E-005
  4.328749019366986E-005
  4.323894312575373E-005
  4.319011607150398E-005
  4.314100464255889E-005
  4.309160337752852E-005
  4.304190499422273E-005
  4.299189866011298E-005
  4.294156519696047E-005
  4.289085648189741E-005
  4.283910961575513E-005
  4.278755833298172E-005
  4.273638769740531E-005
  4.268491698027585E-005
  4.263314069846366E-005
  4.258106220905382E-005
  4.252868802129815E-005
  4.247602935473554E-005
  4.242310474846385E-005
  4.236994412973320E-005
  4.231659530003968E-005
  4.226313388607013E-005
  4.220967847791799E-005
  4.215641221707452E-005
  4.210361059083782E-005
  4.205167170822701E-005
  4.200113787861905E-005
  4.195268721596718E-005
  4.190706435592951E-005
  4.186570584213763E-005
  4.182821535503308E-005
  4.179106858513876E-005
  4.175427467418534E-005
  4.171736034206965E-005
  4.168124873849049E-005
  4.164478708624446E-005
  4.160916600679531E-005
  4.157294827429269E-005
  4.153740238105199E-005
  4.150190049882707E-005
  4.146755707105198E-005
  4.143339406913267E-005
  4.140020848365251E-005
  4.136456705762858E-005
  4.132933428269793E-005
  4.129439337667055E-005
  4.125971126238297E-005
  4.122530612241469E-005
  4.119118155529399E-005
  4.115736820470675E-005
  4.112378763658321E-005
  4.109048235619432E-005
  4.105766443955935E-005
  4.102499767240554E-005
  4.099273581527724E-005
  4.096074663531686E-005
  4.092927742070064E-005
  4.089816682592096E-005
  4.086710396780912E-005
  4.083638088419055E-005
  4.080577422211331E-005
  4.077565009249263E-005
  4.074584308510431E-005
  4.071626968269548E-005
  4.068695508022748E-005
  4.065795216018840E-005
  4.062922016552671E-005
  4.060073943917905E-005
  4.057248297240419E-005
  4.054457990724457E-005
  4.051636943424851E-005
  4.048834930677781E-005
  4.046036664266230E-005
  4.043270278734076E-005
  4.035405180560393E-005
  4.026310215210067E-005
  4.017170486647756E-005
  4.007975272274754E-005
  3.998722559255749E-005
  3.989407863606503E-005
  3.980031192660600E-005
  3.970586602931980E-005
  3.961072570171229E-005
  3.951486540410024E-005
  3.941824066445659E-005
  3.932078870325742E-005
  3.922250297056521E-005
  3.912335271933934E-005
  3.902330435168073E-005
  3.892232055085160E-005
  3.882035942009454E-005
  3.871738273201516E-005
  3.861335344118926E-005
  3.850822739189148E-005
  3.840195772992812E-005
  3.829449725986662E-005
  3.818580203471642E-005
  3.807582617746722E-005
  3.796451472974050E-005
  3.785181558381583E-005
  3.773768428317928E-005
  3.762204496593910E-005
  3.750485816279126E-005
  3.738605498609428E-005
  3.726554811133054E-005
  3.714324556508599E-005
  3.701913655226883E-005
  3.689312907702570E-005
  3.676515080891485E-005
  3.663522947016345E-005
  3.650312942127133E-005
  3.636888896337833E-005
  3.623239539170487E-005
  3.609352519943305E-005
  3.595224015665022E-005
  3.580838031856629E-005
  3.566183407993761E-005
  3.551257038827317E-005
  3.536041635625880E-005
  3.520532146988364E-005
  3.504714599082912E-005
  3.488575502880788E-005
  3.472106733086810E-005
  3.455288941256493E-005
  3.438110478903867E-005
  3.420558037865577E-005
  3.402612949825012E-005
  3.384262441471345E-005
  3.365490720749863E-005
  3.346278585317572E-005
  3.326603968298574E-005
  3.306448879275216E-005
  3.285791405752740E-005
  3.264618407647128E-005
  3.242898782622529E-005
  3.220613663511453E-005
  3.197737475790886E-005
  3.174242277316932E-005
  3.150103510000661E-005
  3.125288002753593E-005
  3.099770052520211E-005
  3.073514489859006E-005
  3.046487583062653E-005
  3.018651671873410E-005
  2.989969961661198E-005
  2.960402660844839E-005
  2.929907387005054E-005
  2.898438882737407E-005
  2.865949692817071E-005
  2.832389897278305E-005
  2.797705583296300E-005
  2.761840995590206E-005
  2.724735424884151E-005
  2.686326306867592E-005
  2.646545975207183E-005
  2.605323597033565E-005
  2.562584034993477E-005
  2.518245126239066E-005
  2.472224480987650E-005
  2.424432505972074E-005
  2.374772259431000E-005
  2.323146563421968E-005
  2.269451404929499E-005
  2.213565546776106E-005
  2.155380654620574E-005
  2.094770578187450E-005
  2.031605343243815E-005
  1.965734454237564E-005
  1.897034555170757E-005
  1.825301965553417E-005
  1.750451188238890E-005
