  2.869584157360301E-005
  5.263128462081903E-006
  4.132333290411199E-006
  3.189315797351654E-006
  2.408510476087859E-006
  1.790143580385260E-006
  1.200000017881393E-006
  1.200000017881393E-006
  1.200000017881393E-006
  1.200000017881393E-006
  1.200000017881393E-006
  1.200000017881393E-006
  1.200000017881393E-006
  1.200000017881393E-006
  1.200000017881393E-006
  1.200000017881393E-006
  1.200000017881393E-006
  1.200000017881393E-006
  1.200000017881393E-006
  1.200000017881393E-006
  1.200000017881393E-006
  1.200000017881393E-006
  1.200000017881393E-006
  1.200000017881393E-006
  1.200000017881393E-006
  1.200000017881393E-006
  1.200000017881393E-006
  1.200000017881393E-006
  1.200000017881393E-006
  1.200000017881393E-006
  1.200000017881393E-006
  1.200000017881393E-006
  1.200000017881393E-006
  1.200000017881393E-006
  1.200000017881393E-006
  1.200000017881393E-006
  1.200000017881393E-006
  1.200000017881393E-006
  1.200000017881393E-006
  1.200000017881393E-006
  1.200000017881393E-006
  1.200000017881393E-006
  1.200000017881393E-006
  1.200000017881393E-006
  1.200000017881393E-006
  1.200000017881393E-006
  1.200000017881393E-006
  1.200000017881393E-006
  1.200000017881393E-006
  1.200000017881393E-006
  1.200000017881393E-006
  1.200000017881393E-006
  1.200000017881393E-006
  1.200000017881393E-006
  1.200000017881393E-006
  1.200000017881393E-006
  1.200000017881393E-006
  1.200000017881393E-006
  1.200000017881393E-006
  1.200000017881393E-006
  1.200000017881393E-006
  1.200000017881393E-006
  1.200000017881393E-006
  1.200000017881393E-006
  1.200000017881393E-006
  1.200000017881393E-006
  1.200000017881393E-006
  1.200000017881393E-006
  1.200000017881393E-006
  1.200000017881393E-006
  1.200000017881393E-006
  1.200000017881393E-006
  1.200000017881393E-006
  1.200000017881393E-006
  1.200000017881393E-006
  1.200000017881393E-006
  1.200000017881393E-006
  1.200000017881393E-006
  1.200000017881393E-006
  1.200000017881393E-006
  1.200000017881393E-006
  1.200000017881393E-006
  1.200000017881393E-006
  1.200000017881393E-006
  1.200000017881393E-006
  1.200000017881393E-006
  1.200000017881393E-006
  1.200000017881393E-006
  1.200000017881393E-006
  1.200000017881393E-006
  1.200000017881393E-006
  1.200000017881393E-006
  1.200000017881393E-006
  1.200000017881393E-006
  1.200000017881393E-006
  1.200000017881393E-006
  1.200000017881393E-006
  1.200000017881393E-006
  1.200000017881393E-006
  1.200000017881393E-006
  1.200000017881393E-006
  1.200000017881393E-006
  1.200000017881393E-006
  1.200000017881393E-006
  1.200000017881393E-006
  1.200000017881393E-006
  1.200000017881393E-006
  1.200000017881393E-006
  1.200000017881393E-006
  1.200000017881393E-006
  1.200000017881393E-006
  1.200000017881393E-006
  1.200000017881393E-006
  1.200000017881393E-006
  1.200000017881393E-006
  1.200000017881393E-006
  1.200000017881393E-006
  1.200000017881393E-006
  1.200000017881393E-006
  1.200000017881393E-006
  1.200000017881393E-006
  1.200000017881393E-006
  1.200000017881393E-006
  1.200000017881393E-006
  1.200000017881393E-006
  1.200000017881393E-006
  1.200000017881393E-006
  1.200000017881393E-006
  1.200000017881393E-006
  1.200000017881393E-006
  1.200000017881393E-006
  1.200000017881393E-006
  1.200000017881393E-006
  1.200000017881393E-006
  1.200000017881393E-006
  1.200000017881393E-006
  1.200000017881393E-006
  1.200000017881393E-006
  1.200000017881393E-006
  1.200000017881393E-006
  1.200000017881393E-006
  1.200000017881393E-006
  1.200000017881393E-006
  1.200000017881393E-006
  1.200000017881393E-006
  1.200000017881393E-006
  1.200000017881393E-006
  1.200000017881393E-006
  1.200000017881393E-006
  1.200000017881393E-006
  1.200000017881393E-006
  1.200000017881393E-006
  1.200000017881393E-006
  1.200000017881393E-006
  1.200000017881393E-006
  1.200000017881393E-006
  1.200000017881393E-006
  1.200000017881393E-006
  1.200000017881393E-006
  1.200000017881393E-006
  1.200000017881393E-006
  1.200000017881393E-006
  1.200000017881393E-006
  1.200000017881393E-006
  1.200000017881393E-006
  1.200000017881393E-006
  1.200000017881393E-006
  1.200000017881393E-006
  1.200000017881393E-006
  1.200000017881393E-006
  1.200000017881393E-006
  1.200000017881393E-006
  1.200000017881393E-006
  1.200000017881393E-006
  1.200000017881393E-006
  1.200000017881393E-006
  1.200000017881393E-006
  1.200000017881393E-006
  1.200000017881393E-006
  1.200000017881393E-006
  1.200000017881393E-006
  1.200000017881393E-006
  1.200000017881393E-006
  1.200000017881393E-006
  1.200000017881393E-006
  1.200000017881393E-006
  1.200000017881393E-006
  1.200000017881393E-006
  1.200000017881393E-006
  1.200000017881393E-006
  1.200000017881393E-006
  1.200000017881393E-006
  1.200000017881393E-006
  1.200000017881393E-006
  1.200000017881393E-006
  1.200000017881393E-006
  1.200000017881393E-006
  1.200000017881393E-006
  1.200000017881393E-006
  1.200000017881393E-006
  1.200000017881393E-006
  1.200000017881393E-006
  1.200000017881393E-006
  1.200000017881393E-006
  1.200000017881393E-006
  1.200000017881393E-006
  1.200000017881393E-006
  1.200000017881393E-006
  1.200000017881393E-006
  1.200000017881393E-006
  1.200000017881393E-006
  1.200000017881393E-006
  1.200000017881393E-006
  1.200000017881393E-006
  1.200000017881393E-006
  1.200000017881393E-006
  1.200000017881393E-006
  1.200000017881393E-006
  1.200000017881393E-006
  1.200000017881393E-006
  1.200000017881393E-006
  1.200000017881393E-006
  1.200000017881393E-006
  1.200000017881393E-006
  1.200000017881393E-006
  1.200000017881393E-006
  1.200000017881393E-006
  1.200000017881393E-006
  1.200000017881393E-006
  1.200000017881393E-006
  1.200000017881393E-006
  1.200000017881393E-006
  1.200000017881393E-006
  1.200000017881393E-006
  1.200000017881393E-006
  1.200000017881393E-006
  1.200000017881393E-006
  1.200000017881393E-006
  1.200000017881393E-006
  1.200000017881393E-006
  1.200000017881393E-006
  1.200000017881393E-006
  1.200000017881393E-006
  1.200000017881393E-006
  1.200000017881393E-006
  1.200000017881393E-006
  1.200000017881393E-006
  1.200000017881393E-006
  1.200000017881393E-006
  1.200000017881393E-006
  1.200000017881393E-006
  1.200000017881393E-006
  1.200000017881393E-006
  1.200000017881393E-006
  1.200000017881393E-006
  1.200000017881393E-006
  1.200000017881393E-006
  1.200000017881393E-006
  1.200000017881393E-006
  1.200000017881393E-006
  1.200000017881393E-006
  1.200000017881393E-006
  1.200000017881393E-006
  1.200000017881393E-006
  1.200000017881393E-006
  1.200000017881393E-006
  1.200000017881393E-006
  1.200000017881393E-006
  1.200000017881393E-006
  1.200000017881393E-006
  1.200000017881393E-006
  1.200000017881393E-006
  1.200000017881393E-006
  1.200000017881393E-006
  1.200000017881393E-006
  1.200000017881393E-006
  1.200000017881393E-006
  1.200000017881393E-006
  1.200000017881393E-006
  1.200000017881393E-006
  1.200000017881393E-006
  1.200000017881393E-006
  1.200000017881393E-006
  1.200000017881393E-006
  1.200000017881393E-006
  1.200000017881393E-006
  1.200000017881393E-006
  1.200000017881393E-006
  1.200000017881393E-006
  1.200000017881393E-006
  1.200000017881393E-006
  1.200000017881393E-006
  1.200000017881393E-006
  1.200000017881393E-006
  1.200000017881393E-006
  1.200000017881393E-006
  1.200000017881393E-006
  1.200000017881393E-006
  1.200000017881393E-006
  1.200000017881393E-006
  1.200000017881393E-006
  1.200000017881393E-006
  1.200000017881393E-006
  1.200000017881393E-006
  1.200000017881393E-006
  1.200000017881393E-006
  1.200000017881393E-006
  1.200000017881393E-006
  1.200000017881393E-006
  1.200000017881393E-006
  1.200000017881393E-006
  1.200000017881393E-006
  1.200000017881393E-006
  1.200000017881393E-006
  1.200000017881393E-006
  1.200000017881393E-006
  1.200000017881393E-006
  1.200000017881393E-006
  1.200000017881393E-006
  1.200000017881393E-006
  1.200000017881393E-006
  1.200000017881393E-006
  1.200000017881393E-006
  1.200000017881393E-006
  1.200000017881393E-006
  1.200000017881393E-006
  1.200000017881393E-006
  1.200000017881393E-006
  1.200000017881393E-006
  1.200000017881393E-006
  1.200000017881393E-006
  1.200000017881393E-006
  1.200000017881393E-006
  1.200000017881393E-006
  1.200000017881393E-006
  1.200000017881393E-006
  1.200000017881393E-006
  1.200000017881393E-006
  1.200000017881393E-006
  1.200000017881393E-006
  1.200000017881393E-006
  1.200000017881393E-006
  1.200000017881393E-006
  1.200000017881393E-006
  1.200000017881393E-006
  1.200000017881393E-006
  1.200000017881393E-006
  1.200000017881393E-006
  1.200000017881393E-006
  1.200000017881393E-006
  1.200000017881393E-006
  1.200000017881393E-006
  1.200000017881393E-006
  1.200000017881393E-006
  1.200000017881393E-006
  1.200000017881393E-006
  1.200000017881393E-006
  1.200000017881393E-006
  1.200000017881393E-006
  1.200000017881393E-006
  1.200000017881393E-006
  1.200000017881393E-006
  1.200000017881393E-006
  1.200000017881393E-006
  1.200000017881393E-006
  1.200000017881393E-006
  1.200000017881393E-006
  1.200000017881393E-006
  1.200000017881393E-006
  1.200000017881393E-006
  1.200000017881393E-006
  1.200000017881393E-006
  1.200000017881393E-006
  1.200000017881393E-006
  1.200000017881393E-006
  1.200000017881393E-006
  1.200000017881393E-006
  1.200000017881393E-006
  1.200000017881393E-006
  1.200000017881393E-006
  1.200000017881393E-006
  1.200000017881393E-006
  1.200000017881393E-006
  1.200000017881393E-006
  1.200000017881393E-006
  1.200000017881393E-006
  1.200000017881393E-006
  1.200000017881393E-006
  1.200000017881393E-006
  1.200000017881393E-006
  1.200000017881393E-006
  1.200000017881393E-006
  1.200000017881393E-006
  1.200000017881393E-006
  1.200000017881393E-006
  1.200000017881393E-006
  1.200000017881393E-006
  1.200000017881393E-006
  1.200000017881393E-006
  1.200000017881393E-006
  1.200000017881393E-006
  1.200000017881393E-006
  1.200000017881393E-006
  1.200000017881393E-006
  1.200000017881393E-006
  1.200000017881393E-006
  1.200000017881393E-006
  1.200000017881393E-006
  1.200000017881393E-006
  1.200000017881393E-006
  1.200000017881393E-006
  1.200000017881393E-006
  1.200000017881393E-006
  1.200000017881393E-006
  1.200000017881393E-006
  1.200000017881393E-006
  1.200000017881393E-006
  1.200000017881393E-006
  1.200000017881393E-006
  1.200000017881393E-006
  1.200000017881393E-006
  1.200000017881393E-006
  1.200000017881393E-006
  1.200000017881393E-006
  1.200000017881393E-006
  1.200000017881393E-006
  1.200000017881393E-006
  1.200000017881393E-006
  1.200000017881393E-006
  1.200000017881393E-006
  1.200000017881393E-006
  1.200000017881393E-006
  1.200000017881393E-006
  1.200000017881393E-006
  1.200000017881393E-006
  1.200000017881393E-006
  1.200000017881393E-006
  1.200000017881393E-006
  1.200000017881393E-006
  1.200000017881393E-006
  1.200000017881393E-006
  1.200000017881393E-006
  1.200000017881393E-006
  1.200000017881393E-006
  1.200000017881393E-006
  1.200000017881393E-006
  1.200000017881393E-006
  1.200000017881393E-006
  1.200000017881393E-006
  1.200000017881393E-006
  1.200000017881393E-006
  1.200000017881393E-006
  1.200000017881393E-006
  1.200000017881393E-006
  1.200000017881393E-006
  1.200000017881393E-006
  1.200000017881393E-006
  1.200000017881393E-006
  1.200000017881393E-006
  1.200000017881393E-006
  1.200000017881393E-006
  1.200000017881393E-006
  1.200000017881393E-006
  1.200000017881393E-006
  1.200000017881393E-006
  1.200000017881393E-006
  1.200000017881393E-006
  1.200000017881393E-006
  1.200000017881393E-006
  1.200000017881393E-006
  1.200000017881393E-006
  1.200000017881393E-006
  1.200000017881393E-006
  1.200000017881393E-006
  1.200000017881393E-006
  1.200000017881393E-006
  1.200000017881393E-006
  1.200000017881393E-006
  1.200000017881393E-006
  1.200000017881393E-006
  1.200000017881393E-006
  1.200000017881393E-006
  1.200000017881393E-006
  1.200000017881393E-006
  1.200000017881393E-006
  1.200000017881393E-006
  1.200000017881393E-006
  1.200000017881393E-006
  1.200000017881393E-006
  1.200000017881393E-006
  1.200000017881393E-006
  1.200000017881393E-006
  1.200000017881393E-006
  1.200000017881393E-006
  1.200000017881393E-006
  1.200000017881393E-006
  1.200000017881393E-006
  1.200000017881393E-006
  1.200000017881393E-006
  1.200000017881393E-006
  1.200000017881393E-006
  1.200000017881393E-006
  1.200000017881393E-006
  1.200000017881393E-006
  1.200000017881393E-006
  1.200000017881393E-006
  1.200000017881393E-006
  1.200000017881393E-006
  1.200000017881393E-006
  1.200000017881393E-006
  1.200000017881393E-006
  1.200000017881393E-006
  1.200000017881393E-006
  1.200000017881393E-006
  1.200000017881393E-006
  1.200000017881393E-006
  1.200000017881393E-006
  1.200000017881393E-006
  1.200000017881393E-006
  1.200000017881393E-006
  1.200000017881393E-006
  1.200000017881393E-006
  1.200000017881393E-006
  1.200000017881393E-006
  1.200000017881393E-006
  1.200000017881393E-006
  1.200000017881393E-006
  1.200000017881393E-006
  1.200000017881393E-006
  1.200000017881393E-006
  1.200000017881393E-006
  1.200000017881393E-006
  1.200000017881393E-006
  1.200000017881393E-006
  1.200000017881393E-006
  1.200000017881393E-006
  1.200000017881393E-006
  1.200000017881393E-006
  1.200000017881393E-006
  1.200000017881393E-006
  1.200000017881393E-006
  1.200000017881393E-006
  1.200000017881393E-006
  1.200000017881393E-006
  1.200000017881393E-006
  1.200000017881393E-006
  1.200000017881393E-006
  1.200000017881393E-006
  1.200000017881393E-006
  1.200000017881393E-006
  1.200000017881393E-006
  1.200000017881393E-006
  1.200000017881393E-006
  1.200000017881393E-006
  1.200000017881393E-006
  1.200000017881393E-006
  1.200000017881393E-006
  1.200000017881393E-006
  1.200000017881393E-006
  1.200000017881393E-006
  1.200000017881393E-006
  1.200000017881393E-006
  1.200000017881393E-006
  1.200000017881393E-006
  1.200000017881393E-006
  1.200000017881393E-006
  1.200000017881393E-006
  1.200000017881393E-006
  1.200000017881393E-006
  1.200000017881393E-006
  1.200000017881393E-006
  1.200000017881393E-006
  1.200000017881393E-006
  1.200000017881393E-006
  1.200000017881393E-006
  1.200000017881393E-006
  1.200000017881393E-006
  1.200000017881393E-006
  1.200000017881393E-006
  1.200000017881393E-006
  1.200000017881393E-006
  1.200000017881393E-006
  6.323422015109429E-008
  2.206997334597966E-007
  3.783668120641661E-007
  5.362356331190276E-007
  6.943038930603857E-007
  8.525680890084117E-007
  1.011024338235991E-006
  1.169668345573987E-006
  1.328496282105648E-006
  1.487503820369618E-006
  1.646686690231347E-006
  1.806040201024798E-006
  1.965560895771443E-006
  2.125244062837719E-006
  2.285085263348499E-006
  2.445080431951396E-006
  2.605225204382954E-006
  2.765515076379467E-006
  2.925945720994573E-006
  3.086512192208663E-006
  3.247210725495128E-006
  3.408036705575120E-006
  3.568986060298295E-006
  3.730053716555844E-006
  3.891235118593710E-006
  4.052526323837849E-006
  4.213922898419349E-006
  4.375419642769709E-006
  4.537012409627657E-006
  4.698696087149652E-006
  4.860466989229596E-006
  5.022320295424262E-006
  5.184251545176011E-006
  5.346255317348843E-006
  5.508328143876848E-006
  5.670464858278628E-006
  5.832660676203179E-006
  5.994911241452758E-006
  6.157212187327154E-006
  6.319558376268670E-006
  6.481945378575241E-006
  6.644368787082059E-006
  6.806823406367750E-006
  6.969305042239800E-006
  7.131809304776399E-006
  7.294330465445053E-006
  7.456864970651956E-006
  7.619407613173288E-006
  7.781953888496514E-006
  7.944499475292498E-006
  8.107038497244286E-006
  8.269567964551799E-006
  8.432081848896645E-006
  8.594576439959613E-006
  8.757046517718196E-006
  8.919487305812878E-006
  9.081894682272669E-006
  9.244263650566113E-006
  9.406589936028428E-006
  9.568868543987916E-006
  9.731094838747694E-006
  9.893264400819293E-006
  1.005537252152575E-005
  1.021741471184619E-005
  1.037938595964100E-005
  1.054128231369476E-005
  1.070309847583933E-005
  1.086483061830133E-005
  1.102647298619824E-005
  1.118802245916670E-005
  1.134947385516463E-005
  1.151082262858475E-005
  1.167206446460318E-005
  1.183319408420022E-005
  1.199420804862514E-005
  1.215510129737077E-005
  1.231586936659644E-005
  1.247650816655925E-005
  1.263701308220530E-005
  1.279737916107377E-005
  1.295760271520602E-005
  1.311767942391978E-005
  1.327760436163229E-005
  1.343737342951086E-005
  1.359698269333036E-005
  1.375642719207494E-005
  1.391570298963564E-005
  1.407480588153740E-005
  1.423373148023107E-005
  1.439247540048716E-005
  1.455103369983781E-005
  1.470940181172807E-005
  1.486757662261615E-005
  1.502555277185952E-005
  1.518332644909882E-005
  1.534089396653164E-005
  1.549825091971428E-005
  1.565539364581896E-005
  1.581231790464645E-005
  1.596901953064767E-005
  1.612549439361439E-005
  1.628173924412424E-005
  1.643774963232749E-005
  1.659352205747026E-005
  1.674905237856321E-005
  1.690433702830162E-005
  1.705937220020459E-005
  1.721415368659899E-005
  1.736867780961063E-005
  1.752294122188524E-005
  1.767694027357576E-005
  1.783067058550939E-005
  1.798412985293005E-005
  1.813731312452740E-005
  1.829021749670437E-005
  1.844284030077339E-005
  1.859517634597645E-005
  1.874722269252873E-005
  1.889897702446677E-005
  1.905043477511170E-005
  1.920159236732225E-005
  1.935244768359844E-005
  1.950299729840716E-005
  1.965323665770489E-005
  1.980316310032530E-005
  1.995277361386258E-005
  2.010206631862694E-005
  2.025103615593339E-005
  2.039968020807007E-005
  2.054799576828451E-005
  2.069597995929860E-005
  2.084363095965740E-005
  2.099094434813099E-005
  2.113791727123258E-005
  2.128454674614437E-005
  2.143083029034589E-005
  2.157676499437990E-005
  2.172234853623328E-005
  2.186757832925954E-005
  2.201245127808895E-005
  2.215696472721240E-005
  2.230111554036357E-005
  2.244490159157627E-005
  2.258832050153036E-005
  2.273136911651072E-005
  2.287404533088351E-005
  2.301634688939497E-005
  2.315827155857304E-005
  2.329981633096326E-005
  2.344097926537005E-005
  2.358175824946523E-005
  2.372215109385131E-005
  2.386215521245590E-005
  2.400176843442609E-005
  2.414098888175734E-005
  2.427981475903104E-005
  2.441824323693222E-005
  2.455627261985765E-005
  2.469390133577515E-005
  2.483112672530026E-005
  2.496794679863330E-005
  2.510436012553236E-005
  2.524036522958332E-005
  2.537595969492344E-005
  2.551114233502019E-005
  2.564591087277188E-005
  2.578026249314981E-005
  2.591419775276356E-005
  2.604771366079620E-005
  2.618080976133352E-005
  2.631348339334716E-005
  2.644573352893640E-005
  2.657755953719682E-005
  2.670895772119628E-005
  2.683992829202607E-005
  2.697046990250331E-005
  2.710058027590313E-005
  2.723025960216688E-005
  2.735950604248809E-005
  2.748831798518941E-005
  2.761669353000992E-005
  2.774463327515780E-005
  2.787213447450203E-005
  2.799919802740969E-005
  2.812582088201259E-005
  2.825200300478669E-005
  2.837774241677057E-005
  2.850304019103269E-005
  2.862789399763448E-005
  2.875230261747554E-005
  2.887626521393728E-005
  2.899978269290359E-005
  2.912285309890279E-005
  2.924547480000086E-005
  2.936764829604415E-005
  2.948937292538269E-005
  2.961064800264413E-005
  2.973147161464428E-005
  2.985184491489880E-005
  2.997176697397015E-005
  3.009123649447902E-005
  3.021025345755218E-005
  3.032881725732696E-005
  3.044692787901029E-005
  3.056458412798340E-005
  3.068178630243770E-005
  3.079853467123221E-005
  3.091482678633050E-005
  3.103066436613058E-005
  3.114604731249323E-005
  3.126097336583592E-005
  3.137544421668742E-005
  3.148945974396679E-005
  3.160301813796067E-005
  3.171612060846751E-005
  3.182876749650390E-005
  3.194095703823585E-005
  3.205269091678006E-005
  3.216396814885249E-005
  3.227478877235458E-005
  3.238515425211301E-005
  3.249506244464604E-005
  3.260451466572536E-005
  3.271351186124720E-005
  3.282205238525198E-005
  3.293013774906705E-005
  3.303776760890145E-005
  3.314494190587904E-005
  3.325166232137155E-005
  3.335792755321657E-005
  3.346373828716196E-005
  3.356909537088376E-005
  3.367399839385778E-005
  3.377844909848306E-005
  3.388244612247455E-005
  3.398599148324760E-005
  3.408908429529240E-005
  3.419172551766844E-005
  3.429391640582972E-005
  3.439565582658686E-005
  3.449694625100434E-005
  3.459778663739158E-005
  3.469817845391274E-005
  3.479812209339680E-005
  3.489761762052338E-005
  3.499666691870433E-005
  3.509526868064914E-005
  3.519342574978056E-005
  3.529113702892008E-005
  3.538840454127720E-005
  3.548522830428726E-005
  3.558160919580156E-005
  3.567754826369785E-005
  3.577304553933717E-005
  3.586810285024473E-005
  3.596271977844828E-005
  3.605689867677659E-005
  3.615063883494813E-005
  3.624394227600352E-005
  3.633680899359982E-005
  3.642924065208470E-005
  3.652123761395802E-005
  3.661280095260970E-005
  3.670393182315091E-005
  3.679463073274172E-005
  3.688489933169694E-005
  3.697473762832033E-005
  3.706414792199784E-005
  3.715312965004957E-005
  3.724168546442696E-005
  3.732981461654207E-005
  3.741752005393045E-005
  3.750480130057124E-005
  3.759166076344452E-005
  3.767809808484256E-005
  3.776411583914913E-005
  3.784971384591913E-005
  3.793489367301414E-005
  3.801965651050219E-005
  3.810400371985162E-005
  3.818793610586892E-005
  3.827145524953558E-005
  3.835456197699491E-005
  3.843725763398101E-005
  3.851954324165694E-005
  3.860141958907599E-005
  3.868288863249684E-005
  3.876395155572858E-005
  3.884460978381740E-005
  3.892486384047235E-005
  3.900471530107123E-005
  3.908416514444907E-005
  3.916321506572688E-005
  3.924186614986094E-005
  3.932011998803356E-005
  3.939797750344459E-005
  3.947543992960499E-005
  3.955250854358032E-005
  3.962918533451778E-005
  3.970547102581336E-005
  3.978136674994413E-005
  3.985687404923916E-005
  3.993199481695746E-005
  4.000672980959575E-005
  4.008108011461718E-005
  4.015504722208943E-005
  4.022863356969621E-005
  4.030183933322446E-005
  4.037466587801943E-005
  4.044711500112863E-005
  4.051918875153613E-005
  4.059088671562123E-005
  4.066221189462070E-005
  4.073316510756076E-005
  4.080374787592340E-005
  4.087396091155254E-005
  4.094380704612237E-005
  4.101328618586275E-005
  4.108240060694016E-005
  4.115115179816374E-005
  4.121954068404298E-005
  4.128756848600863E-005
  4.135523807020724E-005
  4.142254834347468E-005
  4.148950333966935E-005
  4.155610307439159E-005
  4.162234904096844E-005
  4.168824326497419E-005
  4.175378668493861E-005
  4.181898071417657E-005
  4.188382778342203E-005
  4.194832733315264E-005
  4.201248368090319E-005
  4.207629453333314E-005
  4.213976487949278E-005
  4.220289381958870E-005
  4.226568441939401E-005
  4.232813699779890E-005
  4.239025345110130E-005
  4.245203556062682E-005
  4.251348385521925E-005
  4.257460109823869E-005
  4.263538713129352E-005
  4.269584518615833E-005
  4.275597446363925E-005
  4.281577910550806E-005
  4.287525816398924E-005
  4.293441505247579E-005
  4.299324922512995E-005
  4.305176422432185E-005
  4.310995959682080E-005
  4.316783825655231E-005
  4.322540112933238E-005
  4.328264926780061E-005
  4.333958517676146E-005
  4.339620851727523E-005
  4.345252336145762E-005
  4.350852762926290E-005
  4.356422604511441E-005
  4.361961851139106E-005
  4.367470605470612E-005
  4.372949267693587E-005
  4.378397498690350E-005
  4.383815949082443E-005
  4.389204479664674E-005
  4.394563249990987E-005
  4.399892598973940E-005
  4.405192367974330E-005
  4.410462872557328E-005
  4.415704407861346E-005
  4.420916687724758E-005
  4.426100208438898E-005
  4.431255203782000E-005
  4.436381346106667E-005
  4.441479159475745E-005
  4.446548778863533E-005
  4.451590129032291E-005
  4.456603384973494E-005
  4.461588950110399E-005
  4.466546926165703E-005
  4.471476855221517E-005
  4.476379540625057E-005
  4.481255042893578E-005
  4.486103494986520E-005
  4.490924387522737E-005
  4.495718638786373E-005
  4.500486200597247E-005
  4.505227306419632E-005
  4.509941621019169E-005
  4.514629439856902E-005
  4.519291224756103E-005
  4.523927046998672E-005
  4.528537088700958E-005
  4.533121433717389E-005
  4.537679271900556E-005
  4.542211764584637E-005
  4.546719074554178E-005
  4.551201200848880E-005
  4.555658343891636E-005
  4.560090546099273E-005
  4.564497963414468E-005
  4.568880768418443E-005
  4.573238965113340E-005
  4.577572586882374E-005
  4.581880510193283E-005
  4.586164498773789E-005
  4.590424654399418E-005
  4.594661022240669E-005
  4.598873745143978E-005
  4.603062773790797E-005
  4.607228484068328E-005
  4.611370812047782E-005
  4.615489972223362E-005
  4.619585805497832E-005
  4.623658703901563E-005
  4.627709248198769E-005
  4.631736023724623E-005
  4.635734715853009E-005
  4.641087232078448E-005
  4.643670474882747E-005
  4.647620490175302E-005
  4.651534371113357E-005
  4.655427570795645E-005
  4.659298046331348E-005
  4.663147642944987E-005
  4.666975050836396E-005
  4.670780810124710E-005
  4.674564968877841E-005
  4.678328064788635E-005
  4.682069786068752E-005
  4.685790313777889E-005
  4.689489678546341E-005
  4.693167470551412E-005
  4.696824676721282E-005
  4.700461206711831E-005
  4.704077274007645E-005
  4.707672935273975E-005
  4.711248276811389E-005
  4.714803483259965E-005
  4.718338546492812E-005
  4.721853662471066E-005
  4.725348911072808E-005
  4.728824350229346E-005
  4.732280163081965E-005
  4.735716420307231E-005
  4.739133200964378E-005
  4.742530676088723E-005
  4.745908884803858E-005
  4.749267972600158E-005
  4.752608054044650E-005
  4.755929192947458E-005
  4.759231533388990E-005
  4.762515163629879E-005
  4.765780159991586E-005
  4.769026686209582E-005
  4.772254800704338E-005
  4.775464602221973E-005
  4.778656236498763E-005
  4.781829753670467E-005
  4.784985271726036E-005
  4.788122918318543E-005
  4.791242757828922E-005
  4.794344904384975E-005
  4.797429471160228E-005
  4.800496528576906E-005
  4.803546175774505E-005
  4.806578538203572E-005
  4.809593692787919E-005
  4.812591735243302E-005
  4.815572765111832E-005
  4.818536871956063E-005
  4.821484144920679E-005
  4.824414712829929E-005
  4.827328617720154E-005
  4.830225974490198E-005
  4.833106905964931E-005
  4.835971469807718E-005
  4.838819745604458E-005
  4.841651859526260E-005
  4.844467902316454E-005
  4.847267900121690E-005
  4.850052011469645E-005
  4.852820344776939E-005
  4.855572865742257E-005
  4.858309768125769E-005
  4.861031146767144E-005
  4.863737018470315E-005
  4.866427490917361E-005
  4.869102695315347E-005
  4.871762676232925E-005
  4.874407479522691E-005
  4.877037270185153E-005
  4.879652128336803E-005
  4.882252011906274E-005
  4.884837130382696E-005
  4.887407558664941E-005
  4.889963310296717E-005
  4.892504485766988E-005
  4.895031215279317E-005
  4.897543567487326E-005
  4.900041510730968E-005
  4.902525245880472E-005
  4.904994831619908E-005
  4.907450303566970E-005
  4.909891745639271E-005
  4.912319280028215E-005
  4.914732942856662E-005
  4.917132786845323E-005
  4.919518927540774E-005
  4.921891439460145E-005
  4.924250412570725E-005
  4.926595817406540E-005
  4.928927833038831E-005
  4.931246502834128E-005
  4.933551894570734E-005
  4.935844053053261E-005
  4.938123053809567E-005
  4.940389009857623E-005
  4.942641956442487E-005
  4.944881914901913E-005
  4.947109019822357E-005
  4.949323351763044E-005
  4.951524950226411E-005
  4.953713819586256E-005
  4.955890132945316E-005
  4.958053956843758E-005
  4.960205338134389E-005
  4.962344245609433E-005
  4.964470869889402E-005
  4.966585247808241E-005
  4.968687417113229E-005
  4.970777386408022E-005
  4.972855259166052E-005
  4.974921108050701E-005
  4.976975013125906E-005
  4.979016973659815E-005
  4.981047039332611E-005
  4.983065302918798E-005
  4.985071846907492E-005
  4.987066718896470E-005
  4.989049881836210E-005
  4.991021469679043E-005
  4.992981573550165E-005
  4.994930183928414E-005
  4.996867418349844E-005
  4.998793225769028E-005
  5.000707741470487E-005
  5.002611022084047E-005
  5.004503136537776E-005
  5.006384103653686E-005
  5.008253893899970E-005
  5.010112660260808E-005
  5.011960480235009E-005
  5.013797361687151E-005
  5.015623384410775E-005
  5.017438454388192E-005
  5.019242757801309E-005
  5.021036350030362E-005
  5.022819238938143E-005
  5.024591521870265E-005
  5.026353111310680E-005
  5.028104160456656E-005
  5.029844719585358E-005
  5.031574836696183E-005
  5.033294562917270E-005
  5.035003941179977E-005
  5.036702896527930E-005
  5.038391582474939E-005
  5.040070058443883E-005
  5.041738343009129E-005
  5.043396541761340E-005
  5.045044539619720E-005
  5.046682510301020E-005
  5.048310451054139E-005
  5.049928432955602E-005
  5.051536439024686E-005
  5.053134507882438E-005
  5.054722756240210E-005
  5.056300985129519E-005
  5.057869523676012E-005
  5.059428132973833E-005
  5.060977314709801E-005
  5.062516706736870E-005
  5.064046844921585E-005
  5.065566786381684E-005
  5.067077212792861E-005
  5.068578171481953E-005
  5.070069646708909E-005
  5.071551738493408E-005
  5.073024492394651E-005
  5.074487628100509E-005
  5.075941107477548E-005
  5.077385874490174E-005
  5.078820935371229E-005
  5.080246471349102E-005
  5.081662897092811E-005
  5.083069833612512E-005
  5.084467635420499E-005
  5.085856319583340E-005
  5.087235892740139E-005
  5.088606218191214E-005
  5.089967488638103E-005
  5.091319749658659E-005
  5.092663020678568E-005
  5.093997318236126E-005
  5.095322691013493E-005
  5.096639146800012E-005
  5.097946691779715E-005
  5.099245366624919E-005
  5.100534937379564E-005
  5.101815714835578E-005
  5.103087752359326E-005
  5.104350965707434E-005
  5.105605427723927E-005
  5.106851154874376E-005
  5.108088206406290E-005
  5.109316540835326E-005
  5.110536236571561E-005
  5.111747269617092E-005
  5.112949692975807E-005
  5.114143491273873E-005
  5.115328675541351E-005
  5.116505312239272E-005
  5.117673389181096E-005
  5.118832853330069E-005
  5.119983855431004E-005
  5.121126290659682E-005
  5.122260304108418E-005
  5.123385785922329E-005
  5.124502873464627E-005
  5.125611462879585E-005
  5.126711679936618E-005
  5.127803431527022E-005
  5.128886729487971E-005
  5.129961602910655E-005
  5.131028006619502E-005
  5.132085987934811E-005
  5.133135525527621E-005
  5.134176605033488E-005
  5.135209194786365E-005
  5.136233274243395E-005
  5.137248819654617E-005
  5.138255793222756E-005
  5.139254187151056E-005
  5.140243949080500E-005
  5.141224992023762E-005
  5.142197356889767E-005
  5.143160593054804E-005
  5.144114761381155E-005
  5.145060041888141E-005
  5.145996349680774E-005
  5.146923960277935E-005
  5.147842304393842E-005
  5.148751673125277E-005
  5.149651588691447E-005
  5.150542486219023E-005
  5.151423913900506E-005
  5.152295748354076E-005
  5.153158150878742E-005
  5.154011015625116E-005
  5.154854135618920E-005
  5.155687255290647E-005
  5.156510336600152E-005
  5.157323802242875E-005
  5.158126870089124E-005
  5.158919769393281E-005
  5.159702408925933E-005
  5.160474697255348E-005
  5.161236544979677E-005
  5.161987864694988E-005
  5.162728571300315E-005
  5.163458582125032E-005
  5.164177817158139E-005
  5.164886199216549E-005
  5.165583654242456E-005
  5.166270111478857E-005
  5.166945503739619E-005
  5.167609767643668E-005
  5.168262843904256E-005
  5.168904677561659E-005
  5.169535218279545E-005
  5.170154420622544E-005
  5.170762244379930E-005
  5.171358654859923E-005
  5.171943623215796E-005
  5.172517126828076E-005
  5.173079149612036E-005
  5.173629682467115E-005
  5.174168723665344E-005
  5.174696279288768E-005
  5.175212363717288E-005
  5.175717000116390E-005
  5.176210220995106E-005
  5.176692068764067E-005
  5.177162596391002E-005
  5.177621870233147E-005
  5.178070045869601E-005
  5.178507119574504E-005
  5.178933108052640E-005
  5.179348449835955E-005
  5.179752988712190E-005
  5.180146906647569E-005
  5.180530449398003E-005
  5.180903609653503E-005
  5.181266855494122E-005
  5.181620106151761E-005
  5.181964005158993E-005
  5.182299102158348E-005
  5.182625138918047E-005
  5.182942467640016E-005
  5.183251423023751E-005
  5.183552385531933E-005
  5.183845759858651E-005
  5.184131923640870E-005
  5.184411386461510E-005
  5.184684621327063E-005
  5.184952071103901E-005
  5.185214380705707E-005
  5.185471959753212E-005
  5.185725547347139E-005
  5.185975593620517E-005
  5.186222887596293E-005
  5.186467927528052E-005
  5.186711370581858E-005
  5.186953835624565E-005
  5.187195925915478E-005
  5.187438240276036E-005
  5.187681348717771E-005
  5.187925773016930E-005
  5.188172028263870E-005
  5.188420398891575E-005
  5.188671423805005E-005
  5.188925175304264E-005
  5.189181739828875E-005
  5.189441138966325E-005
  5.189703253271239E-005
  5.189967852467834E-005
  5.190234596682109E-005
  5.190503008038728E-005
  5.190772563463281E-005
  5.191042649175232E-005
  5.191312625294838E-005
  5.191581845526316E-005
  5.191849620643159E-005
  5.192115372310189E-005
  5.192378564096434E-005
  5.192638718340779E-005
  5.192895446908760E-005
  5.193148427426334E-005
  5.193397402877081E-005
  5.193642179272736E-005
  5.193882564342208E-005
  5.194118472464440E-005
  5.194349807024141E-005
  5.194576515731845E-005
  5.194798600312334E-005
  5.195015969728617E-005
  5.195228635284480E-005
  5.195436584661347E-005
  5.195639824225444E-005
  5.195838355027615E-005
  5.196032186095890E-005
  5.196221339910031E-005
  5.196405794597424E-005
  5.196585561300572E-005
  5.196760663899826E-005
  5.196931123943322E-005
  5.197096957661785E-005
  5.197258130092211E-005
  5.197414712060212E-005
  5.197566700043686E-005
  5.197714092723475E-005
  5.197856916201743E-005
  5.197995178271998E-005
  5.198128909531168E-005
  5.198258110024948E-005
  5.198382807547561E-005
  5.198502989675100E-005
  5.198618687158328E-005
  5.198729920262016E-005
  5.198836696167774E-005
  5.198939036216590E-005
  5.199036954833531E-005
  5.199130455717958E-005
  5.199219567184786E-005
  5.199304296520763E-005
  5.199384663267495E-005
  5.199460685938802E-005
  5.199532362143151E-005
  5.199599733250724E-005
  5.199662804738868E-005
  5.199721578746739E-005
  5.199776086746705E-005
  5.199826328166204E-005
  5.199872319233142E-005
  5.199914079254730E-005
  5.199951620166599E-005
  5.199984958593279E-005
  5.200014108720231E-005
  5.200039086464016E-005
  5.200059905869889E-005
  5.200076581809759E-005
  5.200089129214759E-005
  5.200097560809353E-005
  5.200101891771397E-005
  5.200102136391109E-005
  5.200098308484913E-005
  5.200090422202256E-005
  5.200078491187568E-005
  5.200062529283651E-005
  5.200042550204972E-005
  5.200018567695945E-005
  5.199990595561244E-005
  5.199958646548942E-005
  5.199922733688770E-005
  5.199882870243546E-005
  5.199839071069939E-005
  5.199791348270620E-005
  5.199739713871963E-005
  5.199684183215763E-005
  5.199624764672363E-005
  5.199561473878721E-005
  5.199494323871845E-005
  5.199423322945660E-005
  5.199348490271344E-005
  5.199269832351599E-005
  5.199187362053409E-005
  5.199101092632537E-005
  5.199011036728424E-005
  5.198917205121375E-005
  5.198819610048209E-005
  5.198718261700435E-005
  5.198613172692917E-005
  5.198504351342773E-005
  5.198391814591618E-005
  5.198275568329031E-005
  5.198155625368292E-005
  5.198031992631314E-005
  5.197904687367767E-005
  5.197773709593634E-005
  5.197639086562102E-005
  5.197500811902757E-005
  5.197358901421339E-005
  5.197213371693996E-005
  5.197064221330912E-005
  5.196911465041446E-005
  5.196755114346053E-005
  5.196595179033330E-005
  5.196431664973145E-005
  5.196264575728426E-005
  5.196093933960850E-005
  5.195919739187545E-005
  5.195742005174294E-005
  5.195560730143063E-005
  5.195375935992430E-005
  5.195187609192338E-005
  5.194995780861812E-005
  5.194800458712634E-005
  5.194601638862105E-005
  5.194399319171381E-005
  5.194193523786175E-005
  5.193984259112162E-005
  5.193771530384168E-005
  5.193555345379433E-005
  5.193335696714014E-005
  5.193112608978635E-005
  5.192886082605515E-005
  5.192656108620611E-005
  5.192422715433110E-005
  5.192185899494564E-005
  5.191945673557888E-005
  5.191702026663325E-005
  5.191454971811397E-005
  5.191204525034856E-005
  5.190950663231724E-005
  5.190693425326607E-005
  5.190432799858016E-005
  5.190168785370842E-005
  5.189901382945024E-005
  5.189630598581513E-005
  5.189356449787975E-005
  5.189078935912657E-005
  5.188798045753119E-005
  5.188513788453901E-005
  5.188226188831833E-005
  5.187935193691645E-005
  5.187640889776068E-005
  5.187343183818290E-005
  5.187042167816675E-005
  5.186737758474926E-005
  5.186430032817217E-005
  5.186118909718828E-005
  5.185804471464896E-005
  5.185486661289524E-005
  5.185165536607391E-005
  5.184841030124105E-005
  5.184513181393815E-005
  5.184181989875170E-005
  5.183847451296180E-005
  5.183509550033283E-005
  5.183168262492681E-005
  5.182823652387014E-005
  5.182475680446110E-005
  5.182124358013449E-005
  5.181769689812615E-005
  5.181411606762684E-005
  5.181050176498380E-005
  5.180685352307429E-005
  5.180317196618601E-005
  5.179945652320213E-005
  5.179570692280755E-005
  5.179192353567237E-005
  5.178810613735531E-005
  5.178425453497956E-005
  5.178036909653623E-005
  5.177644955727438E-005
  5.177249583209329E-005
  5.176850754129424E-005
  5.176448528041882E-005
  5.176042844838854E-005
  5.175633710133350E-005
  5.175221135810830E-005
  5.174805041405754E-005
  5.174385543893870E-005
  5.173962489359875E-005
  5.173535939867311E-005
  5.173105906106533E-005
  5.172672296066390E-005
  5.172235220824396E-005
  5.171794558364115E-005
  5.171350352492484E-005
  5.170902560620356E-005
  5.170451176011117E-005
  5.169996210946112E-005
  5.169537643362692E-005
  5.169075408178352E-005
  5.168609570472234E-005
  5.168140030323068E-005
  5.167666841051813E-005
  5.167189931759601E-005
  5.166709326735735E-005
  5.166224970319971E-005
  5.165736798935243E-005
  5.165244888686523E-005
  5.164749135390151E-005
  5.164249577435953E-005
  5.163746160869598E-005
  5.163238848458585E-005
  5.162727688081633E-005
  5.162212624822949E-005
  5.161693547655284E-005
  5.161170509221272E-005
  5.160643496616032E-005
  5.160112366180774E-005
  5.159577225910162E-005
  5.159037962573501E-005
  5.158494598461663E-005
  5.157947012910506E-005
  5.157395186329369E-005
  5.156839147917871E-005
  5.156278839629355E-005
  5.155714239640363E-005
  5.155145198084505E-005
  5.154571694354606E-005
  5.153993828565222E-005
  5.153411433193912E-005
  5.152824453545352E-005
  5.152232929680328E-005
  5.151636662923333E-005
  5.151035727942112E-005
  5.150430113655258E-005
  5.149819525952506E-005
  5.149204132404731E-005
  5.148583762789944E-005
  5.147958338024223E-005
  5.147327859165151E-005
  5.146692266891481E-005
  5.146051378808384E-005
  5.145405308063778E-005
  5.144754031675757E-005
  5.144098533697791E-005
  5.143437262683608E-005
  5.142769969409788E-005
  5.142096719330395E-005
  5.141417337080916E-005
  5.140731891699244E-005
  5.140040412708536E-005
  5.139342613288009E-005
  5.138638461455474E-005
  5.137927883681771E-005
  5.137210977338921E-005
  5.136486792074850E-005
  5.135756420383028E-005
  5.135018678350617E-005
  5.134273459838025E-005
  5.133521732182268E-005
  5.132762052720949E-005
  5.131995179654563E-005
  5.131220313442919E-005
  5.130437068131773E-005
  5.129645703180275E-005
  5.128845714904402E-005
  5.128037128618337E-005
  5.127219866664743E-005
  5.126393666287996E-005
  5.125557992019341E-005
  5.124713125899706E-005
  5.123858099796472E-005
  5.122991772094869E-005
  5.122115400178905E-005
  5.121228067666288E-005
  5.120330152681348E-005
  5.119420884666090E-005
  5.118499573400507E-005
  5.117565721912833E-005
  5.116619092113463E-005
  5.115659008643682E-005
  5.114685206900050E-005
  5.113697387156502E-005
  5.112694955876545E-005
  5.111677135192441E-005
  5.110643942629750E-005
  5.109593968842020E-005
  5.108527266323323E-005
  5.107443209434943E-005
  5.106341088140266E-005
  5.105219918742462E-005
  5.104079107778725E-005
  5.102918014878694E-005
  5.101736422581711E-005
  5.100532650228553E-005
  5.099306354059698E-005
  5.098056867320937E-005
  5.096783160791094E-005
  5.095484205424126E-005
  5.094159209610816E-005
  5.092866046570766E-005
  5.091563430771393E-005
  5.090232689681273E-005
  5.088873757097196E-005
  5.087488895906658E-005
  5.086072573843171E-005
  5.084623809509626E-005
  5.083142305423199E-005
  5.081626910082764E-005
  5.080076688900801E-005
  5.078491516912655E-005
  5.076870596629582E-005
  5.075211471574841E-005
  5.073513384958164E-005
  5.071776617747386E-005
  5.069998925647299E-005
  5.068180201291279E-005
  5.066319515609404E-005
  5.064416909775495E-005
  5.062471800731034E-005
  5.060483494502110E-005
  5.058453045030620E-005
  5.056379536877606E-005
  5.054263169107355E-005
  5.052104676185394E-005
  5.049904062408337E-005
  5.047662833970130E-005
  5.045384370252913E-005
  5.043065968987221E-005
  5.040710752969012E-005
  5.038322656286053E-005
  5.035898690436760E-005
  5.033447519479971E-005
  5.030969656105264E-005
  5.028469757583485E-005
  5.025948818559913E-005
  5.023412280482801E-005
  5.020864298416644E-005
  5.018313191765168E-005
  5.015761516675852E-005
  5.013217133613307E-005
  5.010687389848243E-005
  5.008180323262325E-005
  5.005703738709518E-005
  5.003265463695269E-005
  5.000876397627482E-005
  4.998545286685291E-005
  4.996282565601892E-005
  4.994099358796355E-005
  4.992007145729694E-005
  4.990019755508658E-005
  4.988146747761312E-005
  4.986399938400019E-005
  4.984793086912385E-005
  4.983338513472051E-005
  4.982048583673843E-005
  4.980934444699050E-005
  4.980009618280649E-005
  4.979284493545453E-005
  4.978769156045962E-005
  4.978472703466936E-005
  4.978402486958215E-005
  4.978563052240516E-005
  4.978960439783367E-005
  4.979593940863567E-005
  4.980464194538189E-005
  4.981563861160403E-005
  4.982885456177443E-005
  4.984419274780090E-005
  4.986144651456025E-005
  4.988035580865713E-005
  4.990065243279046E-005
  4.992205537645646E-005
  4.994421347868192E-005
  4.996664096559722E-005
  4.998891968040304E-005
  5.001050807451779E-005
  5.003080685537934E-005
  5.004931294295907E-005
  5.006556007135767E-005
  5.007905348780493E-005
  5.008935429096481E-005
  5.009613112533583E-005
  5.009925811593443E-005
  5.009884420653654E-005
  5.009513770026250E-005
  5.008856595625907E-005
  5.007969444445013E-005
  5.006909315884147E-005
  5.005727544963532E-005
  5.004452372886888E-005
  5.003119821362063E-005
  5.001745783737379E-005
  5.000365911917346E-005
  4.998951431772210E-005
  4.997527092193653E-005
  4.996090970956705E-005
  4.994618153608838E-005
  4.993133739293716E-005
  4.991622617108106E-005
  4.990100079546722E-005
  4.988583158274904E-005
  4.987025532607061E-005
  4.985451444155311E-005
  4.983883639532976E-005
  4.982283496697526E-005
  4.980673219717734E-005
  4.979061748393345E-005
  4.977433970803881E-005
  4.975769234682197E-005
  4.974100065535978E-005
  4.972416849917871E-005
  4.970713160249238E-005
  4.969011471128337E-005
  4.967292712955073E-005
  4.965552101624446E-005
  4.963814133087482E-005
  4.962036903486079E-005
  4.960245934060405E-005
  4.958468130640322E-005
  4.956658598735682E-005
  4.954816182277708E-005
  4.952959307353556E-005
  4.951133794250983E-005
  4.949268464584905E-005
  4.947373293595018E-005
  4.945495470471923E-005
  4.943565522212068E-005
  4.941619765310230E-005
  4.939686864647080E-005
  4.937722158709154E-005
  4.935741672585246E-005
  4.933772951443970E-005
  4.931752338870362E-005
  4.929724682457001E-005
  4.927688175162937E-005
  4.925651309135330E-005
  4.923592820764093E-005
  4.921456065082978E-005
  4.919368150625597E-005
  4.917280139730032E-005
  4.915147136199259E-005
  4.912980864135727E-005
  4.910824188247953E-005
  4.908619684236203E-005
  4.906407447661104E-005
  4.904197803991847E-005
  4.901939786591959E-005
  4.899676712491749E-005
  4.897442043631736E-005
  4.895138445389359E-005
  4.892830777691977E-005
  4.890492581691443E-005
  4.888151333149119E-005
  4.885774466215777E-005
  4.883373739159206E-005
  4.880992657234905E-005
  4.878581992742631E-005
  4.876103486957462E-005
  4.873666331704156E-005
  4.871160244006112E-005
  4.868681040866285E-005
  4.866176639950540E-005
  4.863622670587088E-005
  4.861061127793250E-005
  4.858479764528086E-005
  4.855849234646432E-005
  4.853223772854293E-005
  4.850602723000476E-005
  4.847947993235133E-005
  4.845236024015283E-005
  4.842532885618344E-005
  4.839821976180778E-005
  4.837016012878528E-005
  4.834288246880387E-005
  4.831529568332898E-005
  4.828680812395484E-005
  4.825615375639479E-005
  4.822884687904919E-005
  4.820019776531991E-005
  4.816907685484129E-005
  4.813971295307586E-005
  4.810988412988822E-005
  4.807996937293706E-005
  4.804977559162647E-005
  4.801936579642821E-005
  4.798870244374467E-005
  4.795782846038213E-005
  4.792666473368502E-005
  4.789504504495902E-005
  4.786370417897946E-005
  4.783166466322138E-005
  4.779919580554151E-005
  4.776674431212324E-005
  4.773436950065125E-005
  4.770105360517341E-005
  4.766779787988719E-005
  4.763461492898252E-005
  4.760101540888739E-005
  4.756635948652633E-005
  4.753198386806872E-005
  4.749787029463070E-005
  4.746291715024861E-005
  4.742748593698151E-005
  4.739155086110799E-005
  4.735628153672099E-005
  4.731994661841148E-005
  4.728348731311961E-005
  4.724687618258871E-005
  4.720918363432985E-005
  4.717221386535587E-005
  4.713448850150082E-005
  4.709643332545668E-005
  4.705756593070603E-005
  4.701950534585406E-005
  4.698026146427416E-005
  4.694088439677461E-005
  4.690109323185381E-005
  4.686105490311549E-005
  4.682113560913440E-005
  4.678126529575930E-005
  4.674116842247218E-005
  4.669942618351232E-005
  4.665734850195101E-005
  4.661530495592365E-005
  4.657245427600188E-005
  4.652978326706795E-005
  4.648632698854180E-005
  4.644294050479407E-005
  4.639878522664567E-005
  4.635482322850867E-005
  4.631078323657272E-005
  4.626660649034672E-005
  4.622252106130503E-005
  4.617889838784731E-005
  4.613588860025652E-005
  4.609437576773410E-005
  4.605466818054948E-005
  4.601823207547808E-005
  4.598564478444357E-005
  4.595825496569378E-005
  4.593841230375331E-005
  4.592473279456237E-005
  4.591224643659215E-005
  4.590068241014574E-005
  4.588985886908157E-005
  4.587933064049118E-005
  4.586967133185064E-005
  4.586110507819224E-005
  4.585325692411251E-005
  4.584593573936621E-005
  4.583964451789559E-005
  4.583405475146279E-005
  4.582928977306296E-005
  4.582511906497970E-005
  4.582181913208126E-005
  4.581935591287389E-005
  4.581741607304728E-005
  4.581633445217750E-005
  4.581612256817436E-005
  4.581643897188527E-005
  4.581765898648300E-005
  4.581956366066352E-005
  4.582221726611985E-005
  4.582568804985001E-005
  4.582976320861254E-005
  4.583467696809067E-005
  4.584022222177621E-005
  4.584653673803665E-005
  4.585356869869520E-005
  4.586128652008364E-005
  4.586969954737262E-005
  4.587880521111768E-005
  4.588852354710337E-005
  4.589899098684066E-005
  4.590999641518926E-005
  4.592166650706003E-005
  4.593395311835699E-005
  4.594679538927457E-005
  4.596022276833275E-005
  4.597421353253782E-005
  4.598866379928762E-005
  4.600345699847031E-005
  4.601854957574791E-005
  4.603410226272851E-005
  4.605005198980797E-005
  4.597720783633835E-005
  4.588316402552737E-005
  4.578860347842631E-005
  4.569346266110306E-005
  4.559770494168856E-005
  4.550129311872849E-005
  4.540419142887349E-005
  4.530636358869046E-005
  4.520777217535835E-005
  4.510837565402960E-005
  4.500813450191870E-005
  4.490700502964065E-005
  4.480494284714340E-005
  4.470190176744864E-005
  4.459783538115950E-005
  4.449269260270908E-005
  4.438642221976909E-005
  4.427897259825764E-005
  4.417028885673097E-005
  4.406031227253260E-005
  4.394898567748719E-005
  4.383624665645137E-005
  4.372203174042263E-005
  4.360627666648343E-005
  4.348891182162026E-005
  4.336986993880952E-005
  4.324907512752363E-005
  4.312645425442720E-005
  4.300192688389054E-005
  4.287541110365522E-005
  4.274682671964537E-005
  4.261608359904068E-005
  4.248309018565263E-005
  4.234775339823291E-005
  4.220997499580421E-005
  4.206965561291793E-005
  4.192669334250014E-005
  4.178097577169033E-005
  4.163238675602288E-005
  4.148080388275395E-005
  4.132611782566955E-005
  4.116820061934242E-005
  4.100692222132671E-005
  4.084214314861506E-005
  4.067372166064150E-005
  4.050151337893044E-005
  4.032536471625319E-005
  4.014511710236620E-005
  3.996060648641945E-005
  3.977165481391672E-005
  3.957807753794534E-005
  3.937969961633054E-005
  3.917632542985248E-005
  3.896775188777919E-005
  3.875377225730524E-005
  3.853416622504631E-005
  3.830870735908023E-005
  3.807716039650701E-005
  3.783927650975913E-005
  3.759478970773172E-005
  3.734343568173294E-005
  3.708494122392732E-005
  3.681901674817576E-005
  3.654535883793786E-005
  3.626365457693786E-005
  3.597357529649823E-005
  3.567477489702928E-005
  3.536690755708398E-005
  3.504959406253203E-005
  3.472245417886412E-005
  3.438507988943447E-005
  3.403705919086769E-005
  3.367796487493234E-005
  3.330735141195713E-005
  3.292474692161191E-005
  3.252967674010574E-005
  3.212163608759028E-005
  3.170011341935444E-005
  3.126455955499923E-005
  3.081444123810277E-005
  3.034917615286850E-005
  2.986818625056801E-005
  2.937088424847512E-005
  2.885662607077837E-005
  2.832480462479609E-005
  2.777477292088786E-005
  2.720585387579929E-005
  2.661744664127432E-005
  2.600891865315994E-005
  2.537943437940014E-005
  2.472850678404857E-005
  2.405544113245437E-005
  2.335959821897644E-005
  2.264009239487419E-005
  2.189665875243043E-005
  2.112775480527537E-005
  2.033413813443780E-005
