  2.868167914676883E-005
  5.212260926895543E-006
  3.243143232942288E-006
  3.177855203178089E-006
  1.369402045650606E-006
  1.555240974282932E-006
  1.200000017881393E-006
  2.359859266598403E-007
  1.200000017881393E-006
  1.200000017881393E-006
  1.200000017881393E-006
  1.200000017881393E-006
  1.200000017881393E-006
  1.200000017881393E-006
  1.200000017881393E-006
  1.200000017881393E-006
  1.200000017881393E-006
  1.200000017881393E-006
  1.200000017881393E-006
  1.200000017881393E-006
  1.200000017881393E-006
  1.200000017881393E-006
  1.200000017881393E-006
  1.200000017881393E-006
  1.200000017881393E-006
  1.200000017881393E-006
  1.200000017881393E-006
  1.200000017881393E-006
  1.200000017881393E-006
  1.200000017881393E-006
  1.200000017881393E-006
  1.200000017881393E-006
  1.200000017881393E-006
  1.200000017881393E-006
  1.200000017881393E-006
  1.200000017881393E-006
  1.200000017881393E-006
  1.200000017881393E-006
  1.200000017881393E-006
  1.200000017881393E-006
  1.200000017881393E-006
  1.200000017881393E-006
  1.200000017881393E-006
  1.200000017881393E-006
  1.200000017881393E-006
  1.200000017881393E-006
  1.200000017881393E-006
  1.200000017881393E-006
  1.200000017881393E-006
  1.200000017881393E-006
  1.200000017881393E-006
  1.200000017881393E-006
  1.200000017881393E-006
  1.200000017881393E-006
  1.200000017881393E-006
  1.200000017881393E-006
  1.200000017881393E-006
  1.200000017881393E-006
  1.200000017881393E-006
  1.200000017881393E-006
  1.200000017881393E-006
  1.200000017881393E-006
  1.200000017881393E-006
  1.200000017881393E-006
  1.200000017881393E-006
  1.200000017881393E-006
  1.200000017881393E-006
  1.200000017881393E-006
  1.200000017881393E-006
  1.200000017881393E-006
  1.200000017881393E-006
  1.200000017881393E-006
  1.200000017881393E-006
  1.200000017881393E-006
  1.200000017881393E-006
  1.200000017881393E-006
  1.200000017881393E-006
  1.200000017881393E-006
  1.200000017881393E-006
  1.200000017881393E-006
  1.200000017881393E-006
  1.200000017881393E-006
  1.200000017881393E-006
  1.200000017881393E-006
  1.200000017881393E-006
  1.200000017881393E-006
  1.200000017881393E-006
  1.200000017881393E-006
  1.200000017881393E-006
  1.200000017881393E-006
  1.200000017881393E-006
  1.200000017881393E-006
  1.200000017881393E-006
  1.200000017881393E-006
  1.200000017881393E-006
  1.200000017881393E-006
  1.200000017881393E-006
  1.200000017881393E-006
  1.200000017881393E-006
  1.200000017881393E-006
  1.200000017881393E-006
  1.200000017881393E-006
  1.200000017881393E-006
  1.200000017881393E-006
  1.200000017881393E-006
  1.200000017881393E-006
  1.200000017881393E-006
  1.200000017881393E-006
  1.200000017881393E-006
  1.200000017881393E-006
  1.200000017881393E-006
  1.200000017881393E-006
  1.200000017881393E-006
  1.200000017881393E-006
  1.200000017881393E-006
  1.200000017881393E-006
  1.200000017881393E-006
  1.200000017881393E-006
  1.200000017881393E-006
  1.200000017881393E-006
  1.200000017881393E-006
  1.200000017881393E-006
  1.200000017881393E-006
  1.200000017881393E-006
  1.200000017881393E-006
  1.200000017881393E-006
  1.200000017881393E-006
  1.200000017881393E-006
  1.200000017881393E-006
  1.200000017881393E-006
  1.200000017881393E-006
  1.200000017881393E-006
  1.200000017881393E-006
  1.200000017881393E-006
  1.200000017881393E-006
  1.200000017881393E-006
  1.200000017881393E-006
  1.200000017881393E-006
  1.200000017881393E-006
  1.200000017881393E-006
  1.200000017881393E-006
  1.200000017881393E-006
  1.200000017881393E-006
  1.200000017881393E-006
  1.200000017881393E-006
  1.200000017881393E-006
  1.200000017881393E-006
  1.200000017881393E-006
  1.200000017881393E-006
  1.200000017881393E-006
  1.200000017881393E-006
  1.200000017881393E-006
  1.200000017881393E-006
  1.200000017881393E-006
  1.200000017881393E-006
  1.200000017881393E-006
  1.200000017881393E-006
  1.200000017881393E-006
  1.200000017881393E-006
  1.200000017881393E-006
  1.200000017881393E-006
  1.200000017881393E-006
  1.200000017881393E-006
  1.200000017881393E-006
  1.200000017881393E-006
  1.200000017881393E-006
  1.200000017881393E-006
  1.200000017881393E-006
  1.200000017881393E-006
  1.200000017881393E-006
  1.200000017881393E-006
  1.200000017881393E-006
  1.200000017881393E-006
  1.200000017881393E-006
  1.200000017881393E-006
  1.200000017881393E-006
  1.200000017881393E-006
  1.200000017881393E-006
  1.200000017881393E-006
  1.200000017881393E-006
  1.200000017881393E-006
  1.200000017881393E-006
  1.200000017881393E-006
  1.200000017881393E-006
  1.200000017881393E-006
  1.200000017881393E-006
  1.200000017881393E-006
  1.200000017881393E-006
  1.200000017881393E-006
  1.200000017881393E-006
  1.200000017881393E-006
  1.200000017881393E-006
  1.200000017881393E-006
  1.200000017881393E-006
  1.200000017881393E-006
  1.200000017881393E-006
  1.200000017881393E-006
  1.200000017881393E-006
  1.200000017881393E-006
  1.200000017881393E-006
  1.200000017881393E-006
  1.200000017881393E-006
  1.200000017881393E-006
  1.200000017881393E-006
  1.200000017881393E-006
  1.200000017881393E-006
  1.200000017881393E-006
  1.200000017881393E-006
  1.200000017881393E-006
  1.200000017881393E-006
  1.200000017881393E-006
  1.200000017881393E-006
  1.200000017881393E-006
  1.200000017881393E-006
  1.200000017881393E-006
  1.200000017881393E-006
  1.200000017881393E-006
  1.200000017881393E-006
  1.200000017881393E-006
  1.200000017881393E-006
  1.200000017881393E-006
  1.200000017881393E-006
  1.200000017881393E-006
  1.200000017881393E-006
  1.200000017881393E-006
  1.200000017881393E-006
  1.200000017881393E-006
  1.200000017881393E-006
  1.200000017881393E-006
  1.200000017881393E-006
  1.200000017881393E-006
  1.200000017881393E-006
  1.200000017881393E-006
  1.200000017881393E-006
  1.200000017881393E-006
  1.200000017881393E-006
  1.200000017881393E-006
  1.200000017881393E-006
  1.200000017881393E-006
  1.200000017881393E-006
  1.200000017881393E-006
  1.200000017881393E-006
  1.200000017881393E-006
  1.200000017881393E-006
  1.200000017881393E-006
  1.200000017881393E-006
  1.200000017881393E-006
  1.200000017881393E-006
  1.200000017881393E-006
  1.200000017881393E-006
  1.200000017881393E-006
  1.200000017881393E-006
  1.200000017881393E-006
  1.200000017881393E-006
  1.200000017881393E-006
  1.200000017881393E-006
  1.200000017881393E-006
  1.200000017881393E-006
  1.200000017881393E-006
  1.200000017881393E-006
  1.200000017881393E-006
  1.200000017881393E-006
  1.200000017881393E-006
  1.200000017881393E-006
  1.200000017881393E-006
  1.200000017881393E-006
  1.200000017881393E-006
  1.200000017881393E-006
  1.200000017881393E-006
  1.200000017881393E-006
  1.200000017881393E-006
  1.200000017881393E-006
  1.200000017881393E-006
  1.200000017881393E-006
  1.200000017881393E-006
  1.200000017881393E-006
  1.200000017881393E-006
  1.200000017881393E-006
  1.200000017881393E-006
  1.200000017881393E-006
  1.200000017881393E-006
  1.200000017881393E-006
  1.200000017881393E-006
  1.200000017881393E-006
  1.200000017881393E-006
  1.200000017881393E-006
  1.200000017881393E-006
  1.200000017881393E-006
  1.200000017881393E-006
  1.200000017881393E-006
  1.200000017881393E-006
  1.200000017881393E-006
  1.200000017881393E-006
  1.200000017881393E-006
  1.200000017881393E-006
  1.200000017881393E-006
  1.200000017881393E-006
  1.200000017881393E-006
  1.200000017881393E-006
  1.200000017881393E-006
  1.200000017881393E-006
  1.200000017881393E-006
  1.200000017881393E-006
  1.200000017881393E-006
  1.200000017881393E-006
  1.200000017881393E-006
  1.200000017881393E-006
  1.200000017881393E-006
  1.200000017881393E-006
  1.200000017881393E-006
  1.200000017881393E-006
  1.200000017881393E-006
  1.200000017881393E-006
  1.200000017881393E-006
  1.200000017881393E-006
  1.200000017881393E-006
  1.200000017881393E-006
  1.200000017881393E-006
  1.200000017881393E-006
  1.200000017881393E-006
  1.200000017881393E-006
  1.200000017881393E-006
  1.200000017881393E-006
  1.200000017881393E-006
  1.200000017881393E-006
  1.200000017881393E-006
  1.200000017881393E-006
  1.200000017881393E-006
  1.200000017881393E-006
  1.200000017881393E-006
  1.200000017881393E-006
  1.200000017881393E-006
  1.200000017881393E-006
  1.200000017881393E-006
  1.200000017881393E-006
  1.200000017881393E-006
  1.200000017881393E-006
  1.200000017881393E-006
  1.200000017881393E-006
  1.200000017881393E-006
  1.200000017881393E-006
  1.200000017881393E-006
  1.200000017881393E-006
  1.200000017881393E-006
  1.200000017881393E-006
  1.200000017881393E-006
  1.200000017881393E-006
  1.200000017881393E-006
  1.200000017881393E-006
  1.200000017881393E-006
  1.200000017881393E-006
  1.200000017881393E-006
  1.200000017881393E-006
  1.200000017881393E-006
  1.200000017881393E-006
  1.200000017881393E-006
  1.200000017881393E-006
  1.200000017881393E-006
  1.200000017881393E-006
  1.200000017881393E-006
  1.200000017881393E-006
  1.200000017881393E-006
  1.200000017881393E-006
  1.200000017881393E-006
  1.200000017881393E-006
  1.200000017881393E-006
  1.200000017881393E-006
  1.200000017881393E-006
  1.200000017881393E-006
  1.200000017881393E-006
  1.200000017881393E-006
  1.200000017881393E-006
  1.200000017881393E-006
  1.200000017881393E-006
  1.200000017881393E-006
  1.200000017881393E-006
  1.200000017881393E-006
  1.200000017881393E-006
  1.200000017881393E-006
  1.200000017881393E-006
  1.200000017881393E-006
  1.200000017881393E-006
  1.200000017881393E-006
  1.200000017881393E-006
  1.200000017881393E-006
  1.200000017881393E-006
  1.200000017881393E-006
  1.200000017881393E-006
  1.200000017881393E-006
  1.200000017881393E-006
  1.200000017881393E-006
  1.200000017881393E-006
  1.200000017881393E-006
  1.200000017881393E-006
  1.200000017881393E-006
  1.200000017881393E-006
  1.200000017881393E-006
  1.200000017881393E-006
  1.200000017881393E-006
  1.200000017881393E-006
  1.200000017881393E-006
  1.200000017881393E-006
  1.200000017881393E-006
  1.200000017881393E-006
  1.200000017881393E-006
  1.200000017881393E-006
  1.200000017881393E-006
  1.200000017881393E-006
  1.200000017881393E-006
  1.200000017881393E-006
  1.200000017881393E-006
  1.200000017881393E-006
  1.200000017881393E-006
  1.200000017881393E-006
  1.200000017881393E-006
  1.200000017881393E-006
  1.200000017881393E-006
  1.200000017881393E-006
  1.200000017881393E-006
  1.200000017881393E-006
  1.200000017881393E-006
  1.200000017881393E-006
  1.200000017881393E-006
  1.200000017881393E-006
  1.200000017881393E-006
  1.200000017881393E-006
  1.200000017881393E-006
  1.200000017881393E-006
  1.200000017881393E-006
  1.200000017881393E-006
  1.200000017881393E-006
  1.200000017881393E-006
  1.200000017881393E-006
  1.200000017881393E-006
  1.200000017881393E-006
  1.200000017881393E-006
  1.200000017881393E-006
  1.200000017881393E-006
  1.200000017881393E-006
  1.200000017881393E-006
  1.200000017881393E-006
  1.200000017881393E-006
  1.200000017881393E-006
  1.200000017881393E-006
  1.200000017881393E-006
  1.200000017881393E-006
  1.200000017881393E-006
  1.200000017881393E-006
  1.200000017881393E-006
  1.200000017881393E-006
  1.200000017881393E-006
  1.200000017881393E-006
  1.200000017881393E-006
  1.200000017881393E-006
  1.200000017881393E-006
  1.200000017881393E-006
  1.200000017881393E-006
  1.200000017881393E-006
  1.200000017881393E-006
  1.200000017881393E-006
  1.200000017881393E-006
  1.200000017881393E-006
  1.200000017881393E-006
  1.200000017881393E-006
  1.200000017881393E-006
  1.200000017881393E-006
  1.200000017881393E-006
  1.200000017881393E-006
  1.200000017881393E-006
  1.200000017881393E-006
  1.200000017881393E-006
  1.200000017881393E-006
  1.200000017881393E-006
  1.200000017881393E-006
  1.200000017881393E-006
  1.200000017881393E-006
  1.200000017881393E-006
  1.200000017881393E-006
  1.200000017881393E-006
  1.200000017881393E-006
  1.200000017881393E-006
  1.200000017881393E-006
  1.200000017881393E-006
  1.200000017881393E-006
  1.200000017881393E-006
  1.200000017881393E-006
  1.200000017881393E-006
  1.200000017881393E-006
  1.200000017881393E-006
  1.200000017881393E-006
  1.200000017881393E-006
  1.200000017881393E-006
  1.200000017881393E-006
  1.200000017881393E-006
  1.200000017881393E-006
  1.200000017881393E-006
  1.200000017881393E-006
  1.200000017881393E-006
  1.200000017881393E-006
  1.200000017881393E-006
  1.200000017881393E-006
  1.200000017881393E-006
  1.200000017881393E-006
  1.200000017881393E-006
  1.200000017881393E-006
  1.200000017881393E-006
  1.200000017881393E-006
  1.200000017881393E-006
  1.200000017881393E-006
  1.200000017881393E-006
  1.200000017881393E-006
  1.200000017881393E-006
  1.200000017881393E-006
  1.200000017881393E-006
  1.200000017881393E-006
  1.200000017881393E-006
  1.200000017881393E-006
  1.200000017881393E-006
  1.200000017881393E-006
  1.200000017881393E-006
  1.200000017881393E-006
  1.200000017881393E-006
  1.200000017881393E-006
  1.200000017881393E-006
  1.200000017881393E-006
  1.200000017881393E-006
  1.200000017881393E-006
  1.200000017881393E-006
  1.200000017881393E-006
  1.200000017881393E-006
  1.200000017881393E-006
  1.200000017881393E-006
  1.200000017881393E-006
  1.200000017881393E-006
  1.200000017881393E-006
  1.200000017881393E-006
  1.200000017881393E-006
  1.200000017881393E-006
  1.200000017881393E-006
  1.200000017881393E-006
  1.200000017881393E-006
  1.200000017881393E-006
  1.200000017881393E-006
  1.200000017881393E-006
  1.200000017881393E-006
  1.200000017881393E-006
  1.200000017881393E-006
  1.200000017881393E-006
  1.200000017881393E-006
  1.200000017881393E-006
  1.200000017881393E-006
  1.200000017881393E-006
  1.200000017881393E-006
  1.200000017881393E-006
  1.200000017881393E-006
  1.200000017881393E-006
  1.200000017881393E-006
  1.200000017881393E-006
  1.200000017881393E-006
  1.200000017881393E-006
  1.200000017881393E-006
  1.200000017881393E-006
  1.200000017881393E-006
  1.200000017881393E-006
  1.200000017881393E-006
  1.200000017881393E-006
  1.200000017881393E-006
  1.200000017881393E-006
  1.200000017881393E-006
  1.200000017881393E-006
  1.200000017881393E-006
  1.200000017881393E-006
  1.200000017881393E-006
  1.200000017881393E-006
  1.200000017881393E-006
  1.200000017881393E-006
  1.200000017881393E-006
  1.200000017881393E-006
  1.200000017881393E-006
  1.245659840210554E-007
  2.916109966512925E-007
  4.588236956667037E-007
  6.262032275270832E-007
  7.937450355924611E-007
  9.614441626589168E-007
  1.129295131963798E-006
  1.297291994682257E-006
  1.465429089521168E-006
  1.633701246671609E-006
  1.802102845260322E-006
  1.970627933274710E-006
  2.139271141585447E-006
  2.308026901467415E-006
  2.476889381114105E-006
  2.645852395659930E-006
  2.814911070540180E-006
  2.984059593686862E-006
  3.153291598990652E-006
  3.322602177022167E-006
  3.491985645696208E-006
  3.661436239128086E-006
  3.830947923385417E-006
  4.000515204683942E-006
  4.170132083267726E-006
  4.339793384036830E-006
  4.509493545693194E-006
  4.679226393840463E-006
  4.848986421811930E-006
  5.018767992616827E-006
  5.188565456778056E-006
  5.358373459982879E-006
  5.528185860469968E-006
  5.697997079902002E-006
  5.867802071673431E-006
  6.037595038379175E-006
  6.207369127976618E-006
  6.377120409679036E-006
  6.546842925344030E-006
  6.716530093831830E-006
  6.886177543070840E-006
  7.055779691785620E-006
  7.225329815739192E-006
  7.394823737400277E-006
  7.564255230571294E-006
  7.733619084007044E-006
  7.902910091958262E-006
  8.072122030279250E-006
  8.241250256490765E-006
  8.410289091299460E-006
  8.579232841166914E-006
  8.748077501619985E-006
  8.916815541425015E-006
  9.085443521374158E-006
  9.253954945477275E-006
  9.422345393226143E-006
  9.590609370714958E-006
  9.758741734767516E-006
  9.926737057056003E-006
  1.009459042947520E-005
  1.026229631155984E-005
  1.042985016653515E-005
  1.059724636937432E-005
  1.076448028126970E-005
  1.093154692989928E-005
  1.109844151726632E-005
  1.126515806489604E-005
  1.143169336759539E-005
  1.159804051518541E-005
  1.176419632790183E-005
  1.193015532707109E-005
  1.209591261043012E-005
  1.226146434231200E-005
  1.242680396009047E-005
  1.259192851088687E-005
  1.275683273494302E-005
  1.292151192767384E-005
  1.308596184275920E-005
  1.325017758237873E-005
  1.341415481838995E-005
  1.357788918894259E-005
  1.374137615003025E-005
  1.390461123789513E-005
  1.406759087320987E-005
  1.423031048146794E-005
  1.439276415979423E-005
  1.455494987968676E-005
  1.471686261713866E-005
  1.487849801997187E-005
  1.503985243294409E-005
  1.520092159740295E-005
  1.536170151940838E-005
  1.552218894214464E-005
  1.568237795506582E-005
  1.584226666388425E-005
  1.600185074491780E-005
  1.616112567186361E-005
  1.632008905993830E-005
  1.647873561868244E-005
  1.663706258175484E-005
  1.679506629022027E-005
  1.695274309368736E-005
  1.711008965933531E-005
  1.726710263508374E-005
  1.742377819486458E-005
  1.758011300017760E-005
  1.773610350382659E-005
  1.789174704555426E-005
  1.804703926199069E-005
  1.820197870836142E-005
  1.835656086169711E-005
  1.851078228488556E-005
  1.866464175107541E-005
  1.881813450906307E-005
  1.897125733831092E-005
  1.912401027073115E-005
  1.927638686393471E-005
  1.942838522156515E-005
  1.958000382319945E-005
  1.973123949459673E-005
  1.988208831566353E-005
  2.003254800090064E-005
  2.018261780365352E-005
  2.033229344403334E-005
  2.048157173942373E-005
  2.063045139011741E-005
  2.077893012278340E-005
  2.092700615352552E-005
  2.107467563877299E-005
  2.122193650823252E-005
  2.136878652494283E-005
  2.151522378172664E-005
  2.166124712851059E-005
  2.180685402668303E-005
  2.195204172826627E-005
  2.209680794423586E-005
  2.224115057532951E-005
  2.238506829294650E-005
  2.252855917500524E-005
  2.267162124472300E-005
  2.281425263498493E-005
  2.295645211592576E-005
  2.309821954054734E-005
  2.323954991566973E-005
  2.338044304788092E-005
  2.352089708564154E-005
  2.366091133782801E-005
  2.380048324508783E-005
  2.393961143023695E-005
  2.407829511239713E-005
  2.421653313511040E-005
  2.435432323537508E-005
  2.449166482650084E-005
  2.462855618495858E-005
  2.476499674236672E-005
  2.490098507605909E-005
  2.503651938524186E-005
  2.517159761474790E-005
  2.530622092213292E-005
  2.544038819084801E-005
  2.557409710303485E-005
  2.570734804631079E-005
  2.584014018491884E-005
  2.597247072283055E-005
  2.610434071328565E-005
  2.623574913608412E-005
  2.636669414669367E-005
  2.649717546250042E-005
  2.662719256617943E-005
  2.675674494307788E-005
  2.688583227770085E-005
  2.701445346821518E-005
  2.714260853219134E-005
  2.727029737093417E-005
  2.739751694408832E-005
  2.752426925591570E-005
  2.765055292525252E-005
  2.777636857949046E-005
  2.790171560221131E-005
  2.802659291740307E-005
  2.815100087407656E-005
  2.827493773565175E-005
  2.839840581797845E-005
  2.852140387876526E-005
  2.864393123848359E-005
  2.876598746019860E-005
  2.888757374192950E-005
  2.900869000338033E-005
  2.912933513468494E-005
  2.924950921467665E-005
  2.936921327452797E-005
  2.948844720803718E-005
  2.960721050608550E-005
  2.972550272253710E-005
  2.984332605829820E-005
  2.996067926347899E-005
  3.007756190318937E-005
  3.019397483656798E-005
  3.030991947529951E-005
  3.042539470670650E-005
  3.054040060847614E-005
  3.065493947597096E-005
  3.076900943391658E-005
  3.088261168679142E-005
  3.099574690788465E-005
  3.110841571721190E-005
  3.122061701841999E-005
  3.133235315347039E-005
  3.144362440075218E-005
  3.155443009721859E-005
  3.166477142149776E-005
  3.177464961158134E-005
  3.188406417648549E-005
  3.199301600365090E-005
  3.210150626449231E-005
  3.220953481876523E-005
  3.231710287457565E-005
  3.242421088028779E-005
  3.253085948717710E-005
  3.263705042381834E-005
  3.274278193226055E-005
  3.284805753995678E-005
  3.295287765544493E-005
  3.305724039953699E-005
  3.316114978372759E-005
  3.326460480557794E-005
  3.336760734150561E-005
  3.347015746842255E-005
  3.357225566654254E-005
  3.367390466651087E-005
  3.377510366303313E-005
  3.387585435254657E-005
  3.397615774075004E-005
  3.407601364581282E-005
  3.417542498180366E-005
  3.427439078547325E-005
  3.437291373031579E-005
  3.447099364005344E-005
  3.456863164324328E-005
  3.466583011846336E-005
  3.476258789006777E-005
  3.485890832018741E-005
  3.495479085921650E-005
  3.505023711419018E-005
  3.514524820651311E-005
  3.523982503485590E-005
  3.533396950416271E-005
  3.542768151495572E-005
  3.552096407930114E-005
  3.561381570017968E-005
  3.570624030842877E-005
  3.579823686227645E-005
  3.588980824753535E-005
  3.598095423682873E-005
  3.607167686895691E-005
  3.616197747057591E-005
  3.625185659371310E-005
  3.634131649242813E-005
  3.643035695052902E-005
  3.651898112801214E-005
  3.660718803462025E-005
  3.669498127768934E-005
  3.678235983567786E-005
  3.686932715517005E-005
  3.695588271563241E-005
  3.704202928547350E-005
  3.712776696513491E-005
  3.721309795321327E-005
  3.729802288421108E-005
  3.738254364478301E-005
  3.746666108676201E-005
  3.755037687442553E-005
  3.763369254077924E-005
  3.771660879555816E-005
  3.779912769372304E-005
  3.788124968506712E-005
  3.796297721182809E-005
  3.804431056892274E-005
  3.812525224815814E-005
  3.820580221757530E-005
  3.828596307557537E-005
  3.836573532262045E-005
  3.844512160119385E-005
  3.852412185218982E-005
  3.860273894577189E-005
  3.868097262348752E-005
  3.875882624390599E-005
  3.883629889303302E-005
  3.891339375005171E-005
  3.899011106586364E-005
  3.906645346795040E-005
  3.914242109423045E-005
  3.921801687898502E-005
  3.929324060696089E-005
  3.936809483613439E-005
  3.944258005269518E-005
  3.951669873048182E-005
  3.959045147309402E-005
  3.966384056404091E-005
  3.973686655252826E-005
  3.980953105935586E-005
  3.988183541907891E-005
  3.995378203319261E-005
  4.002537100326335E-005
  4.009660487934547E-005
  4.016748352953572E-005
  4.023801001927849E-005
  4.030818521262487E-005
  4.037801115433192E-005
  4.044748710919327E-005
  4.051661701637139E-005
  4.058540113061864E-005
  4.065384145823273E-005
  4.072193793394562E-005
  4.078969393183781E-005
  4.085711007136889E-005
  4.092418751693521E-005
  4.099092741230183E-005
  4.105733271328898E-005
  4.112340313457097E-005
  4.118914095335897E-005
  4.125454744521739E-005
  4.131962439747025E-005
  4.138437193843337E-005
  4.144879335209219E-005
  4.151288869485569E-005
  4.157665972419118E-005
  4.164010796462403E-005
  4.170323487802412E-005
  4.176604135793133E-005
  4.182853042358908E-005
  4.189070083409882E-005
  4.195255619847371E-005
  4.201409733597711E-005
  4.207532509703396E-005
  4.213624175900582E-005
  4.219684790515959E-005
  4.225714501574380E-005
  4.231713554809843E-005
  4.237681898240206E-005
  4.243619924574262E-005
  4.249527470250606E-005
  4.255404950951223E-005
  4.261252294823535E-005
  4.267069791747273E-005
  4.272857491054950E-005
  4.278615535161175E-005
  4.284344145919224E-005
  4.290043286539700E-005
  4.295713315783273E-005
  4.301354125886390E-005
  4.306966122759670E-005
  4.312549122029338E-005
  4.318103633459216E-005
  4.323629410446412E-005
  4.329126932284913E-005
  4.334595991402809E-005
  4.340037081099797E-005
  4.345449995397666E-005
  4.350835160807370E-005
  4.356192458115218E-005
  4.361522202117146E-005
  4.366824422277386E-005
  4.372099254265865E-005
  4.377346987759109E-005
  4.382567418224171E-005
  4.387761048251916E-005
  4.392927713560602E-005
  4.398067738118338E-005
  4.403181230188666E-005
  4.408268104928781E-005
  4.413328849362316E-005
  4.418363245739496E-005
  4.423371614263508E-005
  4.428354203030819E-005
  4.433310633630891E-005
  4.438241621725456E-005
  4.443146998513259E-005
  4.448026808310440E-005
  4.452881440908160E-005
  4.457710869866048E-005
  4.462515058760689E-005
  4.467294502969194E-005
  4.472049124878363E-005
  4.476778796842708E-005
  4.481484100866323E-005
  4.486165113018777E-005
  4.490821327748061E-005
  4.495453513907396E-005
  4.500061798739674E-005
  4.504645958898560E-005
  4.509206093507853E-005
  4.513742656498057E-005
  4.518255742889599E-005
  4.522745188399385E-005
  4.527210982232659E-005
  4.531653750213091E-005
  4.536073456736872E-005
  4.540470322788754E-005
  4.544843716211137E-005
  4.549194337919922E-005
  4.553522492502371E-005
  4.557828175903460E-005
  4.562111547589518E-005
  4.566372583676579E-005
  4.570610650284718E-005
  4.574826725619258E-005
  4.579021051320402E-005
  4.583193602171391E-005
  4.587344496079357E-005
  4.591473831255069E-005
  4.595581621477578E-005
  4.599668008046289E-005
  4.603733114772720E-005
  4.607777161568640E-005
  4.611798366877098E-005
  4.615798760869337E-005
  4.619778672923495E-005
  4.623738344903590E-005
  4.627676793675854E-005
  4.631590622777178E-005
  4.636534454858185E-005
  4.639361763232170E-005
  4.643228843905146E-005
  4.647065259707713E-005
  4.650882647697289E-005
  4.654679524544615E-005
  4.658457342214017E-005
  4.662214985298241E-005
  4.665953025692446E-005
  4.669671357877273E-005
  4.673370481553721E-005
  4.677050205384647E-005
  4.680710552538929E-005
  4.684351831490140E-005
  4.687973939756966E-005
  4.691577140876595E-005
  4.695161464809665E-005
  4.698726946916861E-005
  4.702273783418266E-005
  4.705801970193610E-005
  4.709311675581486E-005
  4.712802986351699E-005
  4.716275407189896E-005
  4.719729364341875E-005
  4.723165308080638E-005
  4.726583278966990E-005
  4.729983412988339E-005
  4.733365690737152E-005
  4.736730253477341E-005
  4.740077195753702E-005
  4.743406497140671E-005
  4.746718351396721E-005
  4.750012796364480E-005
  4.753289887737966E-005
  4.756549774116646E-005
  4.759792462100378E-005
  4.763018094601844E-005
  4.766226769781841E-005
  4.769418498739498E-005
  4.772593431487967E-005
  4.775751642270870E-005
  4.778893136898914E-005
  4.782018115853631E-005
  4.785126594682302E-005
  4.788218639756490E-005
  4.791294390862425E-005
  4.794353883391129E-005
  4.797397197936334E-005
  4.800424444386583E-005
  4.803435663081739E-005
  4.806430963765142E-005
  4.809410431602951E-005
  4.812374122752867E-005
  4.815322103237319E-005
  4.818254488488484E-005
  4.821171317094927E-005
  4.824072672444116E-005
  4.826958664093394E-005
  4.829829338732655E-005
  4.832684752186699E-005
  4.835525031704555E-005
  4.838350226555438E-005
  4.841160364869495E-005
  4.843955584602511E-005
  4.846735945029824E-005
  4.849501473741760E-005
  4.852252284523409E-005
  4.854988468880872E-005
  4.857710000659106E-005
  4.860417047953348E-005
  4.863109683240791E-005
  4.865787885153017E-005
  4.868451776830334E-005
  4.871101476680121E-005
  4.873736962341702E-005
  4.876358351279614E-005
  4.878965723533120E-005
  4.881559131539617E-005
  4.884138569519548E-005
  4.886704201012199E-005
  4.889256093419737E-005
  4.891794203841308E-005
  4.894318688857179E-005
  4.896829625999766E-005
  4.899327013552193E-005
  4.901810915057285E-005
  4.904281462037938E-005
  4.906738707649782E-005
  4.909182594837790E-005
  4.911613302747795E-005
  4.914030897843463E-005
  4.916435362133835E-005
  4.918826773644650E-005
  4.921205256016739E-005
  4.923570838232600E-005
  4.925923516779520E-005
  4.928263402046918E-005
  4.930590573622249E-005
  4.932905085056137E-005
  4.935206893213325E-005
  4.937496172626684E-005
  4.939772948194238E-005
  4.942037251341868E-005
  4.944289109124909E-005
  4.946528645632417E-005
  4.948755898813048E-005
  4.950970906433340E-005
  4.953173668995478E-005
  4.955364320662492E-005
  4.957542919114864E-005
  4.959709481594262E-005
  4.961863999405626E-005
  4.964006625788487E-005
  4.966137412927245E-005
  4.968256384502812E-005
  4.970363498142590E-005
  4.972458932152668E-005
  4.974542724288658E-005
  4.976614924732588E-005
  4.978675425430734E-005
  4.980724432299526E-005
  4.982761973052156E-005
  4.984788080148124E-005
  4.986802753482586E-005
  4.988806069099891E-005
  4.990798083054185E-005
  4.992778855434958E-005
  4.994748440467247E-005
  4.996706759506208E-005
  4.998653956879246E-005
  5.000590100273059E-005
  5.002515223394691E-005
  5.004429285820329E-005
  5.006332352267612E-005
  5.008224533450121E-005
  5.010105857114973E-005
  5.011976347957517E-005
  5.013835970865545E-005
  5.015684856272336E-005
  5.017523017144772E-005
  5.019350532759061E-005
  5.021167448887154E-005
  5.022973631085765E-005
  5.024769272989784E-005
  5.026554437620314E-005
  5.028329093894258E-005
  5.030093336215748E-005
  5.031847114267135E-005
  5.033590466534176E-005
  5.035323511921943E-005
  5.037046263763593E-005
  5.038758775801442E-005
  5.040461058849564E-005
  5.042153007421046E-005
  5.043834814915608E-005
  5.045506483496444E-005
  5.047168047950550E-005
  5.048819513827053E-005
  5.050460774888009E-005
  5.052091955974436E-005
  5.053713113500449E-005
  5.055324091925879E-005
  5.056924978728208E-005
  5.058515780552903E-005
  5.060096254087766E-005
  5.061666507134757E-005
  5.063226676566975E-005
  5.064776683207580E-005
  5.066316388267838E-005
  5.067845624086210E-005
  5.069364337044104E-005
  5.070872565272938E-005
  5.072370031567615E-005
  5.073857138145439E-005
  5.075333324147216E-005
  5.076798519723435E-005
  5.078253039473257E-005
  5.079696231274581E-005
  5.081128041109544E-005
  5.082548712558371E-005
  5.083957571553046E-005
  5.085355106127728E-005
  5.086741170644275E-005
  5.088115115620385E-005
  5.089477106157888E-005
  5.090827067159968E-005
  5.092164376755200E-005
  5.093489194550072E-005
  5.094801947239034E-005
  5.096101256993459E-005
  5.097387856945760E-005
  5.098661023954001E-005
  5.099921177596485E-005
  5.101167704763939E-005
  5.102400455658137E-005
  5.103619517372229E-005
  5.104824726060792E-005
  5.106015919261050E-005
  5.107192938237327E-005
  5.108355651255111E-005
  5.109503899420086E-005
  5.110637530360060E-005
  5.111756422990544E-005
  5.112860439119789E-005
  5.113949454060141E-005
  5.115023337574872E-005
  5.116081991214884E-005
  5.117125286060678E-005
  5.118153136458353E-005
  5.119165428322273E-005
  5.120162087637402E-005
  5.121142994231945E-005
  5.122109014928286E-005
  5.123058464431077E-005
  5.123992391916167E-005
  5.124909769055044E-005
  5.125811195011704E-005
  5.126697015173456E-005
  5.127566954431131E-005
  5.128420365400765E-005
  5.129258199153844E-005
  5.130079961458964E-005
  5.130886054474781E-005
  5.131676592109333E-005
  5.132451578706371E-005
  5.133210803972529E-005
  5.133954720194901E-005
  5.134683637528990E-005
  5.135397969622525E-005
  5.136097541972887E-005
  5.136782879090168E-005
  5.137454390464337E-005
  5.138112572136319E-005
  5.138757724578516E-005
  5.139390218938454E-005
  5.140010753970878E-005
  5.140619850374738E-005
  5.141218123269206E-005
  5.141806367234561E-005
  5.142385253252454E-005
  5.142955557613619E-005
  5.143518233005567E-005
  5.144074056192664E-005
  5.144624037777349E-005
  5.145169183075548E-005
  5.145710456461104E-005
  5.146249009126273E-005
  5.146785856847143E-005
  5.147322103238955E-005
  5.147858925440697E-005
  5.148397321528952E-005
  5.148938415457196E-005
  5.149483214916462E-005
  5.150032644585480E-005
  5.150587596058081E-005
  5.151148864789401E-005
  5.151717032227462E-005
  5.152292571043397E-005
  5.152875852525317E-005
  5.153466988675815E-005
  5.154065863383531E-005
  5.154672174887334E-005
  5.155285438402991E-005
  5.155904963737857E-005
  5.156529959166477E-005
  5.157159377208388E-005
  5.157792106394369E-005
  5.158426997600982E-005
  5.159062914877028E-005
  5.159698765434505E-005
  5.160333540937832E-005
  5.160966335085800E-005
  5.161596365441749E-005
  5.162222967246037E-005
  5.162845593099524E-005
  5.163463802014927E-005
  5.164077249231872E-005
  5.164685667655742E-005
  5.165288850269755E-005
  5.165886645953914E-005
  5.166478944795158E-005
  5.167065662552619E-005
  5.167646746284592E-005
  5.168222157489570E-005
  5.168791873797381E-005
  5.169355880827498E-005
  5.169914172371548E-005
  5.170466748764575E-005
  5.171013613509874E-005
  5.171554773642200E-005
  5.172090238332681E-005
  5.172620018608575E-005
  5.173144128383789E-005
  5.173662577416111E-005
  5.174175382202843E-005
  5.174682555824778E-005
  5.175184113962666E-005
  5.175680072821514E-005
  5.176170448922695E-005
  5.176655257178053E-005
  5.177134513502493E-005
  5.177608236057320E-005
  5.178076441511146E-005
  5.178539147757724E-005
  5.178996371553298E-005
  5.179448129723124E-005
  5.179894441517696E-005
  5.180335323061691E-005
  5.180770792888672E-005
  5.181200869246583E-005
  5.181625569957987E-005
  5.182044912754817E-005
  5.182458915587359E-005
  5.182867597813954E-005
  5.183270977102243E-005
  5.183669071756024E-005
  5.184061899593993E-005
  5.184449479314494E-005
  5.184831829471275E-005
  5.185208969459297E-005
  5.185580915912074E-005
  5.185947688065541E-005
  5.186309306643179E-005
  5.186665786704741E-005
  5.187017146951684E-005
  5.187363407904180E-005
  5.187704585917864E-005
  5.188040700213865E-005
  5.188371768650523E-005
  5.188697811104916E-005
  5.189018845131185E-005
  5.189334887712912E-005
  5.189645958357608E-005
  5.189952075178459E-005
  5.190253256878893E-005
  5.190549519093184E-005
  5.190840882716414E-005
  5.191127364765984E-005
  5.191408983576088E-005
  5.191685755689760E-005
  5.191957700327675E-005
  5.192224834867775E-005
  5.192487175584168E-005
  5.192744741245728E-005
  5.192997550720498E-005
  5.193245620306299E-005
  5.193488967945156E-005
  5.193727610512940E-005
  5.193961565586923E-005
  5.194190850185523E-005
  5.194415481397638E-005
  5.194635477283857E-005
  5.194850853407360E-005
  5.195061627504975E-005
  5.195267816307574E-005
  5.195469436087363E-005
  5.195666503469904E-005
  5.195859035273110E-005
  5.196047048566136E-005
  5.196230559085700E-005
  5.196409582985982E-005
  5.196584135907782E-005
  5.196754235268048E-005
  5.196919895407674E-005
  5.197081133254747E-005
  5.197237964201414E-005
  5.197390402869148E-005
  5.197538466024511E-005
  5.197682169291319E-005
  5.197821526724656E-005
  5.197956554190252E-005
  5.198087265373493E-005
  5.198213677109500E-005
  5.198335802572037E-005
  5.198453656681547E-005
  5.198567253421994E-005
  5.198676607925992E-005
  5.198781734068288E-005
  5.198882645899159E-005
  5.198979356242418E-005
  5.199071879931827E-005
  5.199160230028335E-005
  5.199244419014848E-005
  5.199324461325449E-005
  5.199400369771938E-005
  5.199472156232063E-005
  5.199539834044342E-005
  5.199603415882861E-005
  5.199662913302942E-005
  5.199718338773169E-005
  5.199769703816544E-005
  5.199817020103201E-005
  5.199860299378099E-005
  5.199899552167639E-005
  5.199934790311981E-005
  5.199966023605634E-005
  5.199993263009307E-005
  5.200016518425886E-005
  5.200035800274339E-005
  5.200051118254035E-005
  5.200062481424454E-005
  5.200069899346585E-005
  5.200073380752562E-005
  5.200072934256177E-005
  5.200068568040504E-005
  5.200060290180983E-005
  5.200048108338866E-005
  5.200032029806790E-005
  5.200012061715453E-005
  5.199988210407227E-005
  5.199960482359144E-005
  5.199928883626805E-005
  5.199893419347357E-005
  5.199854094505914E-005
  5.199810914077737E-005
  5.199763882552117E-005
  5.199713002835483E-005
  5.199658279262019E-005
  5.199599713674528E-005
  5.199537309469559E-005
  5.199471067008370E-005
  5.199400988251253E-005
  5.199327075600970E-005
  5.199249326159594E-005
  5.199167742021915E-005
  5.199082320349603E-005
  5.198993061125383E-005
  5.198899959638103E-005
  5.198803014999303E-005
  5.198702222200038E-005
  5.198597577082399E-005
  5.198489073799131E-005
  5.198376705153857E-005
  5.198260465141783E-005
  5.198140347814571E-005
  5.198016339879852E-005
  5.197888433433196E-005
  5.197756618391234E-005
  5.197620881376926E-005
  5.197481210716658E-005
  5.197337591384198E-005
  5.197190025294303E-005
  5.197038470987362E-005
  5.196882919885071E-005
  5.196723349054836E-005
  5.196559743174623E-005
  5.196392063848991E-005
  5.196220305704129E-005
  5.196044433417511E-005
  5.195864407516751E-005
  5.195680238294163E-005
  5.195491866432081E-005
  5.195299314131183E-005
  5.195102534333543E-005
  5.194901432245170E-005
  5.194695984260226E-005
  5.194486146420665E-005
  5.194271882806442E-005
  5.194053137625268E-005
  5.193829866495931E-005
  5.193602024903910E-005
  5.193369560067295E-005
  5.193132401487656E-005
  5.192890501014355E-005
  5.192643797384647E-005
  5.192392217590799E-005
  5.192135685959371E-005
  5.191874150834875E-005
  5.191607516312614E-005
  5.191335715479150E-005
  5.191058631919565E-005
  5.190776203503797E-005
  5.190488328975819E-005
  5.190194912002999E-005
  5.189895851925068E-005
  5.189591086308742E-005
  5.189280457609808E-005
  5.188963822503051E-005
  5.188641081505609E-005
  5.188312102086335E-005
  5.187976756587921E-005
  5.187634854008200E-005
  5.187286420761055E-005
  5.186931297221844E-005
  5.186569161818069E-005
  5.186199918622506E-005
  5.185823339389220E-005
  5.185439258783536E-005
  5.185047533318247E-005
  5.184647937327501E-005
  5.184240316624691E-005
  5.183824454799774E-005
  5.183400131446668E-005
  5.182967123263436E-005
  5.182525193993708E-005
  5.182074122665719E-005
  5.181613686369291E-005
  5.181143673965984E-005
  5.180664052829429E-005
  5.180174308518322E-005
  5.179674221964022E-005
  5.179163530700639E-005
  5.178641922805136E-005
  5.178109127596511E-005
  5.177564879939288E-005
  5.177008896704948E-005
  5.176440905677108E-005
  5.175860629437462E-005
  5.175268010727353E-005
  5.174662782701622E-005
  5.174044419887037E-005
  5.173412658716220E-005
  5.172767233274637E-005
  5.172107887344886E-005
  5.171434400210519E-005
  5.170746563443791E-005
  5.170044096812456E-005
  5.169327274359200E-005
  5.168595359766266E-005
  5.167848256484923E-005
  5.167085819127127E-005
  5.166307905197072E-005
  5.165514379162177E-005
  5.164705188976491E-005
  5.163880793037317E-005
  5.163041026317568E-005
  5.162185804886570E-005
  5.161315165410184E-005
  5.160429076810720E-005
  5.159527764246925E-005
  5.158611624130024E-005
  5.157681544044409E-005
  5.156737135209529E-005
  5.155778964084601E-005
  5.154807510348558E-005
  5.153823251365418E-005
  5.152826866390056E-005
  5.151819501718905E-005
  5.150802086068070E-005
  5.149775089130021E-005
  5.148739408147081E-005
  5.147696447907769E-005
  5.146647236072628E-005
  5.145593108369489E-005
  5.144535950245902E-005
  5.143477508205760E-005
  5.142418892321845E-005
  5.141362164959731E-005
  5.140308981022207E-005
  5.139261072018624E-005
  5.138220502038474E-005
  5.137189568376815E-005
  5.136170466509812E-005
  5.135165813355675E-005
  5.134178095091957E-005
  5.133210724068483E-005
  5.132266017564639E-005
  5.131346329704139E-005
  5.130454132525840E-005
  5.129593366768202E-005
  5.128765975726457E-005
  5.127974610333116E-005
  5.127223080874827E-005
  5.126513393013459E-005
  5.125849259886388E-005
  5.125233015556481E-005
  5.124667046974910E-005
  5.124153308668194E-005
  5.123694872609823E-005
  5.123293914944700E-005
  5.122952256383050E-005
  5.122671382528491E-005
  5.122452283861741E-005
  5.122295747882102E-005
  5.122201279880952E-005
  5.122169120542013E-005
  5.122199305623034E-005
  5.122290110258490E-005
  5.122439408388320E-005
  5.122644209496800E-005
  5.122902259541455E-005
  5.123209449299882E-005
  5.123560101550316E-005
  5.123949566493001E-005
  5.124371887356789E-005
  5.124819020435233E-005
  5.125284447071391E-005
  5.125759918571580E-005
  5.126235601166616E-005
  5.126703620066555E-005
  5.127154252103748E-005
  5.127577195565954E-005
  5.127964029951276E-005
  5.128305200344130E-005
  5.128591762756316E-005
  5.128816570753951E-005
  5.128973073440760E-005
  5.129055002409279E-005
  5.129059675808754E-005
  5.128984867847750E-005
  5.128831354858242E-005
  5.128600947869194E-005
  5.128297011083806E-005
  5.127924843260194E-005
  5.127491874988988E-005
  5.127005303509277E-005
  5.126472411069471E-005
  5.125900161521728E-005
  5.125294913305115E-005
  5.124662300025771E-005
  5.124006888447170E-005
  5.123332424542797E-005
  5.122641882250859E-005
  5.121937478312906E-005
  5.121220894339799E-005
  5.120493402810949E-005
  5.119755914782706E-005
  5.119009091050555E-005
  5.118302413781559E-005
  5.117602742848853E-005
  5.116895276074229E-005
  5.116180253869820E-005
  5.115457830421326E-005
  5.114728147774133E-005
  5.113991314815567E-005
  5.113247411144031E-005
  5.112496530843396E-005
  5.111738723859769E-005
  5.110974042015896E-005
  5.110202527689008E-005
  5.109424211813226E-005
  5.108639120845713E-005
  5.107847274374366E-005
  5.107048685385761E-005
  5.106243356604757E-005
  5.105431299527097E-005
  5.104612194324885E-005
  5.103786604913664E-005
  5.102953163860483E-005
  5.102113623008675E-005
  5.101267657351479E-005
  5.100415009979788E-005
  5.099555582353852E-005
  5.098689331276984E-005
  5.097816205817982E-005
  5.096936181191836E-005
  5.096049243960569E-005
  5.095155326783477E-005
  5.094254445607355E-005
  5.093346513846714E-005
  5.092431515921513E-005
  5.091509411947465E-005
  5.090580161655313E-005
  5.089643716691143E-005
  5.088700052673361E-005
  5.087749084416674E-005
  5.086790827771058E-005
  5.085825177780284E-005
  5.084852088844732E-005
  5.083871559410162E-005
  5.082883497216991E-005
  5.081887851918400E-005
  5.080884577747460E-005
  5.079873637535075E-005
  5.078854975816665E-005
  5.077828489933703E-005
  5.076794161592902E-005
  5.075751928213010E-005
  5.074701749144242E-005
  5.073643503031355E-005
  5.072577173442413E-005
  5.071502738397917E-005
  5.070420066444222E-005
  5.069329116438328E-005
  5.068229843555414E-005
  5.067122164924035E-005
  5.066006011151708E-005
  5.064881314264910E-005
  5.063748017576030E-005
  5.062606040230042E-005
  5.061455373489524E-005
  5.060295841880116E-005
  5.059127484315905E-005
  5.057950088760872E-005
  5.056763718183082E-005
  5.055568251066235E-005
  5.054363590687453E-005
  5.053149692663959E-005
  5.051926445143058E-005
  5.050693827046066E-005
  5.049451751741311E-005
  5.048200091000650E-005
  5.046938828195568E-005
  5.045667820695425E-005
  5.044387049234645E-005
  5.043096382649457E-005
  5.041795881688405E-005
  5.040485240912137E-005
  5.039164485600289E-005
  5.037833500399729E-005
  5.036492231745598E-005
  5.035140562648603E-005
  5.033778290593620E-005
  5.032405650158992E-005
  5.031022331274915E-005
  5.029628337401229E-005
  5.028223512571515E-005
  5.026807828944655E-005
  5.025381105439345E-005
  5.023943238874580E-005
  5.022494306958691E-005
  5.021033990289157E-005
  5.019562372376729E-005
  5.018079279952394E-005
  5.016584487741893E-005
  5.015078159183079E-005
  5.013560055485516E-005
  5.012030031832774E-005
  5.010488156368257E-005
  5.008934047852831E-005
  5.007367898640952E-005
  5.005789347002516E-005
  5.004198447395797E-005
  5.002595187833047E-005
  5.000979167028812E-005
  4.999350517836391E-005
  4.997709206262497E-005
  4.996054877706748E-005
  4.994387284412623E-005
  4.992706810116735E-005
  4.991012954989360E-005
  4.989305797191937E-005
  4.987585110718194E-005
  4.985850907151469E-005
  4.984102958633734E-005
  4.982341099503553E-005
  4.980565256449402E-005
  4.978775291518053E-005
  4.976971513219675E-005
  4.975152831725852E-005
  4.973320064810851E-005
  4.971472730921171E-005
  4.969610496370429E-005
  4.967733523750997E-005
  4.965841756489281E-005
  4.963934554935871E-005
  4.962012300184634E-005
  4.960074815671321E-005
  4.958121797154194E-005
  4.956152885287009E-005
  4.954168522531222E-005
  4.952168054011728E-005
  4.950151526463562E-005
  4.948119055653514E-005
  4.946069827995955E-005
  4.944004552665489E-005
  4.941922596870205E-005
  4.939823655207033E-005
  4.937707698067741E-005
  4.935574812330622E-005
  4.933424706755274E-005
  4.931257423212773E-005
  4.929072070108620E-005
  4.926869498785566E-005
  4.924648924210942E-005
  4.922410257992668E-005
  4.920153320866791E-005
  4.917878234493079E-005
  4.915584475396190E-005
  4.913271972694688E-005
  4.910940949142400E-005
  4.908590481069313E-005
  4.906220455924437E-005
  4.903832100004062E-005
  4.901423554814347E-005
  4.898995093254319E-005
  4.896546854511598E-005
  4.894077442113116E-005
  4.891589472097547E-005
  4.889080319294548E-005
  4.886550258891870E-005
  4.883998917178343E-005
  4.881427047872858E-005
  4.878834100780997E-005
  4.876218802312848E-005
  4.873581668510023E-005
  4.870922109940240E-005
  4.868241239911019E-005
  4.865537197038410E-005
  4.862810682779574E-005
  4.860060803377420E-005
  4.857287225224546E-005
  4.854491093919487E-005
  4.851671022475575E-005
  4.848825627494917E-005
  4.845957024472074E-005
  4.843083353816622E-005
  4.840168191603010E-005
  4.837225700937714E-005
  4.834240100285463E-005
  4.831238371780596E-005
  4.828222651064232E-005
  4.825183231420892E-005
  4.822120175075598E-005
  4.819033269017976E-005
  4.815920518430388E-005
  4.812786767600618E-005
  4.809629725051943E-005
  4.806450897768860E-005
  4.803250049043434E-005
  4.800029841150586E-005
  4.796787968172487E-005
  4.793529439428455E-005
  4.790254954535404E-005
  4.786967155963636E-005
  4.783667350714032E-005
  4.780362447663803E-005
  4.777055378871482E-005
  4.773753373955382E-005
  4.770464565199305E-005
  4.767201852560009E-005
  4.763974064264949E-005
  4.760799922264164E-005
  4.757700538574077E-005
  4.754704572538425E-005
  4.751846336978013E-005
  4.749168286290824E-005
  4.746728040673663E-005
  4.744590950074481E-005
  4.742844920606680E-005
  4.741562558553721E-005
  4.740435433521768E-005
  4.739382561008119E-005
  4.738408196474972E-005
  4.737521000463354E-005
  4.736715449093511E-005
  4.735988562160384E-005
  4.735328810540975E-005
  4.734747033171140E-005
  4.734258003836467E-005
  4.733859272325417E-005
  4.733547323143165E-005
  4.733333860391933E-005
  4.733206176242836E-005
  4.733181625313108E-005
  4.733244845924469E-005
  4.733413033275540E-005
  4.733674144638042E-005
  4.734039382078344E-005
  4.734503546859543E-005
  4.735071779627799E-005
  4.735745896879204E-005
  4.736492697479486E-005
  4.737325656658502E-005
  4.738265100747598E-005
  4.739303159784481E-005
  4.740449121436467E-005
  4.741702198581507E-005
  4.743044298567280E-005
  4.744486548279973E-005
  4.746035806626054E-005
  4.747674210738043E-005
  4.749421603628707E-005
  4.751262869192917E-005
  4.753208477829587E-005
  4.755248065001947E-005
  4.757388531129549E-005
  4.759629769808136E-005
  4.761964059141129E-005
  4.764398542341237E-005
  4.766930535548172E-005
  4.769554893793751E-005
  4.772274498052045E-005
  4.775088566808592E-005
  4.777993923294860E-005
  4.780988934349364E-005
  4.784074507078098E-005
  4.787244899533624E-005
  4.790501025112102E-005
  4.793839128098350E-005
  4.797257866061265E-005
  4.800755207176867E-005
  4.804326330157467E-005
  4.807970475217783E-005
  4.811682607711729E-005
  4.815460873799686E-005
  4.819301555506546E-005
  4.823199879635222E-005
  4.827152107222778E-005
  4.831154720495859E-005
  4.835202890020771E-005
  4.839293345248334E-005
  4.843420558049018E-005
  4.847577783322220E-005
  4.851762200454018E-005
  4.855965894859391E-005
  4.860185076997264E-005
  4.864412823907693E-005
  4.868642669353084E-005
  4.872869471000863E-005
  4.877086298219552E-005
  4.881285614707039E-005
  4.885462127987006E-005
  4.889606257483044E-005
  4.883073793657790E-005
  4.873959978929047E-005
  4.864757507845706E-005
  4.855463910761431E-005
  4.846076366780391E-005
  4.836592264915700E-005
  4.827008207082257E-005
  4.817320812127760E-005
  4.807526916459023E-005
  4.797622339792273E-005
  4.787603238149800E-005
  4.777465665442321E-005
  4.767205061223692E-005
  4.756816569686809E-005
  4.746295487461005E-005
  4.735636779086019E-005
  4.724835335463693E-005
  4.713885745429754E-005
  4.702781876498594E-005
  4.691517701557190E-005
  4.680087121007480E-005
  4.668483742548324E-005
  4.656700755302630E-005
  4.644730970444676E-005
  4.632567468433462E-005
  4.620202590879693E-005
  4.607628532731472E-005
  4.594837395820659E-005
  4.581820927427161E-005
  4.568570633659301E-005
  4.555077745242593E-005
  4.541333022523523E-005
  4.527326961896311E-005
  4.513049742222333E-005
  4.498491587109246E-005
  4.483642295523961E-005
  4.468490641193354E-005
  4.453025686281243E-005
  4.437236448971012E-005
  4.421111245206100E-005
  4.404637838322650E-005
  4.387803988214223E-005
  4.370596659734267E-005
  4.353003340858183E-005
  4.335009915961412E-005
  4.316602880911314E-005
  4.297768178255442E-005
  4.278491121052495E-005
  4.258756788248330E-005
  4.238549920410169E-005
  4.217854922918117E-005
  4.196655398343204E-005
  4.174935144736266E-005
  4.152677038032698E-005
  4.129863909764108E-005
  4.106478279744583E-005
  4.082501560673574E-005
  4.057915435091618E-005
  4.032701342434772E-005
  4.006840118807031E-005
  3.980312444950533E-005
  3.953098310311942E-005
  3.925177839812483E-005
  3.896530224138511E-005
  3.867135366731600E-005
  3.836971715459723E-005
  3.806017639164249E-005
  3.774252492115672E-005
  3.741653819951923E-005
  3.708200562790828E-005
  3.673870316995298E-005
  3.638641200437695E-005
  3.602491412670168E-005
  3.565399025908795E-005
  3.527341360391002E-005
  3.488297945047236E-005
  3.448246258733181E-005
  3.407165419804257E-005
  3.365033316077430E-005
  3.321830847103081E-005
  3.277536729115704E-005
  3.232131850194517E-005
  3.185598996791213E-005
  3.137916748137375E-005
  3.089070028838400E-005
  3.039042218430602E-005
  2.987815131832166E-005
  2.935380051997592E-005
  2.881727149994840E-005
  2.826828299763949E-005
  2.770690864059928E-005
  2.713302521521679E-005
  2.654656592914865E-005
  2.594722483437132E-005
  2.533530404107777E-005
  2.470984471332965E-005
  2.407213091594945E-005
