  2.859253580064177E-005
  5.054284230155878E-006
  3.101298128093236E-006
  3.054573024384181E-006
  1.260507488813211E-006
  1.462313046761384E-006
  1.200000017881393E-006
  1.699688184012558E-007
  1.200000017881393E-006
  1.200000017881393E-006
  1.200000017881393E-006
  1.200000017881393E-006
  1.200000017881393E-006
  1.200000017881393E-006
  1.200000017881393E-006
  1.200000017881393E-006
  1.200000017881393E-006
  1.200000017881393E-006
  1.200000017881393E-006
  1.200000017881393E-006
  1.200000017881393E-006
  1.200000017881393E-006
  1.200000017881393E-006
  1.200000017881393E-006
  1.200000017881393E-006
  1.200000017881393E-006
  1.200000017881393E-006
  1.200000017881393E-006
  1.200000017881393E-006
  1.200000017881393E-006
  1.200000017881393E-006
  1.200000017881393E-006
  1.200000017881393E-006
  1.200000017881393E-006
  1.200000017881393E-006
  1.200000017881393E-006
  1.200000017881393E-006
  1.200000017881393E-006
  1.200000017881393E-006
  1.200000017881393E-006
  1.200000017881393E-006
  1.200000017881393E-006
  1.200000017881393E-006
  1.200000017881393E-006
  1.200000017881393E-006
  1.200000017881393E-006
  1.200000017881393E-006
  1.200000017881393E-006
  1.200000017881393E-006
  1.200000017881393E-006
  1.200000017881393E-006
  1.200000017881393E-006
  1.200000017881393E-006
  1.200000017881393E-006
  1.200000017881393E-006
  1.200000017881393E-006
  1.200000017881393E-006
  1.200000017881393E-006
  1.200000017881393E-006
  1.200000017881393E-006
  1.200000017881393E-006
  1.200000017881393E-006
  1.200000017881393E-006
  1.200000017881393E-006
  1.200000017881393E-006
  1.200000017881393E-006
  1.200000017881393E-006
  1.200000017881393E-006
  1.200000017881393E-006
  1.200000017881393E-006
  1.200000017881393E-006
  1.200000017881393E-006
  1.200000017881393E-006
  1.200000017881393E-006
  1.200000017881393E-006
  1.200000017881393E-006
  1.200000017881393E-006
  1.200000017881393E-006
  1.200000017881393E-006
  1.200000017881393E-006
  1.200000017881393E-006
  1.200000017881393E-006
  1.200000017881393E-006
  1.200000017881393E-006
  1.200000017881393E-006
  1.200000017881393E-006
  1.200000017881393E-006
  1.200000017881393E-006
  1.200000017881393E-006
  1.200000017881393E-006
  1.200000017881393E-006
  1.200000017881393E-006
  1.200000017881393E-006
  1.200000017881393E-006
  1.200000017881393E-006
  1.200000017881393E-006
  1.200000017881393E-006
  1.200000017881393E-006
  1.200000017881393E-006
  1.200000017881393E-006
  1.200000017881393E-006
  1.200000017881393E-006
  1.200000017881393E-006
  1.200000017881393E-006
  1.200000017881393E-006
  1.200000017881393E-006
  1.200000017881393E-006
  1.200000017881393E-006
  1.200000017881393E-006
  1.200000017881393E-006
  1.200000017881393E-006
  1.200000017881393E-006
  1.200000017881393E-006
  1.200000017881393E-006
  1.200000017881393E-006
  1.200000017881393E-006
  1.200000017881393E-006
  1.200000017881393E-006
  1.200000017881393E-006
  1.200000017881393E-006
  1.200000017881393E-006
  1.200000017881393E-006
  1.200000017881393E-006
  1.200000017881393E-006
  1.200000017881393E-006
  1.200000017881393E-006
  1.200000017881393E-006
  1.200000017881393E-006
  1.200000017881393E-006
  1.200000017881393E-006
  1.200000017881393E-006
  1.200000017881393E-006
  1.200000017881393E-006
  1.200000017881393E-006
  1.200000017881393E-006
  1.200000017881393E-006
  1.200000017881393E-006
  1.200000017881393E-006
  1.200000017881393E-006
  1.200000017881393E-006
  1.200000017881393E-006
  1.200000017881393E-006
  1.200000017881393E-006
  1.200000017881393E-006
  1.200000017881393E-006
  1.200000017881393E-006
  1.200000017881393E-006
  1.200000017881393E-006
  1.200000017881393E-006
  1.200000017881393E-006
  1.200000017881393E-006
  1.200000017881393E-006
  1.200000017881393E-006
  1.200000017881393E-006
  1.200000017881393E-006
  1.200000017881393E-006
  1.200000017881393E-006
  1.200000017881393E-006
  1.200000017881393E-006
  1.200000017881393E-006
  1.200000017881393E-006
  1.200000017881393E-006
  1.200000017881393E-006
  1.200000017881393E-006
  1.200000017881393E-006
  1.200000017881393E-006
  1.200000017881393E-006
  1.200000017881393E-006
  1.200000017881393E-006
  1.200000017881393E-006
  1.200000017881393E-006
  1.200000017881393E-006
  1.200000017881393E-006
  1.200000017881393E-006
  1.200000017881393E-006
  1.200000017881393E-006
  1.200000017881393E-006
  1.200000017881393E-006
  1.200000017881393E-006
  1.200000017881393E-006
  1.200000017881393E-006
  1.200000017881393E-006
  1.200000017881393E-006
  1.200000017881393E-006
  1.200000017881393E-006
  1.200000017881393E-006
  1.200000017881393E-006
  1.200000017881393E-006
  1.200000017881393E-006
  1.200000017881393E-006
  1.200000017881393E-006
  1.200000017881393E-006
  1.200000017881393E-006
  1.200000017881393E-006
  1.200000017881393E-006
  1.200000017881393E-006
  1.200000017881393E-006
  1.200000017881393E-006
  1.200000017881393E-006
  1.200000017881393E-006
  1.200000017881393E-006
  1.200000017881393E-006
  1.200000017881393E-006
  1.200000017881393E-006
  1.200000017881393E-006
  1.200000017881393E-006
  1.200000017881393E-006
  1.200000017881393E-006
  1.200000017881393E-006
  1.200000017881393E-006
  1.200000017881393E-006
  1.200000017881393E-006
  1.200000017881393E-006
  1.200000017881393E-006
  1.200000017881393E-006
  1.200000017881393E-006
  1.200000017881393E-006
  1.200000017881393E-006
  1.200000017881393E-006
  1.200000017881393E-006
  1.200000017881393E-006
  1.200000017881393E-006
  1.200000017881393E-006
  1.200000017881393E-006
  1.200000017881393E-006
  1.200000017881393E-006
  1.200000017881393E-006
  1.200000017881393E-006
  1.200000017881393E-006
  1.200000017881393E-006
  1.200000017881393E-006
  1.200000017881393E-006
  1.200000017881393E-006
  1.200000017881393E-006
  1.200000017881393E-006
  1.200000017881393E-006
  1.200000017881393E-006
  1.200000017881393E-006
  1.200000017881393E-006
  1.200000017881393E-006
  1.200000017881393E-006
  1.200000017881393E-006
  1.200000017881393E-006
  1.200000017881393E-006
  1.200000017881393E-006
  1.200000017881393E-006
  1.200000017881393E-006
  1.200000017881393E-006
  1.200000017881393E-006
  1.200000017881393E-006
  1.200000017881393E-006
  1.200000017881393E-006
  1.200000017881393E-006
  1.200000017881393E-006
  1.200000017881393E-006
  1.200000017881393E-006
  1.200000017881393E-006
  1.200000017881393E-006
  1.200000017881393E-006
  1.200000017881393E-006
  1.200000017881393E-006
  1.200000017881393E-006
  1.200000017881393E-006
  1.200000017881393E-006
  1.200000017881393E-006
  1.200000017881393E-006
  1.200000017881393E-006
  1.200000017881393E-006
  1.200000017881393E-006
  1.200000017881393E-006
  1.200000017881393E-006
  1.200000017881393E-006
  1.200000017881393E-006
  1.200000017881393E-006
  1.200000017881393E-006
  1.200000017881393E-006
  1.200000017881393E-006
  1.200000017881393E-006
  1.200000017881393E-006
  1.200000017881393E-006
  1.200000017881393E-006
  1.200000017881393E-006
  1.200000017881393E-006
  1.200000017881393E-006
  1.200000017881393E-006
  1.200000017881393E-006
  1.200000017881393E-006
  1.200000017881393E-006
  1.200000017881393E-006
  1.200000017881393E-006
  1.200000017881393E-006
  1.200000017881393E-006
  1.200000017881393E-006
  1.200000017881393E-006
  1.200000017881393E-006
  1.200000017881393E-006
  1.200000017881393E-006
  1.200000017881393E-006
  1.200000017881393E-006
  1.200000017881393E-006
  1.200000017881393E-006
  1.200000017881393E-006
  1.200000017881393E-006
  1.200000017881393E-006
  1.200000017881393E-006
  1.200000017881393E-006
  1.200000017881393E-006
  1.200000017881393E-006
  1.200000017881393E-006
  1.200000017881393E-006
  1.200000017881393E-006
  1.200000017881393E-006
  1.200000017881393E-006
  1.200000017881393E-006
  1.200000017881393E-006
  1.200000017881393E-006
  1.200000017881393E-006
  1.200000017881393E-006
  1.200000017881393E-006
  1.200000017881393E-006
  1.200000017881393E-006
  1.200000017881393E-006
  1.200000017881393E-006
  1.200000017881393E-006
  1.200000017881393E-006
  1.200000017881393E-006
  1.200000017881393E-006
  1.200000017881393E-006
  1.200000017881393E-006
  1.200000017881393E-006
  1.200000017881393E-006
  1.200000017881393E-006
  1.200000017881393E-006
  1.200000017881393E-006
  1.200000017881393E-006
  1.200000017881393E-006
  1.200000017881393E-006
  1.200000017881393E-006
  1.200000017881393E-006
  1.200000017881393E-006
  1.200000017881393E-006
  1.200000017881393E-006
  1.200000017881393E-006
  1.200000017881393E-006
  1.200000017881393E-006
  1.200000017881393E-006
  1.200000017881393E-006
  1.200000017881393E-006
  1.200000017881393E-006
  1.200000017881393E-006
  1.200000017881393E-006
  1.200000017881393E-006
  1.200000017881393E-006
  1.200000017881393E-006
  1.200000017881393E-006
  1.200000017881393E-006
  1.200000017881393E-006
  1.200000017881393E-006
  1.200000017881393E-006
  1.200000017881393E-006
  1.200000017881393E-006
  1.200000017881393E-006
  1.200000017881393E-006
  1.200000017881393E-006
  1.200000017881393E-006
  1.200000017881393E-006
  1.200000017881393E-006
  1.200000017881393E-006
  1.200000017881393E-006
  1.200000017881393E-006
  1.200000017881393E-006
  1.200000017881393E-006
  1.200000017881393E-006
  1.200000017881393E-006
  1.200000017881393E-006
  1.200000017881393E-006
  1.200000017881393E-006
  1.200000017881393E-006
  1.200000017881393E-006
  1.200000017881393E-006
  1.200000017881393E-006
  1.200000017881393E-006
  1.200000017881393E-006
  1.200000017881393E-006
  1.200000017881393E-006
  1.200000017881393E-006
  1.200000017881393E-006
  1.200000017881393E-006
  1.200000017881393E-006
  1.200000017881393E-006
  1.200000017881393E-006
  1.200000017881393E-006
  1.200000017881393E-006
  1.200000017881393E-006
  1.200000017881393E-006
  1.200000017881393E-006
  1.200000017881393E-006
  1.200000017881393E-006
  1.200000017881393E-006
  1.200000017881393E-006
  1.200000017881393E-006
  1.200000017881393E-006
  1.200000017881393E-006
  1.200000017881393E-006
  1.200000017881393E-006
  1.200000017881393E-006
  1.200000017881393E-006
  1.200000017881393E-006
  1.200000017881393E-006
  1.200000017881393E-006
  1.200000017881393E-006
  1.200000017881393E-006
  1.200000017881393E-006
  1.200000017881393E-006
  1.200000017881393E-006
  1.200000017881393E-006
  1.200000017881393E-006
  1.200000017881393E-006
  1.200000017881393E-006
  1.200000017881393E-006
  1.200000017881393E-006
  1.200000017881393E-006
  1.200000017881393E-006
  1.200000017881393E-006
  1.200000017881393E-006
  1.200000017881393E-006
  1.200000017881393E-006
  1.200000017881393E-006
  1.200000017881393E-006
  1.200000017881393E-006
  1.200000017881393E-006
  1.200000017881393E-006
  1.200000017881393E-006
  1.200000017881393E-006
  1.200000017881393E-006
  1.200000017881393E-006
  1.200000017881393E-006
  1.200000017881393E-006
  1.200000017881393E-006
  1.200000017881393E-006
  1.200000017881393E-006
  1.200000017881393E-006
  1.200000017881393E-006
  1.200000017881393E-006
  1.200000017881393E-006
  1.200000017881393E-006
  1.200000017881393E-006
  1.200000017881393E-006
  1.200000017881393E-006
  1.200000017881393E-006
  1.200000017881393E-006
  1.200000017881393E-006
  1.200000017881393E-006
  1.200000017881393E-006
  1.200000017881393E-006
  1.200000017881393E-006
  1.200000017881393E-006
  1.200000017881393E-006
  1.200000017881393E-006
  1.200000017881393E-006
  1.200000017881393E-006
  1.200000017881393E-006
  1.200000017881393E-006
  1.200000017881393E-006
  1.200000017881393E-006
  1.200000017881393E-006
  1.200000017881393E-006
  1.200000017881393E-006
  1.200000017881393E-006
  1.200000017881393E-006
  1.200000017881393E-006
  1.200000017881393E-006
  1.200000017881393E-006
  1.200000017881393E-006
  1.200000017881393E-006
  1.200000017881393E-006
  1.200000017881393E-006
  1.200000017881393E-006
  1.200000017881393E-006
  1.200000017881393E-006
  1.200000017881393E-006
  1.200000017881393E-006
  1.200000017881393E-006
  1.200000017881393E-006
  1.200000017881393E-006
  1.200000017881393E-006
  1.200000017881393E-006
  1.200000017881393E-006
  1.200000017881393E-006
  1.200000017881393E-006
  1.200000017881393E-006
  1.200000017881393E-006
  1.200000017881393E-006
  1.200000017881393E-006
  1.200000017881393E-006
  1.200000017881393E-006
  1.200000017881393E-006
  1.200000017881393E-006
  1.200000017881393E-006
  1.200000017881393E-006
  1.200000017881393E-006
  1.200000017881393E-006
  1.200000017881393E-006
  1.200000017881393E-006
  1.200000017881393E-006
  1.200000017881393E-006
  1.200000017881393E-006
  1.200000017881393E-006
  1.200000017881393E-006
  1.200000017881393E-006
  1.200000017881393E-006
  1.200000017881393E-006
  1.200000017881393E-006
  1.200000017881393E-006
  1.200000017881393E-006
  1.200000017881393E-006
  1.200000017881393E-006
  1.200000017881393E-006
  1.200000017881393E-006
  1.200000017881393E-006
  1.200000017881393E-006
  1.200000017881393E-006
  1.200000017881393E-006
  1.200000017881393E-006
  1.200000017881393E-006
  1.200000017881393E-006
  1.200000017881393E-006
  1.200000017881393E-006
  1.200000017881393E-006
  1.200000017881393E-006
  1.200000017881393E-006
  1.200000017881393E-006
  1.200000017881393E-006
  1.200000017881393E-006
  1.200000017881393E-006
  1.200000017881393E-006
  1.200000017881393E-006
  1.200000017881393E-006
  1.200000017881393E-006
  1.200000017881393E-006
  1.200000017881393E-006
  1.200000017881393E-006
  1.200000017881393E-006
  1.200000017881393E-006
  1.200000017881393E-006
  1.200000017881393E-006
  1.200000017881393E-006
  1.200000017881393E-006
  1.200000017881393E-006
  1.200000017881393E-006
  1.200000017881393E-006
  1.200000017881393E-006
  1.200000017881393E-006
  1.200000017881393E-006
  1.200000017881393E-006
  1.200000017881393E-006
  1.200000017881393E-006
  1.200000017881393E-006
  1.200000017881393E-006
  1.200000017881393E-006
  1.200000017881393E-006
  1.200000017881393E-006
  1.200000017881393E-006
  1.200000017881393E-006
  1.200000017881393E-006
  1.200000017881393E-006
  1.200000017881393E-006
  1.200000017881393E-006
  1.200000017881393E-006
  1.200000017881393E-006
  1.200000017881393E-006
  1.200000017881393E-006
  1.200000017881393E-006
  1.200000017881393E-006
  1.200000017881393E-006
  1.200000017881393E-006
  1.200000017881393E-006
  1.200000017881393E-006
  1.200000017881393E-006
  5.047342136472203E-008
  2.175888547994092E-007
  3.848727786953298E-007
  5.523274229578532E-007
  7.199495310038928E-007
  8.877340701456830E-007
  1.055675247957458E-006
  1.223767791965531E-006
  1.392006356873887E-006
  1.560384665686309E-006
  1.728897560888848E-006
  1.897539268400859E-006
  2.066303762604699E-006
  2.235185873540920E-006
  2.404179613161308E-006
  2.573279593825457E-006
  2.742480035149867E-006
  2.911775113998236E-006
  3.081159131923514E-006
  3.250626504054179E-006
  3.420170695623574E-006
  3.589786969655197E-006
  3.759469247886049E-006
  3.929212459220659E-006
  4.099011389294306E-006
  4.268856594418744E-006
  4.438745934127241E-006
  4.608672607486948E-006
  4.778631532979536E-006
  4.948616672505232E-006
  5.118621347976283E-006
  5.288641179526869E-006
  5.458670002433580E-006
  5.628702270102134E-006
  5.798731647307204E-006
  5.968753450709906E-006
  6.138761475010859E-006
  6.308749919246001E-006
  6.478713419928584E-006
  6.648646753549435E-006
  6.818543536313701E-006
  6.988398553277596E-006
  7.158206462735507E-006
  7.327961208845546E-006
  7.497657497777562E-006
  7.667289925228713E-006
  7.836852658820093E-006
  8.006340503090939E-006
  8.175747735604617E-006
  8.345069499225975E-006
  8.514299966623359E-006
  8.683432976628459E-006
  8.852464565681183E-006
  9.021388101607947E-006
  9.190198962115592E-006
  9.358891537551023E-006
  9.527461213274405E-006
  9.695901967344620E-006
  9.864208607167923E-006
  1.003237629409223E-005
  1.020039884189311E-005
  1.036827236839782E-005
  1.053599181112907E-005
  1.070355117880850E-005
  1.087094564587108E-005
  1.103817014257553E-005
  1.120522023540949E-005
  1.137208994207662E-005
  1.153877549516507E-005
  1.170527068751229E-005
  1.187157240404406E-005
  1.203767359615063E-005
  1.220357094477341E-005
  1.236925978847730E-005
  1.253473428496664E-005
  1.269999098942501E-005
  1.286502459465418E-005
  1.302983040172164E-005
  1.319440416464137E-005
  1.335874056296651E-005
  1.352283577334748E-005
  1.368668573263399E-005
  1.385028472844279E-005
  1.401362951238571E-005
  1.417671525978757E-005
  1.433953781969286E-005
  1.450209262814114E-005
  1.466437583915719E-005
  1.482638318328807E-005
  1.498811036377662E-005
  1.514955294826394E-005
  1.531070715448577E-005
  1.547157024656066E-005
  1.563213573011597E-005
  1.579240152102217E-005
  1.595236333502413E-005
  1.611201694263301E-005
  1.627135978471756E-005
  1.643038567159884E-005
  1.658909287964233E-005
  1.674747738009142E-005
  1.690553577792081E-005
  1.706326387208198E-005
  1.722065854362942E-005
  1.737771556847639E-005
  1.753443222883496E-005
  1.769080470656215E-005
  1.784683040104776E-005
  1.800250511476863E-005
  1.815782656773382E-005
  1.831279095923798E-005
  1.846739492914572E-005
  1.862163585457999E-005
  1.877551034711408E-005
  1.892901476273987E-005
  1.908214795146847E-005
  1.923490490441704E-005
  1.938728308821277E-005
  1.953928166150504E-005
  1.969089622129932E-005
  1.984212352603934E-005
  1.999296092151114E-005
  2.014340864048693E-005
  2.029346072095586E-005
  2.044311506833605E-005
  2.059236938741422E-005
  2.074122319715880E-005
  2.088967252408732E-005
  2.103771454865681E-005
  2.118534644150047E-005
  2.133256699797240E-005
  2.147937376370191E-005
  2.162576569705127E-005
  2.177173996744916E-005
  2.191729356247586E-005
  2.206242461752515E-005
  2.220713114169486E-005
  2.235141156649784E-005
  2.249526390264129E-005
  2.263868543010545E-005
  2.278167639061132E-005
  2.292423432382196E-005
  2.306635622626220E-005
  2.320804136430152E-005
  2.334928705513049E-005
  2.349009289871775E-005
  2.363045623778245E-005
  2.377037631506890E-005
  2.390985153389923E-005
  2.404888068622886E-005
  2.418746213794430E-005
  2.432559408317450E-005
  2.446327585658732E-005
  2.460050608466388E-005
  2.473728344319137E-005
  2.487360629963643E-005
  2.500947423910142E-005
  2.514488604313930E-005
  2.527983965775504E-005
  2.541433418380778E-005
  2.554836906670205E-005
  2.568194408343752E-005
  2.581505773520499E-005
  2.594770959700752E-005
  2.607989827886443E-005
  2.621162183596156E-005
  2.634288165092144E-005
  2.647367663736390E-005
  2.660400485398556E-005
  2.673386542054670E-005
  2.686325898477398E-005
  2.699218493686804E-005
  2.712064223976297E-005
  2.724863054693318E-005
  2.737614992272935E-005
  2.750319884871270E-005
  2.762977679413219E-005
  2.775588448334833E-005
  2.788152092931513E-005
  2.800668655682767E-005
  2.813138020833275E-005
  2.825560134376571E-005
  2.837935045223155E-005
  2.850262754848099E-005
  2.862543271344364E-005
  2.874776422668920E-005
  2.886962342038345E-005
  2.899100931926124E-005
  2.911192402458365E-005
  2.923236428815018E-005
  2.935233232516108E-005
  2.947182738170851E-005
  2.959085112115014E-005
  2.970940102764239E-005
  2.982747883725320E-005
  2.994508497809939E-005
  3.006221957533442E-005
  3.017888105208590E-005
  3.029507148525973E-005
  3.041079182887118E-005
  3.052604025526119E-005
  3.064081796851011E-005
  3.075512604092255E-005
  3.086896414226720E-005
  3.098233210025352E-005
  3.109523176674524E-005
  3.120766337727363E-005
  3.131962557091812E-005
  3.143112110689384E-005
  3.154214979526065E-005
  3.165271086578923E-005
  3.176280695958279E-005
  3.187243834060830E-005
  3.198160292114432E-005
  3.209030478155375E-005
  3.219854333717998E-005
  3.230631786316282E-005
  3.241363149921265E-005
  3.252048308298525E-005
  3.262687396449810E-005
  3.273280563061782E-005
  3.283827700789703E-005
  3.294329118109911E-005
  3.304784689937111E-005
  3.315194589856139E-005
  3.325559008084521E-005
  3.335877785031826E-005
  3.346151202337109E-005
  3.356379311356723E-005
  3.366562142067022E-005
  3.376699931673384E-005
  3.386792504392536E-005
  3.396840205392092E-005
  3.406843064934609E-005
  3.416801117363316E-005
  3.426714627487683E-005
  3.436583379836591E-005
  3.446407796770240E-005
  3.456187814839535E-005
  3.465923607352649E-005
  3.475615305015364E-005
  3.485262867796396E-005
  3.494866609457701E-005
  3.504426378316482E-005
  3.513942574385161E-005
  3.523415123437333E-005
  3.532844222183917E-005
  3.542229974981175E-005
  3.551572464082258E-005
  3.560871843930536E-005
  3.570128115302483E-005
  3.579341615499646E-005
  3.588512229488208E-005
  3.597640277978618E-005
  3.606725729885711E-005
  3.615768842139157E-005
  3.624769652107276E-005
  3.633728296134899E-005
  3.642644932696561E-005
  3.651519618177202E-005
  3.660352604499627E-005
  3.669143850392610E-005
  3.677893658753242E-005
  3.686601977735083E-005
  3.695269124068587E-005
  3.703895063309874E-005
  3.712480082540854E-005
  3.721024147934426E-005
  3.729527558100692E-005
  3.737990293081646E-005
  3.746412630289315E-005
  3.754794599928730E-005
  3.763136404442650E-005
  3.771438104992412E-005
  3.779699908558248E-005
  3.787921925574248E-005
  3.796104284385963E-005
  3.804247173794801E-005
  3.812350645366073E-005
  3.820414916836965E-005
  3.828440057784442E-005
  3.836426305278425E-005
  3.844373672017521E-005
  3.852282438749941E-005
  3.860152575936455E-005
  3.867984375565146E-005
  3.875777854640559E-005
  3.883533306278844E-005
  3.891250715868355E-005
  3.898930383041304E-005
  3.906572289623822E-005
  3.914176748305917E-005
  3.921743692009357E-005
  3.929273435857893E-005
  3.936766011496854E-005
  3.944221712811332E-005
  3.951640511578593E-005
  3.959022716676240E-005
  3.966368279397806E-005
  3.973677497230711E-005
  3.980950419136331E-005
  3.988187303664940E-005
  3.995388196384477E-005
  4.002553294215595E-005
  4.009682648156337E-005
  4.016776529311619E-005
  4.023834996675480E-005
  4.030858296985886E-005
  4.037846355155077E-005
  4.044799546252718E-005
  4.051717915186099E-005
  4.058601721909514E-005
  4.065450816392069E-005
  4.072265668600436E-005
  4.079046272333550E-005
  4.085792803461501E-005
  4.092505305710750E-005
  4.099184086607239E-005
  4.105829218703845E-005
  4.112440799164969E-005
  4.119018990512937E-005
  4.125564054387622E-005
  4.132075939976345E-005
  4.138554927649153E-005
  4.145001155085419E-005
  4.151414696900744E-005
  4.157795701479764E-005
  4.164144431003259E-005
  4.170460824565743E-005
  4.176745181950159E-005
  4.182997672584595E-005
  4.189218227805228E-005
  4.195407185191600E-005
  4.201564675741384E-005
  4.207690722163676E-005
  4.213785638338922E-005
  4.219849354345838E-005
  4.225882176589987E-005
  4.231884192069996E-005
  4.237855499807138E-005
  4.243796353491348E-005
  4.249706703614368E-005
  4.255586872797873E-005
  4.261436901139159E-005
  4.267256961426485E-005
  4.273047202909111E-005
  4.278807668577771E-005
  4.284538706682023E-005
  4.290240187986968E-005
  4.295912518667362E-005
  4.301555523241384E-005
  4.307169663299704E-005
  4.312754801316103E-005
  4.318311310730848E-005
  4.323839109513960E-005
  4.329338546874244E-005
  4.334809546753095E-005
  4.340252420643578E-005
  4.345667089792085E-005
  4.351054023565933E-005
  4.356412906808775E-005
  4.361744316148692E-005
  4.367048064801833E-005
  4.372324471907815E-005
  4.377573553780337E-005
  4.382795524900888E-005
  4.387990530841452E-005
  4.393158515916480E-005
  4.398299915439156E-005
  4.403414482719377E-005
  4.408502714579026E-005
  4.413564531844366E-005
  4.418600040735897E-005
  4.423609650239240E-005
  4.428592977371872E-005
  4.433550635835496E-005
  4.438482569056100E-005
  4.443388725337742E-005
  4.448269606650500E-005
  4.453125050097535E-005
  4.457955179062357E-005
  4.462760377335284E-005
  4.467540487055360E-005
  4.472295647001214E-005
  4.477026290847635E-005
  4.481732182649602E-005
  4.486413505161061E-005
  4.491070598326701E-005
  4.495703547858278E-005
  4.500311991740119E-005
  4.504896625430395E-005
  4.509457554589785E-005
  4.513994527784055E-005
  4.518507747253004E-005
  4.522997555770060E-005
  4.527464152956279E-005
  4.531907212487227E-005
  4.536326921452038E-005
  4.540723790502311E-005
  4.545097856130612E-005
  4.549449204901389E-005
  4.553777258091753E-005
  4.558082847525720E-005
  4.562366086158095E-005
  4.566627160090746E-005
  4.570866082940457E-005
  4.575082779165741E-005
  4.579276760344910E-005
  4.583449020629667E-005
  4.587599731672090E-005
  4.591728824426795E-005
  4.595836480386354E-005
  4.599922672163165E-005
  4.603987663365987E-005
  4.608031474558817E-005
  4.612054204105147E-005
  4.616055904768743E-005
  4.620034987385011E-005
  4.623994036524949E-005
  4.627931936752793E-005
  4.631845305873674E-005
  4.636786424040117E-005
  4.639615638329549E-005
  4.643482368642263E-005
  4.647318437770169E-005
  4.651135507426567E-005
  4.654932100353498E-005
  4.658709540490255E-005
  4.662466899267265E-005
  4.666204586669761E-005
  4.669922610146771E-005
  4.673621436852503E-005
  4.677300779558654E-005
  4.680960823553956E-005
  4.684601746194331E-005
  4.688223510170636E-005
  4.691826388517326E-005
  4.695410313057096E-005
  4.698975465273558E-005
  4.702521934380741E-005
  4.706049743388048E-005
  4.709559101095329E-005
  4.713049992052405E-005
  4.716522573793607E-005
  4.719976964180841E-005
  4.723412440399171E-005
  4.726829836437104E-005
  4.730229406159149E-005
  4.733611157772011E-005
  4.736975246784519E-005
  4.740321664317132E-005
  4.743650526387735E-005
  4.746961946581048E-005
  4.750255901469398E-005
  4.753532576894261E-005
  4.756792025052579E-005
  4.760034264707721E-005
  4.763259478721324E-005
  4.766467697614655E-005
  4.769658989241136E-005
  4.772833509015217E-005
  4.775991245468829E-005
  4.779132334178321E-005
  4.782256894921016E-005
  4.785364895702535E-005
  4.788456520743477E-005
  4.791531847464250E-005
  4.794590891352404E-005
  4.797633787348489E-005
  4.800660615096913E-005
  4.803671385097762E-005
  4.806666253617552E-005
  4.809645285750957E-005
  4.812608514833159E-005
  4.815556080689822E-005
  4.818488061177144E-005
  4.821404423705102E-005
  4.824305368911159E-005
  4.827190948765813E-005
  4.830061168890842E-005
  4.832916163941017E-005
  4.835756021990687E-005
  4.838580751637625E-005
  4.841390473007749E-005
  4.844185275556699E-005
  4.846965182758269E-005
  4.849730303852111E-005
  4.852480723426000E-005
  4.855216474372981E-005
  4.857937614174584E-005
  4.860644268990446E-005
  4.863336502263210E-005
  4.866014287865526E-005
  4.868677805496337E-005
  4.871327118130814E-005
  4.873962182730138E-005
  4.876583166229608E-005
  4.879190156373788E-005
  4.881783143372673E-005
  4.884362201284383E-005
  4.886927464865294E-005
  4.889478959976277E-005
  4.892016686316078E-005
  4.894540807303139E-005
  4.897051380656364E-005
  4.899548374538378E-005
  4.902031919064699E-005
  4.904502109132790E-005
  4.906958957371109E-005
  4.909402484884420E-005
  4.911832846715355E-005
  4.914250093995200E-005
  4.916654193415932E-005
  4.919045267432982E-005
  4.921423406485003E-005
  4.923788634349731E-005
  4.926140949598937E-005
  4.928480513764601E-005
  4.930807356252204E-005
  4.933121506923094E-005
  4.935422990200084E-005
  4.937711946344166E-005
  4.939988401215410E-005
  4.942252370809912E-005
  4.944503919937806E-005
  4.946743139830572E-005
  4.948970084141406E-005
  4.951184759114998E-005
  4.953387219882411E-005
  4.955577573770269E-005
  4.957755865163068E-005
  4.959922094205949E-005
  4.962076320816003E-005
  4.964218657255049E-005
  4.966349152817343E-005
  4.968467798709594E-005
  4.970574628545464E-005
  4.972669778082662E-005
  4.974753284974719E-005
  4.976825159419462E-005
  4.978885387842483E-005
  4.980934124685836E-005
  4.982971407247878E-005
  4.984997212258221E-005
  4.987011604566549E-005
  4.989014653527115E-005
  4.991006404261412E-005
  4.992986921542661E-005
  4.994956219382514E-005
  4.996914269802514E-005
  4.998861209871335E-005
  5.000797097761009E-005
  5.002721967434832E-005
  5.004635761475184E-005
  5.006538578470344E-005
  5.008430511543326E-005
  5.010311583900697E-005
  5.012181825143742E-005
  5.014041178288377E-005
  5.015889833019738E-005
  5.017727742224460E-005
  5.019555006289279E-005
  5.021371662160263E-005
  5.023177610789291E-005
  5.024973013108476E-005
  5.026757925338240E-005
  5.028532358537191E-005
  5.030296359910625E-005
  5.032049917082943E-005
  5.033793016980624E-005
  5.035525821591408E-005
  5.037248339170051E-005
  5.038960595516283E-005
  5.040662617139148E-005
  5.042354321263143E-005
  5.044035901175911E-005
  5.045707364531254E-005
  5.047368761645905E-005
  5.049020120549530E-005
  5.050661377264044E-005
  5.052292639839326E-005
  5.053913951752721E-005
  5.055525323052392E-005
  5.057126829320746E-005
  5.058718561803054E-005
  5.060300276264453E-005
  5.061872132651066E-005
  5.063434245667848E-005
  5.064986492578875E-005
  5.066529176573049E-005
  5.068062033905565E-005
  5.069585268445675E-005
  5.071098724227087E-005
  5.072602613014584E-005
  5.074097052290664E-005
  5.075581902840167E-005
  5.077057348774735E-005
  5.078523050354393E-005
  5.079979011553891E-005
  5.081425865135587E-005
  5.082863159980582E-005
  5.084291077981317E-005
  5.085709726357736E-005
  5.087119269600264E-005
  5.088518889284356E-005
  5.089909429258761E-005
  5.091290547876201E-005
  5.092662467618993E-005
  5.094025265467184E-005
  5.095378498073621E-005
  5.096722378977016E-005
  5.098057123796410E-005
  5.099382765371528E-005
  5.100699298883235E-005
  5.102006605999773E-005
  5.103304805250446E-005
  5.104593948822992E-005
  5.105874008598023E-005
  5.107145029741432E-005
  5.108407078169505E-005
  5.109660117218571E-005
  5.110904204020804E-005
  5.112139327895076E-005
  5.113365399695133E-005
  5.114582374822763E-005
  5.115790473560300E-005
  5.116989745694077E-005
  5.118180100379261E-005
  5.119361585787138E-005
  5.120534254919660E-005
  5.121698104039574E-005
  5.122853101274452E-005
  5.123999332206244E-005
  5.125136755998417E-005
  5.126265395258522E-005
  5.127385284244365E-005
  5.128496398547594E-005
  5.129598788159761E-005
  5.130692378959826E-005
  5.131777217456701E-005
  5.132853414614473E-005
  5.133920823928183E-005
  5.134979712980316E-005
  5.136029880183731E-005
  5.137071366993242E-005
  5.138104236970022E-005
  5.139128433698229E-005
  5.140144030634258E-005
  5.141150995788527E-005
  5.142149327208665E-005
  5.143139087176508E-005
  5.144120243579255E-005
  5.145092833544860E-005
  5.146056837403162E-005
  5.147012251812745E-005
  5.147959117246175E-005
  5.148897434066577E-005
  5.149827202967412E-005
  5.150748426596657E-005
  5.151661112960796E-005
  5.152565281759182E-005
  5.153460954453114E-005
  5.154348068053082E-005
  5.155225919941410E-005
  5.156095441834609E-005
  5.156956764911241E-005
  5.157809466281863E-005
  5.158653870700361E-005
  5.159489726149428E-005
  5.160317210233138E-005
  5.161136199659759E-005
  5.161946864490105E-005
  5.162748711533868E-005
  5.163542600539572E-005
  5.164327881316863E-005
  5.165104718869429E-005
  5.165873135070829E-005
  5.166633141359087E-005
  5.167384501859807E-005
  5.168127466411114E-005
  5.168862026511593E-005
  5.169588176702676E-005
  5.170305913519128E-005
  5.171015234799547E-005
  5.171716139196173E-005
  5.172408625870025E-005
  5.173092694238300E-005
  5.173768343817327E-005
  5.174435574162099E-005
  5.175094384722792E-005
  5.175744774864984E-005
  5.176386743817930E-005
  5.177020290642044E-005
  5.177645414234668E-005
  5.178262113298885E-005
  5.178870386368006E-005
  5.179470231762827E-005
  5.180061647644805E-005
  5.180644631931145E-005
  5.181219182418217E-005
  5.181785296666511E-005
  5.182342972050172E-005
  5.182892205772613E-005
  5.183432994825403E-005
  5.183965336045296E-005
  5.184489226051162E-005
  5.185004661301336E-005
  5.185511638060880E-005
  5.186010152427318E-005
  5.186500200290231E-005
  5.186981777413860E-005
  5.187454879329381E-005
  5.187919501069105E-005
  5.188375635838127E-005
  5.188823274741709E-005
  5.189262406756067E-005
  5.189693018689082E-005
  5.190115095195202E-005
  5.190528618830382E-005
  5.190933569981408E-005
  5.191329926991209E-005
  5.191717666173424E-005
  5.192096761944804E-005
  5.192467186944383E-005
  5.192828912254442E-005
  5.193181907630053E-005
  5.193526141779747E-005
  5.193861582740799E-005
  5.194188198215008E-005
  5.194505955969149E-005
  5.194814824269016E-005
  5.195114772286984E-005
  5.195405770632104E-005
  5.195687791799935E-005
  5.195960810883656E-005
  5.196224806190498E-005
  5.196479760052616E-005
  5.196725659655075E-005
  5.196962497869980E-005
  5.197190274094614E-005
  5.197408995054875E-005
  5.197618675497779E-005
  5.197819338853763E-005
  5.198011017769950E-005
  5.198193754637345E-005
  5.198367601958808E-005
  5.198532622748366E-005
  5.198688890788527E-005
  5.198836490892150E-005
  5.198975519053523E-005
  5.199106082588794E-005
  5.199228300167099E-005
  5.199342301811685E-005
  5.199448228786995E-005
  5.199546233451929E-005
  5.199636478985290E-005
  5.199719139043008E-005
  5.199794397297907E-005
  5.199862446886556E-005
  5.199923489729190E-005
  5.199977735715678E-005
  5.200025401775230E-005
  5.200066710787600E-005
  5.200101890351274E-005
  5.200131171387926E-005
  5.200154786576382E-005
  5.200172968622479E-005
  5.200185948342651E-005
  5.200193952563879E-005
  5.200197201846269E-005
  5.200195908020026E-005
  5.200190271545639E-005
  5.200180478704761E-005
  5.200166698639959E-005
  5.200149080256831E-005
  5.200127749022995E-005
  5.200102803697634E-005
  5.200074313042071E-005
  5.200042312577399E-005
  5.200006801471957E-005
  5.199967739667986E-005
  5.199925045386758E-005
  5.199878593189274E-005
  5.199828212815729E-005
  5.199773689083637E-005
  5.199714763180597E-005
  5.199651135753510E-005
  5.199582472243578E-005
  5.199508410932598E-005
  5.199428574106924E-005
  5.199342582554648E-005
  5.199250073212457E-005
  5.199150719065987E-005
  5.199044249426121E-005
  5.198930467560728E-005
  5.198809261883165E-005
  5.198680607233821E-005
  5.198544554782263E-005
  5.198401212363916E-005
  5.198250720116889E-005
  5.198093227265534E-005
  5.197928874460383E-005
  5.197757783304913E-005
  5.197580052347194E-005
  5.197395757573209E-005
  5.197204955386272E-005
  5.197007686496356E-005
  5.196803979763698E-005
  5.196593855503572E-005
  5.196377328105745E-005
  5.196154407979078E-005
  5.195925102931582E-005
  5.195689419116430E-005
  5.195447361648340E-005
  5.195198934995950E-005
  5.194944143227517E-005
  5.194682990162323E-005
  5.194415479447234E-005
  5.194141614616471E-005
  5.193861399108880E-005
  5.193574836289334E-005
  5.193281929456180E-005
  5.192982681839118E-005
  5.192677096608495E-005
  5.192365176872281E-005
  5.192046925679192E-005
  5.191722346008364E-005
  5.191391440783316E-005
  5.191054212857862E-005
  5.190710665025773E-005
  5.190360800016520E-005
  5.190004620491789E-005
  5.189642129044379E-005
  5.189273328203666E-005
  5.188898220429813E-005
  5.188516808114746E-005
  5.188129093580498E-005
  5.187735079078365E-005
  5.187334766788174E-005
  5.186928158821691E-005
  5.186515257212118E-005
  5.186096063927431E-005
  5.185670580855209E-005
  5.185238809810762E-005
  5.184800752535177E-005
  5.184356410690702E-005
  5.183905785869347E-005
  5.183448879581951E-005
  5.182985693255072E-005
  5.182516228247435E-005
  5.182040485832593E-005
  5.181558467206995E-005
  5.181070173484317E-005
  5.180575605690626E-005
  5.180074764784138E-005
  5.179567651630678E-005
  5.179054267016011E-005
  5.178534611633388E-005
  5.178008686105652E-005
  5.177476490957518E-005
  5.176938026632963E-005
  5.176393293486147E-005
  5.175842291786655E-005
  5.175285021716637E-005
  5.174721483356051E-005
  5.174151676716347E-005
  5.173575601700562E-005
  5.172993258124971E-005
  5.172404645716085E-005
  5.171809764108467E-005
  5.171208612829072E-005
  5.170601191331792E-005
  5.169987498954717E-005
  5.169367534952611E-005
  5.168741298477619E-005
  5.168108788579650E-005
  5.167470004221694E-005
  5.166824944252726E-005
  5.166173607427990E-005
  5.165515992398500E-005
  5.164852097717629E-005
  5.164181921828255E-005
  5.163505463071240E-005
  5.162822719684166E-005
  5.162133689793496E-005
  5.161438371420610E-005
  5.160736762479569E-005
  5.160028860770602E-005
  5.159314663988104E-005
  5.158594169711429E-005
  5.157867375407391E-005
  5.157134278426599E-005
  5.156394876009568E-005
  5.155649165282416E-005
  5.154897143242502E-005
  5.154138806776643E-005
  5.153374152652502E-005
  5.152603177513257E-005
  5.151825877880362E-005
  5.151042250153716E-005
  5.150252290602003E-005
  5.149455995379409E-005
  5.148653360500821E-005
  5.147844381856484E-005
  5.147029055203679E-005
  5.146207376173317E-005
  5.145379340255395E-005
  5.144544942809620E-005
  5.143704179057406E-005
  5.142857044082875E-005
  5.142003532826818E-005
  5.141143640092995E-005
  5.140277360537082E-005
  5.139404688674635E-005
  5.138525618869815E-005
  5.137640145337521E-005
  5.136748262145785E-005
  5.135849963205205E-005
  5.134945242279135E-005
  5.134034092959660E-005
  5.133116508696711E-005
  5.132192482760298E-005
  5.131262008277328E-005
  5.130325078191134E-005
  5.129381685288758E-005
  5.128431822176311E-005
  5.127475481291676E-005
  5.126512654892595E-005
  5.125543335068832E-005
  5.124567513711066E-005
  5.123585182534073E-005
  5.122596333071640E-005
  5.121600956650880E-005
  5.120599044416346E-005
  5.119590587309469E-005
  5.118575576073330E-005
  5.117554001242769E-005
  5.116525853145550E-005
  5.115491121891021E-005
  5.114449797386602E-005
  5.113401869301026E-005
  5.112347327090354E-005
  5.111286159967524E-005
  5.110218356924745E-005
  5.109143906704719E-005
  5.108062797802829E-005
  5.106975018473080E-005
  5.105880556708370E-005
  5.104779400237419E-005
  5.103671536518602E-005
  5.102556952740227E-005
  5.101435635809853E-005
  5.100307572333196E-005
  5.099172748641579E-005
  5.098031150741002E-005
  5.096882764330529E-005
  5.095727574798149E-005
  5.094565567193627E-005
  5.093396726221751E-005
  5.092221036250294E-005
  5.091038481274399E-005
  5.089849044928004E-005
  5.088652710461026E-005
  5.087449460721824E-005
  5.086239278159608E-005
  5.085022144796611E-005
  5.083798042220340E-005
  5.082566951575698E-005
  5.081328853517760E-005
  5.080083728249387E-005
  5.078831555456161E-005
  5.077572314304732E-005
  5.076305983412397E-005
  5.075032540863282E-005
  5.073751964115206E-005
  5.072464230062596E-005
  5.071169314946894E-005
  5.069867194345743E-005
  5.068557843166967E-005
  5.067241235573451E-005
  5.065917345008642E-005
  5.064586144119633E-005
  5.063247604733627E-005
  5.061901697815208E-005
  5.060548393444830E-005
  5.059187660743243E-005
  5.057819467853095E-005
  5.056443781876617E-005
  5.055060568819717E-005
  5.053669793557770E-005
  5.052271419727990E-005
  5.050865409712499E-005
  5.049451724555130E-005
  5.048030323878706E-005
  5.046601165802089E-005
  5.045164206888918E-005
  5.043719402010074E-005
  5.042266704284488E-005
  5.040806064935020E-005
  5.039337433260879E-005
  5.037860756392277E-005
  5.036375931628844E-005
  5.034882998892408E-005
  5.033381852397782E-005
  5.031872428910579E-005
  5.030354664253009E-005
  5.028828501618422E-005
  5.027293831774819E-005
  5.025750602338063E-005
  5.024198735065593E-005
  5.022638147331999E-005
  5.021068752315747E-005
  5.019490458755474E-005
  5.017903170655182E-005
  5.016306786947449E-005
  5.014701201141136E-005
  5.013086300963259E-005
  5.011461967906417E-005
  5.009828076862163E-005
  5.008184495605332E-005
  5.006531084328640E-005
  5.004867695054134E-005
  5.003194171091865E-005
  5.001510346427419E-005
  4.999816045064828E-005
  4.998111080249978E-005
  4.996395253800706E-005
  4.994668355222415E-005
  4.992930160908367E-005
  4.991180433131287E-005
  4.989418919126252E-005
  4.987645350028821E-005
  4.985859439773735E-005
  4.984060883845042E-005
  4.982249358153819E-005
  4.980424517663362E-005
  4.978585995007579E-005
  4.976733399032089E-005
  4.974866313413803E-005
  4.973071050101378E-005
  4.971287256354816E-005
  4.969488396757147E-005
  4.967673943865307E-005
  4.965843337615346E-005
  4.963995983480393E-005
  4.962131250967727E-005
  4.960248471853978E-005
  4.958346938689009E-005
  4.956425903291242E-005
  4.954484575358225E-005
  4.952522121392356E-005
  4.950537663523177E-005
  4.948530278981760E-005
  4.946498999459078E-005
  4.944442810887625E-005
  4.942360653854139E-005
  4.940251424317812E-005
  4.938113976002398E-005
  4.935947127473478E-005
  4.933749686997873E-005
  4.931520534970043E-005
  4.929258649354529E-005
  4.926962248665882E-005
  4.924630262384029E-005
  4.922261819247802E-005
  4.919855224627863E-005
  4.917409210483884E-005
  4.914922673471854E-005
  4.912394375095359E-005
  4.909823208894144E-005
  4.907208191598073E-005
  4.904548464009763E-005
  4.901843308671036E-005
  4.899092174401964E-005
  4.896294704040642E-005
  4.893450764633318E-005
  4.890560479308120E-005
  4.887624260934473E-005
  4.884642847657824E-005
  4.881617339933715E-005
  4.878549239603486E-005
  4.875440490649250E-005
  4.872293522211648E-005
  4.869111293592440E-005
  4.865897341708085E-005
  4.862655831147940E-005
  4.859391606072004E-005
  4.856110244628037E-005
  4.852818113879295E-005
  4.849522424360968E-005
  4.846231282157063E-005
  4.842953735157510E-005
  4.839699810537393E-005
  4.836480538299885E-005
  4.833307955968228E-005
  4.830195086633568E-005
  4.827155873748844E-005
  4.824205051439021E-005
  4.821358448436073E-005
  4.818633768393328E-005
  4.816047950656863E-005
  4.813615998420472E-005
  4.811355394938862E-005
  4.809283002312666E-005
  4.807414758365316E-005
  4.805765297591543E-005
  4.804347421821347E-005
  4.803171467643580E-005
  4.802244577698198E-005
  4.801569877843459E-005
  4.801145565719534E-005
  4.800963923773013E-005
  4.801010282896963E-005
  4.801261980149642E-005
  4.801687376543726E-005
  4.802245033980693E-005
  4.802883187693875E-005
  4.803539706785541E-005
  4.804142798359908E-005
  4.804612807319348E-005
  4.804865584556704E-005
  4.804818057504816E-005
  4.804396787911979E-005
  4.803550199376814E-005
  4.802263908099889E-005
  4.800574233936714E-005
  4.798567196958484E-005
  4.796351309002656E-005
  4.794018406498868E-005
  4.791624675643367E-005
  4.789197027723496E-005
  4.786746464847072E-005
  4.784277215551921E-005
  4.781791026506475E-005
  4.779288791696061E-005
  4.776771089564858E-005
  4.774238349845935E-005
  4.771690908001706E-005
  4.769129030163827E-005
  4.766552929145355E-005
  4.763962773030322E-005
  4.761358694927467E-005
  4.758740798218928E-005
  4.756109161570939E-005
  4.753463843128909E-005
  4.750803415121719E-005
  4.748125049619589E-005
  4.745445298160876E-005
  4.742743282238330E-005
  4.740032741961154E-005
  4.737304212569241E-005
  4.734562262523344E-005
  4.731807745821933E-005
  4.729030311901799E-005
  4.726260116628193E-005
  4.723463907981867E-005
  4.720652113411642E-005
  4.717831903783187E-005
  4.714993854997313E-005
  4.712138756942710E-005
  4.709275916267430E-005
  4.706397972371522E-005
  4.703504313906113E-005
  4.700601744835113E-005
  4.697680056633273E-005
  4.694722426651120E-005
  4.691780924923038E-005
  4.688818481813151E-005
  4.685834774567953E-005
  4.682842351938193E-005
  4.679829650150586E-005
  4.676805783896346E-005
  4.673765714912827E-005
  4.670709829220940E-005
  4.667638585529129E-005
  4.664538781340363E-005
  4.661451330511148E-005
  4.658333876716140E-005
  4.655185804221555E-005
  4.652061170878659E-005
  4.648896636956561E-005
  4.645708311665236E-005
  4.642512018391688E-005
  4.639307785287053E-005
  4.636061337917648E-005
  4.632803920735639E-005
  4.629570033529724E-005
  4.626271782757590E-005
  4.623000579041436E-005
  4.619676144861087E-005
  4.616352925665202E-005
  4.613005405448633E-005
  4.609642775185298E-005
  4.606269312115436E-005
  4.602873188823483E-005
  4.599404335433056E-005
  4.596038028479708E-005
  4.592694126592478E-005
  4.589215293752942E-005
  4.585743915188699E-005
  4.582244271177008E-005
  4.578729942810297E-005
  4.575162610772197E-005
  4.571642551417893E-005
  4.568069798948287E-005
  4.564480100548802E-005
  4.560869734933056E-005
  4.557249032965342E-005
  4.553558994637612E-005
  4.549922845216594E-005
  4.546235009503003E-005
  4.542527080016526E-005
  4.538798958580293E-005
  4.535021330088430E-005
  4.531280004550290E-005
  4.527491155055542E-005
  4.523683538266814E-005
  4.519863324449683E-005
  4.515996751096229E-005
  4.512096305753063E-005
  4.508233083942270E-005
  4.504329492464498E-005
  4.500379079194442E-005
  4.496420209379398E-005
  4.492434324317411E-005
  4.488433649694213E-005
  4.484406411046167E-005
  4.480357300730709E-005
  4.476284135099171E-005
  4.472188308707015E-005
  4.468069568820358E-005
  4.463926696579797E-005
  4.459731475377790E-005
  4.455568973377659E-005
  4.451367638221684E-005
  4.447085819534291E-005
  4.442849668534687E-005
  4.438560212080118E-005
  4.434216401737033E-005
  4.429924324269642E-005
  4.425543526808784E-005
  4.421147100602397E-005
  4.416726496713204E-005
  4.412260521084403E-005
  4.407827399163707E-005
  4.403313358632988E-005
  4.398786947344057E-005
  4.394233368560178E-005
  4.389652857585065E-005
  4.385039450936288E-005
  4.380371370503168E-005
  4.375751475741814E-005
  4.371054293544392E-005
  4.366313055271057E-005
  4.361554860130752E-005
  4.356768888356952E-005
  4.351947777824487E-005
  4.347058902279580E-005
  4.342139475857653E-005
  4.337189589884854E-005
  4.332191674226938E-005
  4.327052971172426E-005
  4.322023148181568E-005
  4.316993346347793E-005
  4.311931906237157E-005
  4.306838316223697E-005
  4.301711770121862E-005
  4.296561081604383E-005
  4.291384955877935E-005
  4.286177740673773E-005
  4.280948704446914E-005
  4.275696222999380E-005
  4.270447742675095E-005
  4.265200113154091E-005
  4.259979597607650E-005
  4.254818583201189E-005
  4.249758636372446E-005
  4.244867455907079E-005
  4.240219132151118E-005
  4.235896094749271E-005
  4.232061270293780E-005
  4.228663865148990E-005
  4.225305824696741E-005
  4.221983939500895E-005
  4.218709747939494E-005
  4.215467939500837E-005
  4.212265858791357E-005
  4.209110616927865E-005
  4.205997357603022E-005
  4.202921936242424E-005
  4.199910393544718E-005
  4.196933340126811E-005
  4.193995442856728E-005
  4.191113625204919E-005
  4.188279048035476E-005
  4.185465804220433E-005
  4.182700632554231E-005
  4.179981194180726E-005
  4.177311117032516E-005
  4.174710256532083E-005
  4.172145568532025E-005
  4.169642252408805E-005
  4.167185337532682E-005
  4.164770819350139E-005
  4.162406807286781E-005
  4.160097754119112E-005
  4.157825774265923E-005
  4.155573021386862E-005
  4.153366923019505E-005
  4.151198603327484E-005
  4.149086375834425E-005
  4.146987441009865E-005
  4.144924765515757E-005
  4.142862370216936E-005
  4.140802682867927E-005
  4.138776903194051E-005
  4.136774750116821E-005
  4.134858728957462E-005
  4.132944743271959E-005
  4.131021813203476E-005
  4.129140455894643E-005
  4.127334490153326E-005
  4.125551820364231E-005
  4.123818848836022E-005
  4.122095997879835E-005
  4.114247611945347E-005
  4.104926735372840E-005
  4.095560629058867E-005
  4.086142357978935E-005
  4.076668978197252E-005
  4.067137307317113E-005
  4.057544827423096E-005
  4.047887970403081E-005
  4.038163780349652E-005
  4.028369534930488E-005
  4.018501016063848E-005
  4.008555650388332E-005
  3.998529075477360E-005
  3.988418248981819E-005
  3.978218767216557E-005
  3.967927144466988E-005
  3.957539451741665E-005
  3.947051235151001E-005
  3.936458372242892E-005
  3.925756320318338E-005
  3.914940588133808E-005
  3.904006417109756E-005
  3.892948952405628E-005
  3.881762960715082E-005
  3.870443316848865E-005
  3.858985032531290E-005
  3.847381904180977E-005
  3.835627974779854E-005
  3.823717877204440E-005
  3.811645288613381E-005
  3.799403802731350E-005
  3.786986798139664E-005
  3.774387285100794E-005
  3.761598247397756E-005
  3.748611691027839E-005
  3.735420309000019E-005
  3.722016027137377E-005
  3.708391279498606E-005
  3.694537032135629E-005
  3.680444460984287E-005
  3.666100625727866E-005
  3.651499450778716E-005
  3.636630761788835E-005
  3.621484148204952E-005
  3.606048963166465E-005
  3.590313487391283E-005
  3.574265337571232E-005
  3.557892817636246E-005
  3.541183139475464E-005
  3.524122797159384E-005
  3.506697843899314E-005
  3.488893619633337E-005
  3.470694195955041E-005
  3.452084573087365E-005
  3.433047095448767E-005
  3.413563077382160E-005
  3.393615897524277E-005
  3.373186638120160E-005
  3.352254786255141E-005
  3.330799565458237E-005
  3.308798961237476E-005
  3.286229792292550E-005
  3.263067767485814E-005
  3.239287355627335E-005
  3.214861696320969E-005
  3.189762576315638E-005
  3.163960309201167E-005
  3.137423433121965E-005
  3.110118550658864E-005
  3.082012813445516E-005
  3.053068932092098E-005
  3.023248787243396E-005
  2.992512277185358E-005
  2.960817103060511E-005
  2.928118005326129E-005
  2.894368210415147E-005
  2.859517465802860E-005
  2.823513401748689E-005
  2.786299583243866E-005
  2.747818591051629E-005
  2.708007780753556E-005
  2.666802301353347E-005
  2.624134231927641E-005
  2.579928221168040E-005
  2.534110010009487E-005
  2.486598526167348E-005
  2.437307685596204E-005
  2.386151407013322E-005
  2.333037979196587E-005
  2.277858918007124E-005
  2.220522460282176E-005
  2.160918022454461E-005
  2.098933158942617E-005
  2.034435156351579E-005
  1.967323342556082E-005
  1.897413019770530E-005
  1.824650185081317E-005
