  2.875439088173401E-005
  6.272566681181499E-006
  4.462141601405380E-006
  3.277430387751914E-006
  2.530913578753658E-006
  1.316735167147523E-006
  2.759948455853364E-007
  1.200000017881393E-006
  1.200000017881393E-006
  1.200000017881393E-006
  1.200000017881393E-006
  1.200000017881393E-006
  1.200000017881393E-006
  1.200000017881393E-006
  1.200000017881393E-006
  1.200000017881393E-006
  1.200000017881393E-006
  1.200000017881393E-006
  1.200000017881393E-006
  1.200000017881393E-006
  1.200000017881393E-006
  1.200000017881393E-006
  1.200000017881393E-006
  1.200000017881393E-006
  1.200000017881393E-006
  1.200000017881393E-006
  1.200000017881393E-006
  1.200000017881393E-006
  1.200000017881393E-006
  1.200000017881393E-006
  1.200000017881393E-006
  1.200000017881393E-006
  1.200000017881393E-006
  1.200000017881393E-006
  1.200000017881393E-006
  1.200000017881393E-006
  1.200000017881393E-006
  1.200000017881393E-006
  1.200000017881393E-006
  1.200000017881393E-006
  1.200000017881393E-006
  1.200000017881393E-006
  1.200000017881393E-006
  1.200000017881393E-006
  1.200000017881393E-006
  1.200000017881393E-006
  1.200000017881393E-006
  1.200000017881393E-006
  1.200000017881393E-006
  1.200000017881393E-006
  1.200000017881393E-006
  1.200000017881393E-006
  1.200000017881393E-006
  1.200000017881393E-006
  1.200000017881393E-006
  1.200000017881393E-006
  1.200000017881393E-006
  1.200000017881393E-006
  1.200000017881393E-006
  1.200000017881393E-006
  1.200000017881393E-006
  1.200000017881393E-006
  1.200000017881393E-006
  1.200000017881393E-006
  1.200000017881393E-006
  1.200000017881393E-006
  1.200000017881393E-006
  1.200000017881393E-006
  1.200000017881393E-006
  1.200000017881393E-006
  1.200000017881393E-006
  1.200000017881393E-006
  1.200000017881393E-006
  1.200000017881393E-006
  1.200000017881393E-006
  1.200000017881393E-006
  1.200000017881393E-006
  1.200000017881393E-006
  1.200000017881393E-006
  1.200000017881393E-006
  1.200000017881393E-006
  1.200000017881393E-006
  1.200000017881393E-006
  1.200000017881393E-006
  1.200000017881393E-006
  1.200000017881393E-006
  1.200000017881393E-006
  1.200000017881393E-006
  1.200000017881393E-006
  1.200000017881393E-006
  1.200000017881393E-006
  1.200000017881393E-006
  1.200000017881393E-006
  1.200000017881393E-006
  1.200000017881393E-006
  1.200000017881393E-006
  1.200000017881393E-006
  1.200000017881393E-006
  1.200000017881393E-006
  1.200000017881393E-006
  1.200000017881393E-006
  1.200000017881393E-006
  1.200000017881393E-006
  1.200000017881393E-006
  1.200000017881393E-006
  1.200000017881393E-006
  1.200000017881393E-006
  1.200000017881393E-006
  1.200000017881393E-006
  1.200000017881393E-006
  1.200000017881393E-006
  1.200000017881393E-006
  1.200000017881393E-006
  1.200000017881393E-006
  1.200000017881393E-006
  1.200000017881393E-006
  1.200000017881393E-006
  1.200000017881393E-006
  1.200000017881393E-006
  1.200000017881393E-006
  1.200000017881393E-006
  1.200000017881393E-006
  1.200000017881393E-006
  1.200000017881393E-006
  1.200000017881393E-006
  1.200000017881393E-006
  1.200000017881393E-006
  1.200000017881393E-006
  1.200000017881393E-006
  1.200000017881393E-006
  1.200000017881393E-006
  1.200000017881393E-006
  1.200000017881393E-006
  1.200000017881393E-006
  1.200000017881393E-006
  1.200000017881393E-006
  1.200000017881393E-006
  1.200000017881393E-006
  1.200000017881393E-006
  1.200000017881393E-006
  1.200000017881393E-006
  1.200000017881393E-006
  1.200000017881393E-006
  1.200000017881393E-006
  1.200000017881393E-006
  1.200000017881393E-006
  1.200000017881393E-006
  1.200000017881393E-006
  1.200000017881393E-006
  1.200000017881393E-006
  1.200000017881393E-006
  1.200000017881393E-006
  1.200000017881393E-006
  1.200000017881393E-006
  1.200000017881393E-006
  1.200000017881393E-006
  1.200000017881393E-006
  1.200000017881393E-006
  1.200000017881393E-006
  1.200000017881393E-006
  1.200000017881393E-006
  1.200000017881393E-006
  1.200000017881393E-006
  1.200000017881393E-006
  1.200000017881393E-006
  1.200000017881393E-006
  1.200000017881393E-006
  1.200000017881393E-006
  1.200000017881393E-006
  1.200000017881393E-006
  1.200000017881393E-006
  1.200000017881393E-006
  1.200000017881393E-006
  1.200000017881393E-006
  1.200000017881393E-006
  1.200000017881393E-006
  1.200000017881393E-006
  1.200000017881393E-006
  1.200000017881393E-006
  1.200000017881393E-006
  1.200000017881393E-006
  1.200000017881393E-006
  1.200000017881393E-006
  1.200000017881393E-006
  1.200000017881393E-006
  1.200000017881393E-006
  1.200000017881393E-006
  1.200000017881393E-006
  1.200000017881393E-006
  1.200000017881393E-006
  1.200000017881393E-006
  1.200000017881393E-006
  1.200000017881393E-006
  1.200000017881393E-006
  1.200000017881393E-006
  1.200000017881393E-006
  1.200000017881393E-006
  1.200000017881393E-006
  1.200000017881393E-006
  1.200000017881393E-006
  1.200000017881393E-006
  1.200000017881393E-006
  1.200000017881393E-006
  1.200000017881393E-006
  1.200000017881393E-006
  1.200000017881393E-006
  1.200000017881393E-006
  1.200000017881393E-006
  1.200000017881393E-006
  1.200000017881393E-006
  1.200000017881393E-006
  1.200000017881393E-006
  1.200000017881393E-006
  1.200000017881393E-006
  1.200000017881393E-006
  1.200000017881393E-006
  1.200000017881393E-006
  1.200000017881393E-006
  1.200000017881393E-006
  1.200000017881393E-006
  1.200000017881393E-006
  1.200000017881393E-006
  1.200000017881393E-006
  1.200000017881393E-006
  1.200000017881393E-006
  1.200000017881393E-006
  1.200000017881393E-006
  1.200000017881393E-006
  1.200000017881393E-006
  1.200000017881393E-006
  1.200000017881393E-006
  1.200000017881393E-006
  1.200000017881393E-006
  1.200000017881393E-006
  1.200000017881393E-006
  1.200000017881393E-006
  1.200000017881393E-006
  1.200000017881393E-006
  1.200000017881393E-006
  1.200000017881393E-006
  1.200000017881393E-006
  1.200000017881393E-006
  1.200000017881393E-006
  1.200000017881393E-006
  1.200000017881393E-006
  1.200000017881393E-006
  1.200000017881393E-006
  1.200000017881393E-006
  1.200000017881393E-006
  1.200000017881393E-006
  1.200000017881393E-006
  1.200000017881393E-006
  1.200000017881393E-006
  1.200000017881393E-006
  1.200000017881393E-006
  1.200000017881393E-006
  1.200000017881393E-006
  1.200000017881393E-006
  1.200000017881393E-006
  1.200000017881393E-006
  1.200000017881393E-006
  1.200000017881393E-006
  1.200000017881393E-006
  1.200000017881393E-006
  1.200000017881393E-006
  1.200000017881393E-006
  1.200000017881393E-006
  1.200000017881393E-006
  1.200000017881393E-006
  1.200000017881393E-006
  1.200000017881393E-006
  1.200000017881393E-006
  1.200000017881393E-006
  1.200000017881393E-006
  1.200000017881393E-006
  1.200000017881393E-006
  1.200000017881393E-006
  1.200000017881393E-006
  1.200000017881393E-006
  1.200000017881393E-006
  1.200000017881393E-006
  1.200000017881393E-006
  1.200000017881393E-006
  1.200000017881393E-006
  1.200000017881393E-006
  1.200000017881393E-006
  1.200000017881393E-006
  1.200000017881393E-006
  1.200000017881393E-006
  1.200000017881393E-006
  1.200000017881393E-006
  1.200000017881393E-006
  1.200000017881393E-006
  1.200000017881393E-006
  1.200000017881393E-006
  1.200000017881393E-006
  1.200000017881393E-006
  1.200000017881393E-006
  1.200000017881393E-006
  1.200000017881393E-006
  1.200000017881393E-006
  1.200000017881393E-006
  1.200000017881393E-006
  1.200000017881393E-006
  1.200000017881393E-006
  1.200000017881393E-006
  1.200000017881393E-006
  1.200000017881393E-006
  1.200000017881393E-006
  1.200000017881393E-006
  1.200000017881393E-006
  1.200000017881393E-006
  1.200000017881393E-006
  1.200000017881393E-006
  1.200000017881393E-006
  1.200000017881393E-006
  1.200000017881393E-006
  1.200000017881393E-006
  1.200000017881393E-006
  1.200000017881393E-006
  1.200000017881393E-006
  1.200000017881393E-006
  1.200000017881393E-006
  1.200000017881393E-006
  1.200000017881393E-006
  1.200000017881393E-006
  1.200000017881393E-006
  1.200000017881393E-006
  1.200000017881393E-006
  1.200000017881393E-006
  1.200000017881393E-006
  1.200000017881393E-006
  1.200000017881393E-006
  1.200000017881393E-006
  1.200000017881393E-006
  1.200000017881393E-006
  1.200000017881393E-006
  1.200000017881393E-006
  1.200000017881393E-006
  1.200000017881393E-006
  1.200000017881393E-006
  1.200000017881393E-006
  1.200000017881393E-006
  1.200000017881393E-006
  1.200000017881393E-006
  1.200000017881393E-006
  1.200000017881393E-006
  1.200000017881393E-006
  1.200000017881393E-006
  1.200000017881393E-006
  1.200000017881393E-006
  1.200000017881393E-006
  1.200000017881393E-006
  1.200000017881393E-006
  1.200000017881393E-006
  1.200000017881393E-006
  1.200000017881393E-006
  1.200000017881393E-006
  1.200000017881393E-006
  1.200000017881393E-006
  1.200000017881393E-006
  1.200000017881393E-006
  1.200000017881393E-006
  1.200000017881393E-006
  1.200000017881393E-006
  1.200000017881393E-006
  1.200000017881393E-006
  1.200000017881393E-006
  1.200000017881393E-006
  1.200000017881393E-006
  1.200000017881393E-006
  1.200000017881393E-006
  1.200000017881393E-006
  1.200000017881393E-006
  1.200000017881393E-006
  1.200000017881393E-006
  1.200000017881393E-006
  1.200000017881393E-006
  1.200000017881393E-006
  1.200000017881393E-006
  1.200000017881393E-006
  1.200000017881393E-006
  1.200000017881393E-006
  1.200000017881393E-006
  1.200000017881393E-006
  1.200000017881393E-006
  1.200000017881393E-006
  1.200000017881393E-006
  1.200000017881393E-006
  1.200000017881393E-006
  1.200000017881393E-006
  1.200000017881393E-006
  1.200000017881393E-006
  1.200000017881393E-006
  1.200000017881393E-006
  1.200000017881393E-006
  1.200000017881393E-006
  1.200000017881393E-006
  1.200000017881393E-006
  1.200000017881393E-006
  1.200000017881393E-006
  1.200000017881393E-006
  1.200000017881393E-006
  1.200000017881393E-006
  1.200000017881393E-006
  1.200000017881393E-006
  1.200000017881393E-006
  1.200000017881393E-006
  1.200000017881393E-006
  1.200000017881393E-006
  1.200000017881393E-006
  1.200000017881393E-006
  1.200000017881393E-006
  1.200000017881393E-006
  1.200000017881393E-006
  1.200000017881393E-006
  1.200000017881393E-006
  1.200000017881393E-006
  1.200000017881393E-006
  1.200000017881393E-006
  1.200000017881393E-006
  1.200000017881393E-006
  1.200000017881393E-006
  1.200000017881393E-006
  1.200000017881393E-006
  1.200000017881393E-006
  1.200000017881393E-006
  1.200000017881393E-006
  1.200000017881393E-006
  1.200000017881393E-006
  1.200000017881393E-006
  1.200000017881393E-006
  1.200000017881393E-006
  1.200000017881393E-006
  1.200000017881393E-006
  1.200000017881393E-006
  1.200000017881393E-006
  1.200000017881393E-006
  1.200000017881393E-006
  1.200000017881393E-006
  1.200000017881393E-006
  1.200000017881393E-006
  1.200000017881393E-006
  1.200000017881393E-006
  1.200000017881393E-006
  1.200000017881393E-006
  1.200000017881393E-006
  1.200000017881393E-006
  1.200000017881393E-006
  1.200000017881393E-006
  1.200000017881393E-006
  1.200000017881393E-006
  1.200000017881393E-006
  1.200000017881393E-006
  1.200000017881393E-006
  1.200000017881393E-006
  1.200000017881393E-006
  1.200000017881393E-006
  1.200000017881393E-006
  1.200000017881393E-006
  1.200000017881393E-006
  1.200000017881393E-006
  1.200000017881393E-006
  1.200000017881393E-006
  1.200000017881393E-006
  1.200000017881393E-006
  1.200000017881393E-006
  1.200000017881393E-006
  1.200000017881393E-006
  1.200000017881393E-006
  1.200000017881393E-006
  1.200000017881393E-006
  1.200000017881393E-006
  1.200000017881393E-006
  1.200000017881393E-006
  1.200000017881393E-006
  1.200000017881393E-006
  1.200000017881393E-006
  1.200000017881393E-006
  1.200000017881393E-006
  1.200000017881393E-006
  1.200000017881393E-006
  1.200000017881393E-006
  1.200000017881393E-006
  1.200000017881393E-006
  1.200000017881393E-006
  1.200000017881393E-006
  1.200000017881393E-006
  1.200000017881393E-006
  1.200000017881393E-006
  1.200000017881393E-006
  1.200000017881393E-006
  1.200000017881393E-006
  1.200000017881393E-006
  1.200000017881393E-006
  1.200000017881393E-006
  1.200000017881393E-006
  1.200000017881393E-006
  1.200000017881393E-006
  1.200000017881393E-006
  1.200000017881393E-006
  1.200000017881393E-006
  1.200000017881393E-006
  1.200000017881393E-006
  1.200000017881393E-006
  1.200000017881393E-006
  1.200000017881393E-006
  1.200000017881393E-006
  1.200000017881393E-006
  1.200000017881393E-006
  1.200000017881393E-006
  1.200000017881393E-006
  1.200000017881393E-006
  1.200000017881393E-006
  1.200000017881393E-006
  1.200000017881393E-006
  1.200000017881393E-006
  1.200000017881393E-006
  1.200000017881393E-006
  1.200000017881393E-006
  1.200000017881393E-006
  1.200000017881393E-006
  1.200000017881393E-006
  1.200000017881393E-006
  1.200000017881393E-006
  1.200000017881393E-006
  1.200000017881393E-006
  1.200000017881393E-006
  1.200000017881393E-006
  1.200000017881393E-006
  1.200000017881393E-006
  1.200000017881393E-006
  1.200000017881393E-006
  1.200000017881393E-006
  1.200000017881393E-006
  1.200000017881393E-006
  1.200000017881393E-006
  1.200000017881393E-006
  1.200000017881393E-006
  1.200000017881393E-006
  1.200000017881393E-006
  1.200000017881393E-006
  1.200000017881393E-006
  1.200000017881393E-006
  1.200000017881393E-006
  1.200000017881393E-006
  1.200000017881393E-006
  1.200000017881393E-006
  1.200000017881393E-006
  1.200000017881393E-006
  1.200000017881393E-006
  1.200000017881393E-006
  1.200000017881393E-006
  1.200000017881393E-006
  1.200000017881393E-006
  1.200000017881393E-006
  1.200000017881393E-006
  1.200000017881393E-006
  1.200000017881393E-006
  1.200000017881393E-006
  1.200000017881393E-006
  1.200000017881393E-006
  1.200000017881393E-006
  1.200000017881393E-006
  1.200000017881393E-006
  1.200000017881393E-006
  1.200000017881393E-006
  1.200000017881393E-006
  1.200000017881393E-006
  1.200000017881393E-006
  1.200000017881393E-006
  1.200000017881393E-006
  1.200000017881393E-006
  1.200000017881393E-006
  1.200000017881393E-006
  1.200000017881393E-006
  1.200000017881393E-006
  1.200000017881393E-006
  1.200000017881393E-006
  1.200000017881393E-006
  1.200000017881393E-006
  1.200000017881393E-006
  1.200000017881393E-006
  1.200000017881393E-006
  7.765057829332263E-008
  2.281993018380304E-007
  3.789581755471635E-007
  5.299263333098187E-007
  6.811019946463602E-007
  8.324821266915870E-007
  9.840642053979175E-007
  1.135845034830831E-006
  1.287821348115982E-006
  1.439989600874852E-006
  1.592346777532522E-006
  1.744889276982695E-006
  1.897614281655888E-006
  2.050518271458713E-006
  2.203597590454010E-006
  2.356848852282818E-006
  2.510268499054887E-006
  2.663853502840498E-006
  2.817599985703133E-006
  2.971504762349042E-006
  3.125564090229085E-006
  3.279774466813622E-006
  3.434132378088407E-006
  3.588634287119744E-006
  3.743276728962310E-006
  3.898055807860941E-006
  4.052968079492135E-006
  4.208010514696029E-006
  4.363178139070695E-006
  4.518467709790997E-006
  4.673876066475074E-006
  4.829399581789142E-006
  4.985033686486740E-006
  5.140775442385810E-006
  5.296621000337972E-006
  5.452566012286826E-006
  5.608607503388882E-006
  5.764741214955697E-006
  5.920963352074828E-006
  6.077270488117652E-006
  6.233658185244243E-006
  6.390123031305239E-006
  6.546661135261032E-006
  6.703268466472656E-006
  6.859941460260063E-006
  7.016675719171022E-006
  7.173468012880462E-006
  7.330313611719063E-006
  7.487209319483999E-006
  7.644151095930144E-006
  7.801134905951443E-006
  7.958156678573243E-006
  8.115212683741911E-006
  8.272298611058867E-006
  8.429410816869248E-006
  8.586545175912558E-006
  8.743697839442520E-006
  8.900864812797352E-006
  9.058042155162479E-006
  9.215225417736200E-006
  9.372411476754016E-006
  9.529595125041276E-006
  9.686773431852130E-006
  9.843942066435680E-006
  1.000109659142986E-005
  1.015823374357980E-005
  1.031534866101510E-005
  1.047243791976442E-005
  1.062949751721424E-005
  1.078652282997191E-005
  1.094351038202003E-005
  1.110045599026467E-005
  1.125735515766182E-005
  1.141420473103012E-005
  1.157100018036905E-005
  1.172773743767143E-005
  1.188441263339891E-005
  1.204102205135216E-005
  1.219756104458330E-005
  1.235402560474357E-005
  1.251041207907864E-005
  1.266671685579144E-005
  1.282293473726070E-005
  1.297906260869221E-005
  1.313509615308621E-005
  1.329103204445322E-005
  1.344686512528720E-005
  1.360259224293234E-005
  1.375820931375724E-005
  1.391371239034462E-005
  1.406909765241091E-005
  1.422436050238653E-005
  1.437949750638421E-005
  1.453450437956563E-005
  1.468937778970167E-005
  1.484411349494951E-005
  1.499870769711835E-005
  1.515315655810197E-005
  1.530745565314047E-005
  1.546160181530493E-005
  1.561559070826504E-005
  1.576941876339180E-005
  1.592308215066608E-005
  1.607657673975820E-005
  1.622989924723486E-005
  1.638304568652532E-005
  1.653601203923151E-005
  1.668879498543127E-005
  1.684139047109190E-005
  1.699379466509181E-005
  1.714600440316247E-005
  1.729801524022046E-005
  1.744982411601757E-005
  1.760142733082057E-005
  1.775282063609742E-005
  1.790400127908981E-005
  1.805496490557561E-005
  1.820570821804173E-005
  1.835622799682414E-005
  1.850652059060613E-005
  1.865658173468997E-005
  1.880640841613516E-005
  1.895599823640019E-005
  1.910534633184500E-005
  1.925444930633829E-005
  1.940330399401548E-005
  1.955190823494465E-005
  1.970025680548543E-005
  1.984834684372552E-005
  1.999617506007846E-005
  2.014373835533758E-005
  2.029103468961208E-005
  2.043805930366998E-005
  2.058480910234386E-005
  2.073128043482874E-005
  2.087747076829256E-005
  2.102337680031293E-005
  2.116899659062889E-005
  2.131432620764537E-005
  2.145936183552502E-005
  2.160410074755224E-005
  2.174854009017269E-005
  2.189267692958699E-005
  2.203650824393597E-005
  2.218003060102430E-005
  2.232324189976715E-005
  2.246613907212790E-005
  2.260871905677437E-005
  2.275097897256164E-005
  2.289291758296199E-005
  2.303453067918904E-005
  2.317581531899574E-005
  2.331676894557184E-005
  2.345738904524655E-005
  2.359767271063137E-005
  2.373761766814875E-005
  2.387722151482382E-005
  2.401648086236696E-005
  2.415539354735921E-005
  2.429395704724132E-005
  2.443216875134466E-005
  2.457002690787180E-005
  2.470752928607679E-005
  2.484467248121698E-005
  2.498145519183988E-005
  2.511787453539886E-005
  2.525392826344758E-005
  2.538961400795609E-005
  2.552492959525242E-005
  2.565987327725302E-005
  2.579444257070361E-005
  2.592863486579370E-005
  2.606244806648627E-005
  2.619588121405109E-005
  2.632893168482594E-005
  2.646159694010738E-005
  2.659387616780560E-005
  2.672576673564619E-005
  2.685726683371223E-005
  2.698837432931821E-005
  2.711908783067175E-005
  2.724940479220655E-005
  2.737932474451833E-005
  2.750884507496703E-005
  2.763796424110535E-005
  2.776668030092079E-005
  2.789499163713737E-005
  2.802289759154135E-005
  2.815039577779990E-005
  2.827748436443146E-005
  2.840416197670491E-005
  2.853042766206613E-005
  2.865628015127180E-005
  2.878171754310384E-005
  2.890673848147210E-005
  2.903134094113055E-005
  2.915552519715604E-005
  2.927928932599591E-005
  2.940263096748059E-005
  2.952555016831886E-005
  2.964804566509250E-005
  2.977011581220821E-005
  2.989175917104314E-005
  3.001297560897387E-005
  3.013376398994070E-005
  3.025412229758283E-005
  3.037405030893917E-005
  3.049354721304074E-005
  3.061261184304468E-005
  3.073124263530580E-005
  3.084943953410934E-005
  3.096720212203443E-005
  3.108452787193393E-005
  3.120141779035209E-005
  3.131787057988203E-005
  3.143388449254019E-005
  3.154946043289370E-005
  3.166459713972805E-005
  3.177929295283440E-005
  3.189354870945471E-005
  3.200736370007485E-005
  3.212073636487428E-005
  3.223366690117566E-005
  3.234615489838752E-005
  3.245819935095083E-005
  3.256980101545980E-005
  3.268095814733117E-005
  3.279167098010126E-005
  3.290193963018588E-005
  3.301176213759574E-005
  3.312114008553093E-005
  3.323007293477241E-005
  3.333855918904176E-005
  3.344660027457884E-005
  3.355419437929547E-005
  3.366134239667297E-005
  3.376804443491371E-005
  3.387429919464874E-005
  3.398010813551046E-005
  3.408547009324536E-005
  3.419038536230038E-005
  3.429485450456467E-005
  3.439887623132140E-005
  3.450245219855544E-005
  3.460558092834804E-005
  3.470826360745899E-005
  3.481050021601641E-005
  3.491229031345357E-005
  3.501363524853761E-005
  3.511453368881276E-005
  3.521498727226579E-005
  3.531499542024232E-005
  3.541455857966521E-005
  3.551367737931288E-005
  3.561235137638380E-005
  3.571058214965071E-005
  3.580836831740952E-005
  3.590571201692271E-005
  3.600261257471530E-005
  3.609907090823855E-005
  3.619508743085085E-005
  3.629066222867961E-005
  3.638579638652661E-005
  3.648048961465572E-005
  3.657474360385559E-005
  3.666855747396430E-005
  3.676193304308104E-005
  3.685486995919462E-005
  3.694736964517261E-005
  3.703943222804027E-005
  3.713105847511618E-005
  3.722224928186601E-005
  3.731300487524637E-005
  3.740332673970373E-005
  3.749321465632626E-005
  3.758267042049799E-005
  3.767169325462237E-005
  3.776028544833324E-005
  3.784844675152886E-005
  3.793617909627892E-005
  3.802348208857427E-005
  3.811035775331277E-005
  3.819680618172604E-005
  3.828282805075524E-005
  3.836842475403520E-005
  3.845359688484485E-005
  3.853834585178383E-005
  3.862267231836545E-005
  3.870657728513013E-005
  3.879006098320801E-005
  3.887312560876318E-005
  3.895577116976232E-005
  3.903799992394821E-005
  3.911981105127806E-005
  3.920120711057331E-005
  3.928218838212223E-005
  3.936275711122203E-005
  3.944291231653238E-005
  3.952265690184690E-005
  3.960199068398944E-005
  3.968091633073175E-005
  3.975943312311424E-005
  3.983754326509203E-005
  3.991524781787848E-005
  3.999254831640442E-005
  4.006944468539632E-005
  4.014593945951532E-005
  4.022203359025694E-005
  4.029772710880589E-005
  4.037302227842728E-005
  4.044792062819352E-005
  4.052242207565365E-005
  4.059652900120253E-005
  4.067024308147466E-005
  4.074356356160493E-005
  4.081649369807912E-005
  4.088903412013144E-005
  4.096118563870784E-005
  4.103294986963358E-005
  4.110432878350126E-005
  4.117532219081636E-005
  4.124593348937112E-005
  4.131616133573671E-005
  4.138600945623839E-005
  4.145547805190144E-005
  4.152456844581993E-005
  4.159328315392909E-005
  4.166162141521234E-005
  4.172958651784403E-005
  4.179717891093161E-005
  4.186439998709853E-005
  4.193125184882409E-005
  4.199773461345776E-005
  4.206385150601422E-005
  4.212960151777015E-005
  4.219498891925068E-005
  4.226001166260876E-005
  4.232467477001345E-005
  4.238897647306843E-005
  4.245292107509274E-005
  4.251650743095492E-005
  4.257973939395752E-005
  4.264261582893797E-005
  4.270514092685842E-005
  4.276731303260662E-005
  4.282913669342440E-005
  4.289061106668271E-005
  4.295173923023872E-005
  4.301252122981047E-005
  4.307295963362535E-005
  4.313305549441143E-005
  4.319280975675520E-005
  4.325222582079510E-005
  4.331130165222629E-005
  4.337004234295399E-005
  4.342844692576260E-005
  4.348651786146226E-005
  4.354425774465729E-005
  4.360166474572798E-005
  4.365874434444678E-005
  4.371549494273310E-005
  4.377191937958520E-005
  4.382802013061632E-005
  4.388379563670046E-005
  4.393925001854271E-005
  4.399438570560376E-005
  4.404919939546729E-005
  4.410369710875698E-005
  4.415788060023263E-005
  4.421174665826408E-005
  4.426530109928011E-005
  4.431854503434401E-005
  4.437147764659554E-005
  4.442410128655998E-005
  4.447641959617542E-005
  4.452843344963472E-005
  4.458013953394714E-005
  4.463154492666184E-005
  4.468265040127340E-005
  4.473345716769115E-005
  4.478396149719054E-005
  4.483417138865390E-005
  4.488408721404584E-005
  4.493371098732136E-005
  4.498303939571784E-005
  4.503207594024418E-005
  4.508082547157092E-005
  4.512928824804457E-005
  4.517746637997778E-005
  4.522536060698502E-005
  4.527296391581946E-005
  4.532028764000866E-005
  4.536733210014219E-005
  4.541409959538850E-005
  4.546059069554840E-005
  4.550680655047455E-005
  4.555274893789102E-005
  4.559841860291622E-005
  4.564381760261201E-005
  4.568894690903750E-005
  4.573379462745261E-005
  4.577837599563060E-005
  4.582269460885497E-005
  4.586675025095384E-005
  4.591054466784595E-005
  4.595407924920540E-005
  4.599735413886022E-005
  4.604037062753592E-005
  4.608313203632983E-005
  4.612563820874823E-005
  4.616789187964187E-005
  4.620988969395988E-005
  4.625163858275972E-005
  4.629314330354596E-005
  4.633438767607015E-005
  4.637531748698123E-005
  4.643316427681074E-005
  4.645651429010126E-005
  4.649694235506617E-005
  4.653695520841406E-005
  4.657674499787155E-005
  4.661628538133238E-005
  4.665560110820919E-005
  4.669467352271734E-005
  4.673351084405219E-005
  4.677211298834090E-005
  4.681048570293575E-005
  4.684862530097465E-005
  4.688652796079268E-005
  4.692420374292398E-005
  4.696165262478009E-005
  4.699887626566460E-005
  4.703587607099444E-005
  4.707265283110954E-005
  4.710920759103326E-005
  4.714554226659819E-005
  4.718165759922566E-005
  4.721755478535704E-005
  4.725323589263344E-005
  4.728870067313354E-005
  4.732395171017395E-005
  4.735898969730321E-005
  4.739381564013234E-005
  4.742843136993393E-005
  4.746283762927071E-005
  4.749703571091330E-005
  4.753102729235482E-005
  4.756481279777664E-005
  4.759839412703883E-005
  4.763177248606192E-005
  4.766494838707366E-005
  4.769792371504719E-005
  4.773069965858916E-005
  4.776327669000010E-005
  4.779565693991725E-005
  4.782784121206241E-005
  4.785983025421709E-005
  4.789162580852557E-005
  4.792322902461199E-005
  4.795464036164554E-005
  4.798586191015037E-005
  4.801689442822405E-005
  4.804773877697943E-005
  4.807839651160802E-005
  4.810886873467968E-005
  4.813915615773095E-005
  4.816926042374505E-005
  4.819918253237149E-005
  4.822892316496751E-005
  4.825848390203666E-005
  4.828786574675953E-005
  4.831706955600176E-005
  4.834609655127267E-005
  4.837494802923668E-005
  4.840362481716351E-005
  4.843212785079301E-005
  4.846045858126076E-005
  4.848861795122193E-005
  4.851660659590926E-005
  4.854442613713102E-005
  4.857207769693719E-005
  4.859956124778074E-005
  4.862687888178502E-005
  4.865403159636749E-005
  4.868101977367021E-005
  4.870784462971728E-005
  4.873450759550210E-005
  4.876100946146349E-005
  4.878735052218817E-005
  4.881353268214876E-005
  4.883955684846342E-005
  4.886542327762264E-005
  4.889113339859037E-005
  4.891668843534865E-005
  4.894208913445309E-005
  4.896733582256474E-005
  4.899243027937671E-005
  4.901737335834292E-005
  4.904216546668625E-005
  4.906680775149722E-005
  4.909130147738905E-005
  4.911564735049449E-005
  4.913984580837472E-005
  4.916389834934098E-005
  4.918780572153133E-005
  4.921156887181708E-005
  4.923518817666784E-005
  4.925866517209541E-005
  4.928200050357717E-005
  4.930519507355926E-005
  4.932824917685787E-005
  4.935116434480634E-005
  4.937394141713122E-005
  4.939658087669757E-005
  4.941908318799745E-005
  4.944144977113756E-005
  4.946368157961763E-005
  4.948577931725259E-005
  4.950774336582066E-005
  4.952957555568043E-005
  4.955127667306993E-005
  4.957284738256840E-005
  4.959428735579710E-005
  4.961559833954370E-005
  4.963678087518455E-005
  4.965783556397718E-005
  4.967876269234561E-005
  4.969956319869344E-005
  4.972023801424358E-005
  4.974078773487364E-005
  4.976121327344986E-005
  4.978151447208588E-005
  4.980169291245713E-005
  4.982174935021466E-005
  4.984168449023884E-005
  4.986149822691230E-005
  4.988119172368132E-005
  4.990076607858278E-005
  4.992022168800959E-005
  4.993955959726851E-005
  4.995877916370714E-005
  4.997788246658208E-005
  4.999686955687734E-005
  5.001574154558205E-005
  5.003449898009325E-005
  5.005314121020847E-005
  5.007167024216770E-005
  5.009008663322837E-005
  5.010839064524252E-005
  5.012658341729564E-005
  5.014466442815566E-005
  5.016263502675859E-005
  5.018049615239019E-005
  5.019824808868193E-005
  5.021589140011199E-005
  5.023342643308176E-005
  5.025085348755463E-005
  5.026817393986361E-005
  5.028538805812080E-005
  5.030249662084221E-005
  5.031950026485004E-005
  5.033639853594816E-005
  5.035319256035899E-005
  5.036988290647097E-005
  5.038647054577469E-005
  5.040295585208173E-005
  5.041933904404740E-005
  5.043562082817615E-005
  5.045180090564056E-005
  5.046788002238831E-005
  5.048385999585008E-005
  5.049973897713866E-005
  5.051552057708052E-005
  5.053120249006528E-005
  5.054678533121348E-005
  5.056227133552048E-005
  5.057766189036682E-005
  5.059295408401360E-005
  5.060815038465885E-005
  5.062325328239124E-005
  5.063825840998281E-005
  5.065316625044987E-005
  5.066798058465645E-005
  5.068269792631751E-005
  5.069732547462051E-005
  5.071186220242109E-005
  5.072630587863591E-005
  5.074065192486170E-005
  5.075490613246032E-005
  5.076907002596524E-005
  5.078314099430829E-005
  5.079711930741931E-005
  5.081100730509621E-005
  5.082480532397234E-005
  5.083851376627840E-005
  5.085213189433284E-005
  5.086565989443743E-005
  5.087909998774929E-005
  5.089245098425124E-005
  5.090571412924740E-005
  5.091888963897291E-005
  5.093197783298956E-005
  5.094497874723325E-005
  5.095789311276288E-005
  5.097072041180124E-005
  5.098345971156516E-005
  5.099611357295898E-005
  5.100868210765660E-005
  5.102116482613013E-005
  5.103356271678523E-005
  5.104587607125560E-005
  5.105810474730549E-005
  5.107024941809875E-005
  5.108231020993510E-005
  5.109428724243688E-005
  5.110618093231628E-005
  5.111799133352385E-005
  5.112971876227273E-005
  5.114136342410607E-005
  5.115292529972364E-005
  5.116440529792430E-005
  5.117580313024120E-005
  5.118711866540181E-005
  5.119835252896508E-005
  5.120950475137995E-005
  5.122057592824146E-005
  5.123156563704166E-005
  5.124247387271493E-005
  5.125330130167952E-005
  5.126404747987949E-005
  5.127471296651876E-005
  5.128529682348713E-005
  5.129579965074059E-005
  5.130622126201336E-005
  5.131656150276438E-005
  5.132682036833495E-005
  5.133699761334054E-005
  5.134709295108641E-005
  5.135710620878156E-005
  5.136703699567215E-005
  5.137688528803699E-005
  5.138665019193852E-005
  5.139633190478230E-005
  5.140592703474888E-005
  5.141543353363542E-005
  5.142485620594212E-005
  5.143419360340044E-005
  5.144344634246649E-005
  5.145261326055565E-005
  5.146169366208980E-005
  5.147068780628669E-005
  5.147959297497130E-005
  5.148840948525139E-005
  5.149713748654468E-005
  5.150577444611000E-005
  5.151432164969317E-005
  5.152277733459196E-005
  5.153113823177468E-005
  5.153940603957158E-005
  5.154757887107253E-005
  5.155565691056943E-005
  5.156363934184456E-005
  5.157152533841292E-005
  5.157931407221506E-005
  5.158700472044720E-005
  5.159459646633378E-005
  5.160208850233233E-005
  5.160948002953445E-005
  5.161677026081016E-005
  5.162395842169076E-005
  5.163104375230327E-005
  5.163802550844251E-005
  5.164490296412670E-005
  5.165167541256954E-005
  5.165834216822545E-005
  5.166490256832749E-005
  5.167135597502817E-005
  5.167770177675606E-005
  5.168393939029185E-005
  5.169006826251696E-005
  5.169608787264429E-005
  5.170199773397152E-005
  5.170779739591661E-005
  5.171348644663648E-005
  5.171906451452588E-005
  5.172453127139776E-005
  5.172988643467460E-005
  5.173512977002924E-005
  5.174026109445890E-005
  5.174528027913352E-005
  5.175018725290698E-005
  5.175498200558445E-005
  5.175966459218840E-005
  5.176423513631855E-005
  5.176869383572441E-005
  5.177304096609230E-005
  5.177727688673431E-005
  5.178140204630590E-005
  5.178541741321050E-005
  5.178932413647287E-005
  5.179312217635413E-005
  5.179681177149248E-005
  5.180039487676078E-005
  5.180387334734704E-005
  5.180724627346340E-005
  5.181051463186147E-005
  5.181368333636579E-005
  5.181675084633347E-005
  5.181972146252526E-005
  5.182259666684234E-005
  5.182538405406938E-005
  5.182808063799480E-005
  5.183068928998282E-005
  5.183321326407432E-005
  5.183565583531380E-005
  5.183802063450711E-005
  5.184031155053925E-005
  5.184253295928964E-005
  5.184468880796072E-005
  5.184678472291427E-005
  5.184882530763022E-005
  5.185081595025097E-005
  5.185276259733419E-005
  5.185467142598599E-005
  5.185654830555814E-005
  5.185839987717597E-005
  5.186023249006895E-005
  5.186205325049044E-005
  5.186386865683334E-005
  5.186568577508578E-005
  5.186751118727249E-005
  5.186935151230203E-005
  5.187121368371857E-005
  5.187310263727521E-005
  5.187502542995150E-005
  5.187698523451574E-005
  5.187898577318208E-005
  5.188102980577112E-005
  5.188311916791067E-005
  5.188525472294866E-005
  5.188743587664443E-005
  5.188966092738798E-005
  5.189192692229080E-005
  5.189422995481002E-005
  5.189656475933512E-005
  5.189892521588532E-005
  5.190130523935296E-005
  5.190369923994876E-005
  5.190609901006318E-005
  5.190849810666696E-005
  5.191089054484458E-005
  5.191327085988297E-005
  5.191563421119751E-005
  5.191797637112314E-005
  5.192029392942403E-005
  5.192258414330273E-005
  5.192484466479289E-005
  5.192707364647280E-005
  5.192926989448207E-005
  5.193143223539099E-005
  5.193355996990880E-005
  5.193565261895284E-005
  5.193770980515359E-005
  5.193973128110532E-005
  5.194171692260780E-005
  5.194366673378620E-005
  5.194558069054652E-005
  5.194745884967613E-005
  5.194930129194478E-005
  5.195110810093695E-005
  5.195287953725016E-005
  5.195461558675611E-005
  5.195631650533364E-005
  5.195798234150747E-005
  5.195961333492655E-005
  5.196120975743142E-005
  5.196277163887355E-005
  5.196429919538264E-005
  5.196579262651761E-005
  5.196725203060809E-005
  5.196867775751281E-005
  5.197006987560372E-005
  5.197142852539223E-005
  5.197275395123116E-005
  5.197404641852567E-005
  5.197530602456325E-005
  5.197653300476140E-005
  5.197772749894091E-005
  5.197888977569790E-005
  5.198001994659301E-005
  5.198111823325162E-005
  5.198218481274360E-005
  5.198321992804194E-005
  5.198422364920584E-005
  5.198519631077793E-005
  5.198613799789190E-005
  5.198704893956420E-005
  5.198792935774866E-005
  5.198877937907071E-005
  5.198959922308027E-005
  5.199038909165138E-005
  5.199114908394748E-005
  5.199187953043427E-005
  5.199258052415765E-005
  5.199325224162238E-005
  5.199389492037445E-005
  5.199450869139321E-005
  5.199509378334820E-005
  5.199565033356629E-005
  5.199617851877253E-005
  5.199667857164180E-005
  5.199715062295460E-005
  5.199759485641498E-005
  5.199801145744099E-005
  5.199840062280143E-005
  5.199876249309689E-005
  5.199909723229229E-005
  5.199940506403186E-005
  5.199968609881532E-005
  5.199994055504445E-005
  5.200016857412907E-005
  5.200037032379220E-005
  5.200054596454197E-005
  5.200069568365248E-005
  5.200081962920817E-005
  5.200091795933919E-005
  5.200099084846058E-005
  5.200103844812720E-005
  5.200106091230674E-005
  5.200105840047016E-005
  5.200103106786992E-005
  5.200097907118284E-005
  5.200090255718153E-005
  5.200080168305371E-005
  5.200067658743777E-005
  5.200052742919762E-005
  5.200035434772303E-005
  5.200015748951759E-005
  5.199993700043577E-005
  5.199969303005588E-005
  5.199942570207950E-005
  5.199913516019380E-005
  5.199882154471205E-005
  5.199848499489360E-005
  5.199812565205941E-005
  5.199774362548524E-005
  5.199733905909701E-005
  5.199691206793734E-005
  5.199646279809082E-005
  5.199599136117142E-005
  5.199549787592155E-005
  5.199498249037389E-005
  5.199444530699495E-005
  5.199388646743810E-005
  5.199330606913618E-005
  5.199270423462156E-005
  5.199208102345927E-005
  5.199143666486437E-005
  5.199077112832160E-005
  5.199008470444491E-005
  5.198937729664843E-005
  5.198864910131360E-005
  5.198790030005176E-005
  5.198713079289834E-005
  5.198634082096988E-005
  5.198553051322306E-005
  5.198469991277055E-005
  5.198384909896371E-005
  5.198297811235850E-005
  5.198208722951330E-005
  5.198117628195643E-005
  5.198024553359603E-005
  5.197929506887869E-005
  5.197832482358487E-005
  5.197733505331830E-005
  5.197632578743650E-005
  5.197529691827982E-005
  5.197424890905633E-005
  5.197318137118477E-005
  5.197209466200347E-005
  5.197098877506501E-005
  5.196986375750437E-005
  5.196871965492753E-005
  5.196755668961173E-005
  5.196637469377148E-005
  5.196517399240545E-005
  5.196395424232141E-005
  5.196271586555023E-005
  5.196145861924519E-005
  5.196018288219754E-005
  5.195888837886863E-005
  5.195757535035813E-005
  5.195624382062053E-005
  5.195489368462019E-005
  5.195352514572307E-005
  5.195213814579506E-005
  5.195073278509790E-005
  5.194930891306936E-005
  5.194786684575936E-005
  5.194640634614619E-005
  5.194492762138233E-005
  5.194343048239593E-005
  5.194191511194520E-005
  5.194038154335544E-005
  5.193882971798893E-005
  5.193725952141638E-005
  5.193567132247036E-005
  5.193406464167325E-005
  5.193243969684801E-005
  5.193079675651324E-005
  5.192913547721671E-005
  5.192745597061890E-005
  5.192575826874103E-005
  5.192404214428979E-005
  5.192230761028805E-005
  5.192055491724153E-005
  5.191878405907303E-005
  5.191699469329233E-005
  5.191518697673547E-005
  5.191336092487403E-005
  5.191151642156920E-005
  5.190965340367833E-005
  5.190777208258945E-005
  5.190587191272667E-005
  5.190395327124760E-005
  5.190201598590157E-005
  5.190005998876815E-005
  5.189808532229754E-005
  5.189609181091864E-005
  5.189407937004575E-005
  5.189204820234428E-005
  5.188999777962661E-005
  5.188792833914301E-005
  5.188583982797526E-005
  5.188373225800991E-005
  5.188160531733861E-005
  5.187945898165918E-005
  5.187729344819332E-005
  5.187510822117237E-005
  5.187290357185293E-005
  5.187067867073158E-005
  5.186843420012799E-005
  5.186616987720053E-005
  5.186388543188382E-005
  5.186158084392278E-005
  5.185925637185932E-005
  5.185691111802033E-005
  5.185454529850806E-005
  5.185215877356339E-005
  5.184975170330347E-005
  5.184732392405402E-005
  5.184487487867509E-005
  5.184240458361834E-005
  5.183991324686237E-005
  5.183740043331545E-005
  5.183486606497542E-005
  5.183230961640305E-005
  5.182973135776275E-005
  5.182713094408762E-005
  5.182450837399615E-005
  5.182186328095349E-005
  5.181919592294132E-005
  5.181650537240471E-005
  5.181379202414559E-005
  5.181105504762702E-005
  5.180829510544905E-005
  5.180551181132807E-005
  5.180270412519649E-005
  5.179987265904597E-005
  5.179701652830098E-005
  5.179413626504060E-005
  5.179123188727830E-005
  5.178830171822610E-005
  5.178534594520355E-005
  5.178236498622223E-005
  5.177935892698348E-005
  5.177632631509346E-005
  5.177326786758633E-005
  5.177018253050495E-005
  5.176707019554013E-005
  5.176393075046491E-005
  5.176076441803386E-005
  5.175757039484923E-005
  5.175434788793364E-005
  5.175109644160772E-005
  5.174781741464474E-005
  5.174450902533402E-005
  5.174117101814710E-005
  5.173780355520670E-005
  5.173440694793380E-005
  5.173097830313343E-005
  5.172751887878533E-005
  5.172402892480425E-005
  5.172050717447142E-005
  5.171695230560067E-005
  5.171336676980214E-005
  5.170974737029429E-005
  5.170609362027066E-005
  5.170240641539349E-005
  5.169868607605790E-005
  5.169493030749574E-005
  5.169113961072178E-005
  5.168731292337444E-005
  5.168344906068578E-005
  5.167954927372864E-005
  5.167561107804815E-005
  5.167163522475032E-005
  5.166762028821595E-005
  5.166356768876803E-005
  5.165947442862103E-005
  5.165534097804036E-005
  5.165116514345779E-005
  5.164694776052219E-005
  5.164268913948615E-005
  5.163838453895567E-005
  5.163403636153832E-005
  5.162964396408735E-005
  5.162520521857096E-005
  5.162072102375260E-005
  5.161618825875268E-005
  5.161160792434450E-005
  5.160697815615065E-005
  5.160229743697843E-005
  5.159756658805233E-005
  5.159278224507381E-005
  5.158794570252719E-005
  5.158305484508068E-005
  5.157810606165455E-005
  5.157310073151589E-005
  5.156803771978657E-005
  5.156291560755134E-005
  5.155773331588135E-005
  5.155248767890362E-005
  5.154717895783626E-005
  5.154217233527398E-005
  5.153721940411345E-005
  5.153220182965925E-005
  5.152711819081826E-005
  5.152196605360562E-005
  5.151674021570843E-005
  5.151144365155343E-005
  5.150607198074557E-005
  5.150062496428127E-005
  5.149509875196011E-005
  5.148949150855515E-005
  5.148380012590551E-005
  5.147802324028018E-005
  5.147215634125309E-005
  5.146619990873067E-005
  5.146014779251295E-005
  5.145400004906518E-005
  5.144778115211604E-005
  5.144146212008749E-005
  5.143501709425119E-005
  5.142846231217621E-005
  5.142178904277897E-005
  5.141498899131965E-005
  5.140806572391646E-005
  5.140100976484202E-005
  5.139381181331415E-005
  5.138646877122420E-005
  5.137898221309937E-005
  5.137135151368573E-005
  5.136354493705995E-005
  5.135557797041449E-005
  5.134743718348932E-005
  5.133912068429484E-005
  5.133062081275546E-005
  5.132192382710351E-005
  5.131302080328532E-005
  5.130390123960492E-005
  5.129456076296322E-005
  5.128498180199041E-005
  5.127515027293026E-005
  5.126506289878735E-005
  5.125470319548317E-005
  5.124405959037396E-005
  5.123311993394766E-005
  5.122187021006193E-005
  5.121029092238498E-005
  5.119836545075473E-005
  5.118607902668555E-005
  5.117341591643469E-005
  5.116036835919551E-005
  5.114690719067447E-005
  5.113300888821982E-005
  5.111865986358126E-005
  5.110383431710490E-005
  5.108852986650528E-005
  5.107278293375415E-005
  5.105648331903602E-005
  5.103959748108908E-005
  5.102211196679758E-005
  5.100398107643331E-005
  5.098522435796327E-005
  5.096578447367971E-005
  5.094563767332746E-005
  5.092475666229268E-005
  5.090309370882654E-005
  5.088063728219021E-005
  5.085733319876863E-005
  5.083317655874020E-005
  5.080813248469207E-005
  5.078216584966941E-005
  5.075525307489013E-005
  5.072735865496680E-005
  5.069847413569011E-005
  5.066858905930865E-005
  5.063765953639430E-005
  5.060572841850358E-005
  5.057261820332777E-005
  5.053844182476409E-005
  5.050311097457590E-005
  5.046670778990938E-005
  5.042914253763130E-005
  5.039049136290877E-005
  5.035069448214744E-005
  5.030978538443608E-005
  5.026777248301517E-005
  5.022468641535249E-005
  5.018081430429949E-005
  5.013669941338751E-005
  5.009242593004242E-005
  5.004810740857729E-005
  5.000409533970583E-005
  4.996078229971852E-005
  4.991770839951408E-005
  4.987504400982460E-005
  4.983306865187574E-005
  4.979202048373977E-005
  4.975187366897321E-005
  4.971300776987010E-005
  4.967577605365592E-005
  4.964024909608281E-005
  4.960670610207256E-005
  4.957574812162247E-005
  4.954743339527027E-005
  4.952221649746963E-005
  4.950031793186561E-005
  4.948223702600712E-005
  4.946821451629083E-005
  4.945860866317349E-005
  4.945383132578935E-005
  4.945395753644367E-005
  4.945945178039649E-005
  4.947072438973634E-005
  4.948783333915637E-005
  4.951076754985197E-005
  4.953985701627288E-005
  4.957522948136913E-005
  4.961600968071298E-005
  4.966209162597224E-005
  4.971352204067197E-005
  4.976980013317184E-005
  4.983029163877415E-005
  4.989414633374465E-005
  4.996031544524961E-005
  5.002761028957908E-005
  5.009467736909083E-005
  5.016002203069765E-005
  5.022199727855682E-005
  5.027874993420947E-005
  5.032865075718974E-005
  5.037020099934448E-005
  5.040201754604139E-005
  5.042318055715483E-005
  5.043370835628153E-005
  5.043454478946855E-005
  5.042781823608710E-005
  5.041698028161544E-005
  5.040393094821084E-005
  5.038965957629679E-005
  5.037519415569707E-005
  5.036026980219550E-005
  5.034507768485637E-005
  5.032971326832233E-005
  5.031425035827635E-005
  5.029841200300544E-005
  5.028219060658356E-005
  5.026616826183014E-005
  5.024947033794169E-005
  5.023312753486067E-005
  5.021639026133117E-005
  5.019920122624595E-005
  5.018214459259303E-005
  5.016440471331001E-005
  5.014683808262876E-005
  5.012931286328328E-005
  5.011115072046310E-005
  5.009296748904191E-005
  5.007461834727461E-005
  5.005592475097216E-005
  5.003718503144621E-005
  5.001824732381635E-005
  4.999904497784905E-005
  4.997958248850495E-005
  4.995987497225124E-005
  4.994020530423658E-005
  4.992026703790341E-005
  4.990007845924682E-005
  4.987966289097546E-005
  4.985914124843473E-005
  4.983818907864496E-005
  4.981713973424514E-005
  4.979559709793799E-005
  4.977455108701019E-005
  4.975265608786778E-005
  4.973075254069724E-005
  4.970860395244652E-005
  4.968622473992185E-005
  4.966347437770650E-005
  4.964085165714642E-005
  4.961771621328042E-005
  4.959432406946569E-005
  4.957122452924822E-005
  4.954721864562753E-005
  4.952324031251988E-005
  4.949913817037199E-005
  4.947376252164850E-005
  4.944882483010482E-005
  4.942479479578095E-005
  4.940078948137021E-005
  4.937552111271594E-005
  4.934989190956194E-005
  4.932338912455334E-005
  4.929724518723264E-005
  4.927082347295737E-005
  4.924481154604822E-005
  4.921761969142398E-005
  4.919050474736815E-005
  4.916275273975749E-005
  4.913491218397048E-005
  4.910676588287123E-005
  4.907836585670304E-005
  4.904984416683235E-005
  4.902061488138923E-005
  4.899091053612652E-005
  4.896133448423329E-005
  4.893181891503773E-005
  4.890154052514182E-005
  4.887122143039670E-005
  4.884016554682928E-005
  4.880897542226592E-005
  4.877706449881786E-005
  4.874561555677325E-005
  4.871343435462900E-005
  4.868111219393941E-005
  4.864760286830259E-005
  4.861422213241419E-005
  4.857970910214886E-005
  4.854570604652409E-005
  4.851091860969759E-005
  4.847576215467337E-005
  4.844015646839822E-005
  4.840346712421885E-005
  4.836634187925550E-005
  4.833009746335471E-005
  4.829353375478876E-005
  4.825614693297132E-005
  4.821930602200977E-005
  4.818187409933105E-005
  4.814353079869310E-005
  4.810539785748659E-005
  4.806673907507135E-005
  4.802765405474384E-005
  4.798847506245343E-005
  4.794919721647904E-005
  4.791026090062788E-005
  4.787158887476907E-005
  4.783407140367271E-005
  4.779662303865059E-005
  4.776149696749795E-005
  4.772954478949350E-005
  4.770104945452069E-005
  4.767655200674393E-005
  4.765833854057373E-005
  4.764736927443492E-005
  4.763550701761592E-005
  4.762424665877854E-005
  4.761373842570019E-005
  4.760480536510445E-005
  4.759665413733258E-005
  4.758834291884918E-005
  4.758090571759703E-005
  4.757395118584592E-005
  4.756831504145344E-005
  4.756300677498876E-005
  4.755889503990917E-005
  4.755495993232133E-005
  4.755184529861869E-005
  4.754969218032117E-005
  4.754829014635021E-005
  4.754741611702674E-005
  4.754727904090932E-005
  4.754790017020661E-005
  4.754900772190252E-005
  4.755080595608687E-005
  4.755335229534316E-005
  4.755636828924603E-005
  4.756000841064933E-005
  4.756437165949301E-005
  4.756915724504163E-005
  4.757461384810344E-005
  4.758066330737193E-005
  4.758717346187499E-005
  4.759439378053182E-005
  4.760194042688608E-005
  4.761013214794339E-005
  4.761872028717209E-005
  4.762786013052077E-005
  4.763737843734691E-005
  4.764739482446724E-005
  4.765774706815350E-005
  4.766852086299776E-005
  4.767961448701394E-005
  4.769109204168063E-005
  4.770286217507807E-005
  4.771487193998318E-005
  4.772713029693559E-005
  4.773960275980179E-005
  4.767193805122622E-005
  4.758491684618358E-005
  4.749731726916618E-005
  4.740901354833741E-005
  4.731997639739487E-005
  4.723017243764867E-005
  4.713956643575436E-005
  4.704812207311631E-005
  4.695580208255626E-005
  4.686256706806608E-005
  4.676837865896814E-005
  4.667319273038532E-005
  4.657696395537174E-005
  4.647964060124264E-005
  4.638117992800038E-005
  4.628152284636828E-005
  4.618062301161569E-005
  4.607842069949804E-005
  4.597485761596599E-005
  4.586987304541063E-005
  4.576340251722212E-005
  4.565538329376215E-005
  4.554574462745649E-005
  4.543441891448327E-005
  4.532132984015046E-005
  4.520640124574183E-005
  4.508955333334676E-005
  4.497070284383215E-005
  4.484976299171337E-005
  4.472664374348510E-005
  4.460125113835625E-005
  4.447348643776032E-005
  4.434325011775084E-005
  4.421043426507536E-005
  4.407492894673569E-005
  4.393661171265683E-005
  4.379535459959389E-005
  4.365104998623204E-005
  4.350356824540640E-005
  4.335277308991433E-005
  4.319852471603816E-005
  4.304067625638240E-005
  4.287907552342125E-005
  4.271356111943731E-005
  4.254396798082164E-005
  4.237011890014317E-005
  4.219182696107408E-005
  4.200890255455133E-005
  4.182115872564309E-005
  4.162839010849765E-005
  4.143038312105371E-005
  4.122691115524815E-005
  4.101773860759257E-005
  4.080261956007426E-005
  4.058130730491618E-005
  4.035352177241660E-005
  4.011898802888031E-005
  3.987742014767881E-005
  3.962851886422370E-005
  3.937196106127235E-005
  3.910741746610277E-005
  3.883454514562553E-005
  3.855298280802856E-005
  3.826235350227215E-005
  3.796225256097065E-005
  3.765228475653327E-005
  3.733201231298160E-005
  3.700100277114760E-005
  3.665878210934283E-005
  3.630486149589995E-005
  3.593873597427460E-005
  3.555989320440293E-005
  3.516779296898622E-005
  3.476186640121980E-005
  3.434152572197622E-005
  3.390618157005853E-005
  3.345520316672914E-005
  3.298795151041946E-005
  3.250374588703710E-005
  3.200192914096650E-005
  3.148178324252733E-005
  3.094260550710924E-005
  3.038368504852792E-005
  2.980424898552805E-005
  2.920358141404496E-005
  2.858093087250317E-005
  2.793551693634088E-005
  2.726666606279110E-005
  2.657369249198786E-005
  2.585568015307609E-005
  2.511216777495072E-005
  2.434246582693588E-005
  2.354597529609506E-005
  2.272183129407356E-005
  2.186998655277167E-005
  2.098884632183093E-005
  2.007971023798559E-005
