  2.873817419179736E-005
  6.240202157901125E-006
  4.434084679233913E-006
  3.897226237895742E-006
  2.510279877165957E-006
  1.298850999883127E-006
  2.604950088913971E-007
  1.200000017881393E-006
  1.200000017881393E-006
  1.200000017881393E-006
  1.200000017881393E-006
  1.200000017881393E-006
  1.200000017881393E-006
  1.200000017881393E-006
  1.200000017881393E-006
  1.200000017881393E-006
  1.200000017881393E-006
  1.200000017881393E-006
  1.200000017881393E-006
  1.200000017881393E-006
  1.200000017881393E-006
  1.200000017881393E-006
  1.200000017881393E-006
  1.200000017881393E-006
  1.200000017881393E-006
  1.200000017881393E-006
  1.200000017881393E-006
  1.200000017881393E-006
  1.200000017881393E-006
  1.200000017881393E-006
  1.200000017881393E-006
  1.200000017881393E-006
  1.200000017881393E-006
  1.200000017881393E-006
  1.200000017881393E-006
  1.200000017881393E-006
  1.200000017881393E-006
  1.200000017881393E-006
  1.200000017881393E-006
  1.200000017881393E-006
  1.200000017881393E-006
  1.200000017881393E-006
  1.200000017881393E-006
  1.200000017881393E-006
  1.200000017881393E-006
  1.200000017881393E-006
  1.200000017881393E-006
  1.200000017881393E-006
  1.200000017881393E-006
  1.200000017881393E-006
  1.200000017881393E-006
  1.200000017881393E-006
  1.200000017881393E-006
  1.200000017881393E-006
  1.200000017881393E-006
  1.200000017881393E-006
  1.200000017881393E-006
  1.200000017881393E-006
  1.200000017881393E-006
  1.200000017881393E-006
  1.200000017881393E-006
  1.200000017881393E-006
  1.200000017881393E-006
  1.200000017881393E-006
  1.200000017881393E-006
  1.200000017881393E-006
  1.200000017881393E-006
  1.200000017881393E-006
  1.200000017881393E-006
  1.200000017881393E-006
  1.200000017881393E-006
  1.200000017881393E-006
  1.200000017881393E-006
  1.200000017881393E-006
  1.200000017881393E-006
  1.200000017881393E-006
  1.200000017881393E-006
  1.200000017881393E-006
  1.200000017881393E-006
  1.200000017881393E-006
  1.200000017881393E-006
  1.200000017881393E-006
  1.200000017881393E-006
  1.200000017881393E-006
  1.200000017881393E-006
  1.200000017881393E-006
  1.200000017881393E-006
  1.200000017881393E-006
  1.200000017881393E-006
  1.200000017881393E-006
  1.200000017881393E-006
  1.200000017881393E-006
  1.200000017881393E-006
  1.200000017881393E-006
  1.200000017881393E-006
  1.200000017881393E-006
  1.200000017881393E-006
  1.200000017881393E-006
  1.200000017881393E-006
  1.200000017881393E-006
  1.200000017881393E-006
  1.200000017881393E-006
  1.200000017881393E-006
  1.200000017881393E-006
  1.200000017881393E-006
  1.200000017881393E-006
  1.200000017881393E-006
  1.200000017881393E-006
  1.200000017881393E-006
  1.200000017881393E-006
  1.200000017881393E-006
  1.200000017881393E-006
  1.200000017881393E-006
  1.200000017881393E-006
  1.200000017881393E-006
  1.200000017881393E-006
  1.200000017881393E-006
  1.200000017881393E-006
  1.200000017881393E-006
  1.200000017881393E-006
  1.200000017881393E-006
  1.200000017881393E-006
  1.200000017881393E-006
  1.200000017881393E-006
  1.200000017881393E-006
  1.200000017881393E-006
  1.200000017881393E-006
  1.200000017881393E-006
  1.200000017881393E-006
  1.200000017881393E-006
  1.200000017881393E-006
  1.200000017881393E-006
  1.200000017881393E-006
  1.200000017881393E-006
  1.200000017881393E-006
  1.200000017881393E-006
  1.200000017881393E-006
  1.200000017881393E-006
  1.200000017881393E-006
  1.200000017881393E-006
  1.200000017881393E-006
  1.200000017881393E-006
  1.200000017881393E-006
  1.200000017881393E-006
  1.200000017881393E-006
  1.200000017881393E-006
  1.200000017881393E-006
  1.200000017881393E-006
  1.200000017881393E-006
  1.200000017881393E-006
  1.200000017881393E-006
  1.200000017881393E-006
  1.200000017881393E-006
  1.200000017881393E-006
  1.200000017881393E-006
  1.200000017881393E-006
  1.200000017881393E-006
  1.200000017881393E-006
  1.200000017881393E-006
  1.200000017881393E-006
  1.200000017881393E-006
  1.200000017881393E-006
  1.200000017881393E-006
  1.200000017881393E-006
  1.200000017881393E-006
  1.200000017881393E-006
  1.200000017881393E-006
  1.200000017881393E-006
  1.200000017881393E-006
  1.200000017881393E-006
  1.200000017881393E-006
  1.200000017881393E-006
  1.200000017881393E-006
  1.200000017881393E-006
  1.200000017881393E-006
  1.200000017881393E-006
  1.200000017881393E-006
  1.200000017881393E-006
  1.200000017881393E-006
  1.200000017881393E-006
  1.200000017881393E-006
  1.200000017881393E-006
  1.200000017881393E-006
  1.200000017881393E-006
  1.200000017881393E-006
  1.200000017881393E-006
  1.200000017881393E-006
  1.200000017881393E-006
  1.200000017881393E-006
  1.200000017881393E-006
  1.200000017881393E-006
  1.200000017881393E-006
  1.200000017881393E-006
  1.200000017881393E-006
  1.200000017881393E-006
  1.200000017881393E-006
  1.200000017881393E-006
  1.200000017881393E-006
  1.200000017881393E-006
  1.200000017881393E-006
  1.200000017881393E-006
  1.200000017881393E-006
  1.200000017881393E-006
  1.200000017881393E-006
  1.200000017881393E-006
  1.200000017881393E-006
  1.200000017881393E-006
  1.200000017881393E-006
  1.200000017881393E-006
  1.200000017881393E-006
  1.200000017881393E-006
  1.200000017881393E-006
  1.200000017881393E-006
  1.200000017881393E-006
  1.200000017881393E-006
  1.200000017881393E-006
  1.200000017881393E-006
  1.200000017881393E-006
  1.200000017881393E-006
  1.200000017881393E-006
  1.200000017881393E-006
  1.200000017881393E-006
  1.200000017881393E-006
  1.200000017881393E-006
  1.200000017881393E-006
  1.200000017881393E-006
  1.200000017881393E-006
  1.200000017881393E-006
  1.200000017881393E-006
  1.200000017881393E-006
  1.200000017881393E-006
  1.200000017881393E-006
  1.200000017881393E-006
  1.200000017881393E-006
  1.200000017881393E-006
  1.200000017881393E-006
  1.200000017881393E-006
  1.200000017881393E-006
  1.200000017881393E-006
  1.200000017881393E-006
  1.200000017881393E-006
  1.200000017881393E-006
  1.200000017881393E-006
  1.200000017881393E-006
  1.200000017881393E-006
  1.200000017881393E-006
  1.200000017881393E-006
  1.200000017881393E-006
  1.200000017881393E-006
  1.200000017881393E-006
  1.200000017881393E-006
  1.200000017881393E-006
  1.200000017881393E-006
  1.200000017881393E-006
  1.200000017881393E-006
  1.200000017881393E-006
  1.200000017881393E-006
  1.200000017881393E-006
  1.200000017881393E-006
  1.200000017881393E-006
  1.200000017881393E-006
  1.200000017881393E-006
  1.200000017881393E-006
  1.200000017881393E-006
  1.200000017881393E-006
  1.200000017881393E-006
  1.200000017881393E-006
  1.200000017881393E-006
  1.200000017881393E-006
  1.200000017881393E-006
  1.200000017881393E-006
  1.200000017881393E-006
  1.200000017881393E-006
  1.200000017881393E-006
  1.200000017881393E-006
  1.200000017881393E-006
  1.200000017881393E-006
  1.200000017881393E-006
  1.200000017881393E-006
  1.200000017881393E-006
  1.200000017881393E-006
  1.200000017881393E-006
  1.200000017881393E-006
  1.200000017881393E-006
  1.200000017881393E-006
  1.200000017881393E-006
  1.200000017881393E-006
  1.200000017881393E-006
  1.200000017881393E-006
  1.200000017881393E-006
  1.200000017881393E-006
  1.200000017881393E-006
  1.200000017881393E-006
  1.200000017881393E-006
  1.200000017881393E-006
  1.200000017881393E-006
  1.200000017881393E-006
  1.200000017881393E-006
  1.200000017881393E-006
  1.200000017881393E-006
  1.200000017881393E-006
  1.200000017881393E-006
  1.200000017881393E-006
  1.200000017881393E-006
  1.200000017881393E-006
  1.200000017881393E-006
  1.200000017881393E-006
  1.200000017881393E-006
  1.200000017881393E-006
  1.200000017881393E-006
  1.200000017881393E-006
  1.200000017881393E-006
  1.200000017881393E-006
  1.200000017881393E-006
  1.200000017881393E-006
  1.200000017881393E-006
  1.200000017881393E-006
  1.200000017881393E-006
  1.200000017881393E-006
  1.200000017881393E-006
  1.200000017881393E-006
  1.200000017881393E-006
  1.200000017881393E-006
  1.200000017881393E-006
  1.200000017881393E-006
  1.200000017881393E-006
  1.200000017881393E-006
  1.200000017881393E-006
  1.200000017881393E-006
  1.200000017881393E-006
  1.200000017881393E-006
  1.200000017881393E-006
  1.200000017881393E-006
  1.200000017881393E-006
  1.200000017881393E-006
  1.200000017881393E-006
  1.200000017881393E-006
  1.200000017881393E-006
  1.200000017881393E-006
  1.200000017881393E-006
  1.200000017881393E-006
  1.200000017881393E-006
  1.200000017881393E-006
  1.200000017881393E-006
  1.200000017881393E-006
  1.200000017881393E-006
  1.200000017881393E-006
  1.200000017881393E-006
  1.200000017881393E-006
  1.200000017881393E-006
  1.200000017881393E-006
  1.200000017881393E-006
  1.200000017881393E-006
  1.200000017881393E-006
  1.200000017881393E-006
  1.200000017881393E-006
  1.200000017881393E-006
  1.200000017881393E-006
  1.200000017881393E-006
  1.200000017881393E-006
  1.200000017881393E-006
  1.200000017881393E-006
  1.200000017881393E-006
  1.200000017881393E-006
  1.200000017881393E-006
  1.200000017881393E-006
  1.200000017881393E-006
  1.200000017881393E-006
  1.200000017881393E-006
  1.200000017881393E-006
  1.200000017881393E-006
  1.200000017881393E-006
  1.200000017881393E-006
  1.200000017881393E-006
  1.200000017881393E-006
  1.200000017881393E-006
  1.200000017881393E-006
  1.200000017881393E-006
  1.200000017881393E-006
  1.200000017881393E-006
  1.200000017881393E-006
  1.200000017881393E-006
  1.200000017881393E-006
  1.200000017881393E-006
  1.200000017881393E-006
  1.200000017881393E-006
  1.200000017881393E-006
  1.200000017881393E-006
  1.200000017881393E-006
  1.200000017881393E-006
  1.200000017881393E-006
  1.200000017881393E-006
  1.200000017881393E-006
  1.200000017881393E-006
  1.200000017881393E-006
  1.200000017881393E-006
  1.200000017881393E-006
  1.200000017881393E-006
  1.200000017881393E-006
  1.200000017881393E-006
  1.200000017881393E-006
  1.200000017881393E-006
  1.200000017881393E-006
  1.200000017881393E-006
  1.200000017881393E-006
  1.200000017881393E-006
  1.200000017881393E-006
  1.200000017881393E-006
  1.200000017881393E-006
  1.200000017881393E-006
  1.200000017881393E-006
  1.200000017881393E-006
  1.200000017881393E-006
  1.200000017881393E-006
  1.200000017881393E-006
  1.200000017881393E-006
  1.200000017881393E-006
  1.200000017881393E-006
  1.200000017881393E-006
  1.200000017881393E-006
  1.200000017881393E-006
  1.200000017881393E-006
  1.200000017881393E-006
  1.200000017881393E-006
  1.200000017881393E-006
  1.200000017881393E-006
  1.200000017881393E-006
  1.200000017881393E-006
  1.200000017881393E-006
  1.200000017881393E-006
  1.200000017881393E-006
  1.200000017881393E-006
  1.200000017881393E-006
  1.200000017881393E-006
  1.200000017881393E-006
  1.200000017881393E-006
  1.200000017881393E-006
  1.200000017881393E-006
  1.200000017881393E-006
  1.200000017881393E-006
  1.200000017881393E-006
  1.200000017881393E-006
  1.200000017881393E-006
  1.200000017881393E-006
  1.200000017881393E-006
  1.200000017881393E-006
  1.200000017881393E-006
  1.200000017881393E-006
  1.200000017881393E-006
  1.200000017881393E-006
  1.200000017881393E-006
  1.200000017881393E-006
  1.200000017881393E-006
  1.200000017881393E-006
  1.200000017881393E-006
  1.200000017881393E-006
  1.200000017881393E-006
  1.200000017881393E-006
  1.200000017881393E-006
  1.200000017881393E-006
  1.200000017881393E-006
  1.200000017881393E-006
  1.200000017881393E-006
  1.200000017881393E-006
  1.200000017881393E-006
  1.200000017881393E-006
  1.200000017881393E-006
  1.200000017881393E-006
  1.200000017881393E-006
  1.200000017881393E-006
  1.200000017881393E-006
  1.200000017881393E-006
  1.200000017881393E-006
  1.200000017881393E-006
  1.200000017881393E-006
  1.200000017881393E-006
  1.200000017881393E-006
  1.200000017881393E-006
  1.200000017881393E-006
  1.200000017881393E-006
  1.200000017881393E-006
  1.200000017881393E-006
  1.200000017881393E-006
  1.200000017881393E-006
  1.200000017881393E-006
  1.200000017881393E-006
  1.200000017881393E-006
  1.200000017881393E-006
  1.200000017881393E-006
  1.200000017881393E-006
  1.200000017881393E-006
  1.200000017881393E-006
  1.200000017881393E-006
  1.200000017881393E-006
  1.200000017881393E-006
  1.200000017881393E-006
  1.200000017881393E-006
  1.200000017881393E-006
  1.200000017881393E-006
  1.200000017881393E-006
  1.200000017881393E-006
  1.200000017881393E-006
  1.200000017881393E-006
  1.200000017881393E-006
  1.200000017881393E-006
  1.200000017881393E-006
  1.200000017881393E-006
  1.200000017881393E-006
  1.200000017881393E-006
  1.200000017881393E-006
  1.200000017881393E-006
  1.200000017881393E-006
  1.200000017881393E-006
  1.200000017881393E-006
  1.200000017881393E-006
  1.200000017881393E-006
  1.200000017881393E-006
  1.200000017881393E-006
  1.200000017881393E-006
  1.200000017881393E-006
  1.200000017881393E-006
  1.200000017881393E-006
  1.200000017881393E-006
  1.200000017881393E-006
  1.200000017881393E-006
  1.200000017881393E-006
  1.200000017881393E-006
  1.200000017881393E-006
  1.200000017881393E-006
  1.200000017881393E-006
  1.200000017881393E-006
  1.200000017881393E-006
  1.200000017881393E-006
  1.200000017881393E-006
  1.200000017881393E-006
  1.200000017881393E-006
  1.200000017881393E-006
  1.200000017881393E-006
  1.200000017881393E-006
  1.200000017881393E-006
  1.200000017881393E-006
  1.200000017881393E-006
  1.200000017881393E-006
  1.200000017881393E-006
  1.200000017881393E-006
  1.200000017881393E-006
  1.200000017881393E-006
  1.200000017881393E-006
  1.200000017881393E-006
  1.200000017881393E-006
  1.200000017881393E-006
  1.200000017881393E-006
  1.200000017881393E-006
  1.200000017881393E-006
  1.200000017881393E-006
  1.200000017881393E-006
  1.200000017881393E-006
  1.200000017881393E-006
  1.200000017881393E-006
  1.200000017881393E-006
  1.200000017881393E-006
  1.200000017881393E-006
  1.200000017881393E-006
  1.200000017881393E-006
  1.200000017881393E-006
  1.200000017881393E-006
  1.200000017881393E-006
  1.200000017881393E-006
  1.200000017881393E-006
  1.200000017881393E-006
  1.200000017881393E-006
  1.200000017881393E-006
  1.200000017881393E-006
  1.200000017881393E-006
  1.200000017881393E-006
  1.200000017881393E-006
  1.200000017881393E-006
  1.200000017881393E-006
  1.200000017881393E-006
  1.200000017881393E-006
  1.200000017881393E-006
  1.200000017881393E-006
  1.200000017881393E-006
  1.200000017881393E-006
  7.227270729205561E-008
  2.228074601187525E-007
  3.735522952014909E-007
  5.245062697979114E-007
  6.756678953854003E-007
  8.270343212987191E-007
  9.786025445545975E-007
  1.130369753624484E-006
  1.282332258743970E-006
  1.434487304687003E-006
  1.586831363261453E-006
  1.739361161426818E-006
  1.892073287291667E-006
  2.044964355026792E-006
  2.198030858991386E-006
  2.351269829834026E-006
  2.504677361355235E-006
  2.658250199840539E-006
  2.811984924200648E-006
  2.965877663199377E-006
  3.119925396878398E-006
  3.274124407337502E-006
  3.428471153290234E-006
  3.582961925739404E-006
  3.737593321125665E-006
  3.892361618001161E-006
  4.047263347568398E-006
  4.202294692564134E-006
  4.357453094836733E-006
  4.512732581586539E-006
  4.668130835960308E-006
  4.823644250884007E-006
  4.979269047721368E-006
  5.135001365451627E-006
  5.290837472862849E-006
  5.446773837872946E-006
  5.602806223628727E-006
  5.758931270593680E-006
  5.915145219284235E-006
  6.071443525374777E-006
  6.227823295494182E-006
  6.384280177002277E-006
  6.540810446280551E-006
  6.697410475826134E-006
  6.854075760884063E-006
  7.010802936600530E-006
  7.167588010118775E-006
  7.324427221147602E-006
  7.481316133087660E-006
  7.638251406360564E-006
  7.795228823429140E-006
  7.952244623210392E-006
  8.109294756498692E-006
  8.266375184737668E-006
  8.423481798662100E-006
  8.580611059887012E-006
  8.737758646854188E-006
  8.894920769142371E-006
  9.052093231471128E-006
  9.209272522287105E-006
  9.366453711700154E-006
  9.523633688414618E-006
  9.680808072738959E-006
  9.837972843139082E-006
  9.995124275622801E-006
  1.015225771752947E-005
  1.030936963425744E-005
  1.046645614145441E-005
  1.062351274854597E-005
  1.078053579687455E-005
  1.093752092236173E-005
  1.109446443812646E-005
  1.125136226888700E-005
  1.140821012509083E-005
  1.156500401838900E-005
  1.172173999016467E-005
  1.187841447168728E-005
  1.203502263359059E-005
  1.219156085753460E-005
  1.234802515610648E-005
  1.250441178081310E-005
  1.266071591133419E-005
  1.281693412198246E-005
  1.297306257825801E-005
  1.312909716980992E-005
  1.328503335978616E-005
  1.344086758518373E-005
  1.359659612037385E-005
  1.375221457657268E-005
  1.390771944987815E-005
  1.406310606113689E-005
  1.421837104878745E-005
  1.437351010935096E-005
  1.452851978137759E-005
  1.468339582410358E-005
  1.483813435432956E-005
  1.499273149851788E-005
  1.514718317024358E-005
  1.530148608843038E-005
  1.545563557556883E-005
  1.560962866175547E-005
  1.576346055502467E-005
  1.591712839040026E-005
  1.607062752526196E-005
  1.622395475450815E-005
  1.637710623275825E-005
  1.653007753978742E-005
  1.668286576155639E-005
  1.683546650848160E-005
  1.698787645184416E-005
  1.714009181112675E-005
  1.729210911022086E-005
  1.744392398912913E-005
  1.759553303729854E-005
  1.774693347999461E-005
  1.789812045229752E-005
  1.804909111794739E-005
  1.819984213806088E-005
  1.835036885583489E-005
  1.850066830303972E-005
  1.865073787585310E-005
  1.880057285365772E-005
  1.895016971281363E-005
  1.909952600541985E-005
  1.924863807079842E-005
  1.939750164617577E-005
  1.954611351026815E-005
  1.969447076099959E-005
  1.984257111027735E-005
  1.999040908710743E-005
  2.013798220839012E-005
  2.028528697039151E-005
  2.043232045796191E-005
  2.057908070873740E-005
  2.072556333905075E-005
  2.087176456430592E-005
  2.101768156851861E-005
  2.116331126982242E-005
  2.130865060953732E-005
  2.145369656764328E-005
  2.159844694733978E-005
  2.174289773963601E-005
  2.188704673920958E-005
  2.203089017216472E-005
  2.217442549399955E-005
  2.231764886990430E-005
  2.246055852065210E-005
  2.260315124122636E-005
  2.274542408443318E-005
  2.288737438311161E-005
  2.302899947848290E-005
  2.317029674717918E-005
  2.331126265098518E-005
  2.345189560249607E-005
  2.359219257557055E-005
  2.373215062163543E-005
  2.387176766120173E-005
  2.401104101391792E-005
  2.414996757180245E-005
  2.428854555031478E-005
  2.442677247405121E-005
  2.456464504691542E-005
  2.470216183742007E-005
  2.483931970589072E-005
  2.497611682480915E-005
  2.511255120503583E-005
  2.524861980744999E-005
  2.538432092737657E-005
  2.551965119352277E-005
  2.565460953017108E-005
  2.578919369930397E-005
  2.592340140815065E-005
  2.605723135962974E-005
  2.619067984095524E-005
  2.632374656992736E-005
  2.645642830741906E-005
  2.658872342107604E-005
  2.672062950244384E-005
  2.685214567438135E-005
  2.698326934753590E-005
  2.711399942781791E-005
  2.724433372541541E-005
  2.737427036749158E-005
  2.750380678623253E-005
  2.763294301928010E-005
  2.776167585846896E-005
  2.789000483395294E-005
  2.801792780860692E-005
  2.814544269870866E-005
  2.827254857414413E-005
  2.839924391155064E-005
  2.852552795170819E-005
  2.865139743214018E-005
  2.877685200988033E-005
  2.890189050240648E-005
  2.902651158327560E-005
  2.915071390740068E-005
  2.927449468040588E-005
  2.939785470620642E-005
  2.952079277337803E-005
  2.964330622253472E-005
  2.976539422386884E-005
  2.988705643275043E-005
  3.000829164097621E-005
  3.012909754351310E-005
  3.024947442121332E-005
  3.036942128689938E-005
  3.048893673682622E-005
  3.060801967563727E-005
  3.072666935094158E-005
  3.084488541185818E-005
  3.096266583390410E-005
  3.108001111836194E-005
  3.119692003079968E-005
  3.131339074837916E-005
  3.142942422130807E-005
  3.154501944341566E-005
  3.166017440225476E-005
  3.177488980588266E-005
  3.188916519773980E-005
  3.200299880787787E-005
  3.211639066976297E-005
  3.222934106205562E-005
  3.234184772849890E-005
  3.245391204703064E-005
  3.256553314024872E-005
  3.267670913559447E-005
  3.278744169623219E-005
  3.289772912735792E-005
  3.300757164118685E-005
  3.311696953140081E-005
  3.322592103474692E-005
  3.333442698321838E-005
  3.344248726151601E-005
  3.355010084496523E-005
  3.365726896829420E-005
  3.376398996412360E-005
  3.387026474541790E-005
  3.397609325955869E-005
  3.408147476589496E-005
  3.418640988106803E-005
  3.429089792146145E-005
  3.439493955956921E-005
  3.449853500862820E-005
  3.460168324590778E-005
  3.470438591759067E-005
  3.480664162802582E-005
  3.490845174225170E-005
  3.500981590938479E-005
  3.511073420965348E-005
  3.521120772455595E-005
  3.531123492430659E-005
  3.541081805135350E-005
  3.550995600303473E-005
  3.560864981610583E-005
  3.570689965796802E-005
  3.580470563747961E-005
  3.590206904060689E-005
  3.599898876101603E-005
  3.609546681564267E-005
  3.619150221898076E-005
  3.628709674108961E-005
  3.638224993416144E-005
  3.647696272977003E-005
  3.657123572042338E-005
  3.666506913446728E-005
  3.675846425590653E-005
  3.685142044025439E-005
  3.694393975792485E-005
  3.703602140970868E-005
  3.712766735668043E-005
  3.721887654921012E-005
  3.730965154507210E-005
  3.739999219263079E-005
  3.748989923342392E-005
  3.757937366935156E-005
  3.766841599673983E-005
  3.775702743375512E-005
  3.784520795433501E-005
  3.793295906257453E-005
  3.802028070644338E-005
  3.810717512196847E-005
  3.819364189551330E-005
  3.827968306700655E-005
  3.836529845489962E-005
  3.845048949096073E-005
  3.853525646204848E-005
  3.861960132282448E-005
  3.870352444228006E-005
  3.878702728766379E-005
  3.887011017740668E-005
  3.895277400226889E-005
  3.903502064033130E-005
  3.911685051219378E-005
  3.919826543961287E-005
  3.927926441322022E-005
  3.935985072941926E-005
  3.944002413007595E-005
  3.951978706045697E-005
  3.959913843822512E-005
  3.967808160671841E-005
  3.975661656496005E-005
  3.983474517499486E-005
  3.991246699439595E-005
  3.998978487704743E-005
  4.006669953293945E-005
  4.014321163481029E-005
  4.021932246341178E-005
  4.029503400012972E-005
  4.037034658885109E-005
  4.044526183213813E-005
  4.051978126778607E-005
  4.059390551586095E-005
  4.066763585972767E-005
  4.074097431000398E-005
  4.081392111402851E-005
  4.088647788771283E-005
  4.095864683644089E-005
  4.103042751409417E-005
  4.110182281545520E-005
  4.117283347459268E-005
  4.124346043085533E-005
  4.131370550282932E-005
  4.138356990145846E-005
  4.145305457996103E-005
  4.152216227469263E-005
  4.159089198776311E-005
  4.165924756798565E-005
  4.172722802086022E-005
  4.179483663439555E-005
  4.186207381911651E-005
  4.192894118698270E-005
  4.199544040487101E-005
  4.206157188007559E-005
  4.212733902645341E-005
  4.219274023580843E-005
  4.225778018772014E-005
  4.232245725960613E-005
  4.238677582999272E-005
  4.245073442143440E-005
  4.251433726900239E-005
  4.257758292782506E-005
  4.264047612731691E-005
  4.270301475321559E-005
  4.276520375294057E-005
  4.282704070778231E-005
  4.288853127788566E-005
  4.294967302212540E-005
  4.301047049418753E-005
  4.307092274383109E-005
  4.313103322347574E-005
  4.319080232329218E-005
  4.325023137153786E-005
  4.330932335064131E-005
  4.336807675000058E-005
  4.342649658301414E-005
  4.348458112593053E-005
  4.354233405578960E-005
  4.359975659686976E-005
  4.365684851468084E-005
  4.371361385719993E-005
  4.377005185700332E-005
  4.382616474818876E-005
  4.388195588582507E-005
  4.393742285745856E-005
  4.399257028190188E-005
  4.404740048140652E-005
  4.410190979192796E-005
  4.415610509282658E-005
  4.420998692307309E-005
  4.426355316145392E-005
  4.431680872739620E-005
  4.436975578234154E-005
  4.442239262790159E-005
  4.447472203024483E-005
  4.452674757951941E-005
  4.457846969102805E-005
  4.462988558479904E-005
  4.468100192673158E-005
  4.473182045365655E-005
  4.478234083021417E-005
  4.483256107037338E-005
  4.488248749382877E-005
  4.493212190167300E-005
  4.498146516475141E-005
  4.503051471351246E-005
  4.507927439329011E-005
  4.512774727089025E-005
  4.517593564647837E-005
  4.522383975963320E-005
  4.527146226311370E-005
  4.531879523725537E-005
  4.536584919441004E-005
  4.541262638390323E-005
  4.545912728029662E-005
  4.550535299481780E-005
  4.555130535158820E-005
  4.559698501449038E-005
  4.564239416857550E-005
  4.568753361187088E-005
  4.573240629989470E-005
  4.577699535167701E-005
  4.582132205230430E-005
  4.586538635017511E-005
  4.590918925249924E-005
  4.595273257603245E-005
  4.599601627385866E-005
  4.603904165307957E-005
  4.608181199553571E-005
  4.612432712762765E-005
  4.616658984798991E-005
  4.620859666895817E-005
  4.625035459971481E-005
  4.629186855450282E-005
  4.633312192905539E-005
  4.637406086215360E-005
  4.643192379854911E-005
  4.645527550038137E-005
  4.649571271092944E-005
  4.653573439404882E-005
  4.657553313406831E-005
  4.661508225168702E-005
  4.665440667625817E-005
  4.669348789382881E-005
  4.673233380825651E-005
  4.677094471137781E-005
  4.680932590091780E-005
  4.684747551797175E-005
  4.688539268997951E-005
  4.692307594250609E-005
  4.696053236031871E-005
  4.699776380028653E-005
  4.703477123532577E-005
  4.707155577573884E-005
  4.710811818330015E-005
  4.714446047775922E-005
  4.718058366869002E-005
  4.721648844853961E-005
  4.725217711649736E-005
  4.728764969619730E-005
  4.732290824536767E-005
  4.735795385553052E-005
  4.739278723451344E-005
  4.742741031163235E-005
  4.746182416543919E-005
  4.749602957911235E-005
  4.753002841569734E-005
  4.756382145539002E-005
  4.759740993408854E-005
  4.763079544806693E-005
  4.766397850533861E-005
  4.769696084794155E-005
  4.772974368108455E-005
  4.776232777266024E-005
  4.779471485307384E-005
  4.782690586487879E-005
  4.785890184491712E-005
  4.789070413154907E-005
  4.792231397095473E-005
  4.795373224458159E-005
  4.798496022216398E-005
  4.801599922754614E-005
  4.804685015552538E-005
  4.807751428903795E-005
  4.810799292030981E-005
  4.813828686668056E-005
  4.816839728630872E-005
  4.819832542077982E-005
  4.822807238882562E-005
  4.825763909610198E-005
  4.828702694745489E-005
  4.831623687650878E-005
  4.834526973731232E-005
  4.837412709052138E-005
  4.840280980343561E-005
  4.843131873456507E-005
  4.845965507349914E-005
  4.848782032886689E-005
  4.851581479954444E-005
  4.854363979320615E-005
  4.857129675521207E-005
  4.859878608669372E-005
  4.862610911454835E-005
  4.865326706499247E-005
  4.868026089574865E-005
  4.870709090725958E-005
  4.873375897036318E-005
  4.876026608236249E-005
  4.878661239687678E-005
  4.881279952766221E-005
  4.883882862617118E-005
  4.886470024480704E-005
  4.889041519160072E-005
  4.891597504475854E-005
  4.894138075316945E-005
  4.896663218400594E-005
  4.899173131323414E-005
  4.901667908521157E-005
  4.904147609377636E-005
  4.906612283343267E-005
  4.909062106449325E-005
  4.911497141102986E-005
  4.913917444590830E-005
  4.916323131858752E-005
  4.918714311916566E-005
  4.921091071795469E-005
  4.923453449833745E-005
  4.925801573619358E-005
  4.928135528771196E-005
  4.930455414712385E-005
  4.932761243047527E-005
  4.935053169741135E-005
  4.937331267121138E-005
  4.939595634635626E-005
  4.941846270405156E-005
  4.944083311263849E-005
  4.946306876779836E-005
  4.948517054082949E-005
  4.950713861563977E-005
  4.952897447441332E-005
  4.955067923712745E-005
  4.957225360877103E-005
  4.959369752819467E-005
  4.961501203495489E-005
  4.963619820560992E-005
  4.965725641455731E-005
  4.967818743167984E-005
  4.969899129631311E-005
  4.971966943237873E-005
  4.974022270601831E-005
  4.976065153129883E-005
  4.978095627383905E-005
  4.980113792341801E-005
  4.982119757512233E-005
  4.984113592040648E-005
  4.986095335301981E-005
  4.988064993550855E-005
  4.990022737870037E-005
  4.991968624974463E-005
  4.993902711863457E-005
  4.995825041890381E-005
  4.997735633217680E-005
  4.999634647999175E-005
  5.001522131800238E-005
  5.003398159740021E-005
  5.005262736060600E-005
  5.007115916277151E-005
  5.008957828851462E-005
  5.010788543544611E-005
  5.012608082982437E-005
  5.014416514940896E-005
  5.016213846255864E-005
  5.018000209129674E-005
  5.019775670495378E-005
  5.021540267519831E-005
  5.023294090741565E-005
  5.025037043293587E-005
  5.026769335415902E-005
  5.028490999650693E-005
  5.030202102615907E-005
  5.031902696790300E-005
  5.033592810686619E-005
  5.035272449328628E-005
  5.036941796490782E-005
  5.038600831237633E-005
  5.040249596884373E-005
  5.041888147387101E-005
  5.043516525465701E-005
  5.045134678558778E-005
  5.046743003210017E-005
  5.048341162916472E-005
  5.049929386739436E-005
  5.051507681752688E-005
  5.053076099658302E-005
  5.054634643206663E-005
  5.056183422111630E-005
  5.057722697109247E-005
  5.059252202957534E-005
  5.060772188342462E-005
  5.062282473082575E-005
  5.063783124721814E-005
  5.065274188926191E-005
  5.066756104378487E-005
  5.068228388631710E-005
  5.069691484405092E-005
  5.071145122404048E-005
  5.072589420326038E-005
  5.074024368454336E-005
  5.075450061869787E-005
  5.076866676441087E-005
  5.078274121338524E-005
  5.079672461798549E-005
  5.081061394585236E-005
  5.082441320248310E-005
  5.083812300178845E-005
  5.085174345584665E-005
  5.086527372968252E-005
  5.087871492079504E-005
  5.089206759060322E-005
  5.090533230588222E-005
  5.091850914668871E-005
  5.093159890393165E-005
  5.094460167827995E-005
  5.095751761045406E-005
  5.097034706086442E-005
  5.098308883528818E-005
  5.099574423178321E-005
  5.100831434202177E-005
  5.102079881924655E-005
  5.103319842028373E-005
  5.104551337221178E-005
  5.105774383902375E-005
  5.106989045503886E-005
  5.108195278481092E-005
  5.109393152006580E-005
  5.110582687000602E-005
  5.111763913332971E-005
  5.112936810374884E-005
  5.114101465101886E-005
  5.115257866974795E-005
  5.116405913092236E-005
  5.117545809124084E-005
  5.118677588648640E-005
  5.119801138645209E-005
  5.120916552582017E-005
  5.122023875374036E-005
  5.123123045189434E-005
  5.124214216429315E-005
  5.125297294974085E-005
  5.126372362720498E-005
  5.127439349835133E-005
  5.128498353842246E-005
  5.129549369399134E-005
  5.130592395545374E-005
  5.131627459912116E-005
  5.132654605572940E-005
  5.133673829365037E-005
  5.134685137893150E-005
  5.135688554620931E-005
  5.136684084192434E-005
  5.137671751868896E-005
  5.138651555105418E-005
  5.139623557524089E-005
  5.140587696837300E-005
  5.141543643508700E-005
  5.142491574494209E-005
  5.143431645690117E-005
  5.144364253248245E-005
  5.145289069190145E-005
  5.146206092858966E-005
  5.147115510263118E-005
  5.148017188515262E-005
  5.148911376488142E-005
  5.149797608540356E-005
  5.150676039633735E-005
  5.151546824213883E-005
  5.152409993333500E-005
  5.153265215987065E-005
  5.154112934064895E-005
  5.154952589258343E-005
  5.155784469429106E-005
  5.156608549937938E-005
  5.157424803668623E-005
  5.158233200916296E-005
  5.159033709245699E-005
  5.159826293330859E-005
  5.160610915121656E-005
  5.161387533567412E-005
  5.162156104835174E-005
  5.162916582270761E-005
  5.163668916522733E-005
  5.164413055583283E-005
  5.165148945040655E-005
  5.165876528148377E-005
  5.166595746056034E-005
  5.167306537981947E-005
  5.168008841480318E-005
  5.168702592618642E-005
  5.169387726241838E-005
  5.170064176209731E-005
  5.170731875686713E-005
  5.171390757368663E-005
  5.172040753741325E-005
  5.172681797396735E-005
  5.173313821208285E-005
  5.173936758681645E-005
  5.174550544184694E-005
  5.175155113199634E-005
  5.175750402604484E-005
  5.176336350904612E-005
  5.176912898512624E-005
  5.177479987963313E-005
  5.178037564209735E-005
  5.178585574783336E-005
  5.179123970148106E-005
  5.179652703824560E-005
  5.180171732667057E-005
  5.180681017095974E-005
  5.181180521287847E-005
  5.181670213435302E-005
  5.182150065908298E-005
  5.182620055515095E-005
  5.183080163677082E-005
  5.183530376660374E-005
  5.183970685742317E-005
  5.184401087484204E-005
  5.184821583840766E-005
  5.185232182458759E-005
  5.185632896807868E-005
  5.186023746436458E-005
  5.186404757173947E-005
  5.186775961324402E-005
  5.187137397901859E-005
  5.187489112890091E-005
  5.187831159420539E-005
  5.188163598077815E-005
  5.188486497123291E-005
  5.188799932795193E-005
  5.189103989575462E-005
  5.189398760520958E-005
  5.189684347579707E-005
  5.189960861940834E-005
  5.190228424425135E-005
  5.190487165869356E-005
  5.190737227559154E-005
  5.190978761697287E-005
  5.191211931873353E-005
  5.191436913612376E-005
  5.191653894869780E-005
  5.191863076669655E-005
  5.192064673640155E-005
  5.192258914661549E-005
  5.192446043478406E-005
  5.192626319306914E-005
  5.192800017440108E-005
  5.192967429817218E-005
  5.193128865504633E-005
  5.193284651118672E-005
  5.193435131675896E-005
  5.193580799102104E-005
  5.193721817367743E-005
  5.193858613511967E-005
  5.193991909393724E-005
  5.194121749803645E-005
  5.194248654839395E-005
  5.194373175863494E-005
  5.194495701316889E-005
  5.194617037696016E-005
  5.194737525988640E-005
  5.194857418275469E-005
  5.194977186859907E-005
  5.195097255964599E-005
  5.195218040654540E-005
  5.195339917971406E-005
  5.195463218825966E-005
  5.195588208779889E-005
  5.195715113026484E-005
  5.195844047337199E-005
  5.195975095341952E-005
  5.196108240397453E-005
  5.196243354256071E-005
  5.196380233119653E-005
  5.196518601440741E-005
  5.196658068335318E-005
  5.196798246447157E-005
  5.196938642637454E-005
  5.197078684555207E-005
  5.197218021351595E-005
  5.197356057599944E-005
  5.197492396576790E-005
  5.197626590835428E-005
  5.197758289042625E-005
  5.197887193937379E-005
  5.198013050888587E-005
  5.198135659745622E-005
  5.198254842036259E-005
  5.198370530777711E-005
  5.198482600780606E-005
  5.198590998596185E-005
  5.198695702174694E-005
  5.198796671440953E-005
  5.198893852003476E-005
  5.198987326685247E-005
  5.199077001728849E-005
  5.199162920501465E-005
  5.199245085510032E-005
  5.199323499829141E-005
  5.199398191080656E-005
  5.199469159221162E-005
  5.199536390738959E-005
  5.199599932053674E-005
  5.199659796705936E-005
  5.199715965792753E-005
  5.199768489721431E-005
  5.199817349330386E-005
  5.199862580934011E-005
  5.199904212648442E-005
  5.199942243519593E-005
  5.199976683860362E-005
  5.200007547725546E-005
  5.200034845907583E-005
  5.200058600866612E-005
  5.200078830367974E-005
  5.200095554437520E-005
  5.200108776216320E-005
  5.200118517520306E-005
  5.200124793583941E-005
  5.200127617134878E-005
  5.200127004559075E-005
  5.200122970290975E-005
  5.200115532314229E-005
  5.200104701775144E-005
  5.200090497940578E-005
  5.200072929006211E-005
  5.200052017403679E-005
  5.200027770746006E-005
  5.200000203028066E-005
  5.199969334715756E-005
  5.199935198380187E-005
  5.199897772624838E-005
  5.199857088771125E-005
  5.199813165151598E-005
  5.199765999913652E-005
  5.199715624228294E-005
  5.199662063048704E-005
  5.199605314786451E-005
  5.199545351726305E-005
  5.199482252340567E-005
  5.199416025817709E-005
  5.199346656901090E-005
  5.199274161666480E-005
  5.199198549228956E-005
  5.199119870470956E-005
  5.199038106839214E-005
  5.198953295143746E-005
  5.198865396783188E-005
  5.198774466354292E-005
  5.198680510286487E-005
  5.198583561554986E-005
  5.198483583248867E-005
  5.198380621254272E-005
  5.198274654140179E-005
  5.198165766254406E-005
  5.198053925316717E-005
  5.197939146332818E-005
  5.197821430666197E-005
  5.197700757271647E-005
  5.197577203323362E-005
  5.197450769259437E-005
  5.197321374460447E-005
  5.197189142419040E-005
  5.197054145128795E-005
  5.196916164921446E-005
  5.196775366840675E-005
  5.196631782416333E-005
  5.196485320328063E-005
  5.196336104367784E-005
  5.196184063398999E-005
  5.196029189077961E-005
  5.195871506640833E-005
  5.195711113264230E-005
  5.195547980951056E-005
  5.195382059272149E-005
  5.195213329148310E-005
  5.195041979252373E-005
  5.194867800742325E-005
  5.194690920123456E-005
  5.194511395812091E-005
  5.194329076077363E-005
  5.194144081945040E-005
  5.193956474647500E-005
  5.193766113828626E-005
  5.193573018665816E-005
  5.193377380895365E-005
  5.193179063056811E-005
  5.192977912173714E-005
  5.192774192993556E-005
  5.192568031587056E-005
  5.192359002987906E-005
  5.192147427747738E-005
  5.191933240718510E-005
  5.191716373284199E-005
  5.191496880189073E-005
  5.191274992810058E-005
  5.191050317130803E-005
  5.190822983390492E-005
  5.190593425808126E-005
  5.190360858634964E-005
  5.190125900785599E-005
  5.189888305108204E-005
  5.189648059389025E-005
  5.189405328387617E-005
  5.189159908464822E-005
  5.188912004432115E-005
  5.188661524789390E-005
  5.188408650586942E-005
  5.188153052890729E-005
  5.187894957344526E-005
  5.187634312640486E-005
  5.187371056571791E-005
  5.187105302570060E-005
  5.186836843264554E-005
  5.186566025130035E-005
  5.186292631679040E-005
  5.186016511529967E-005
  5.185738215292521E-005
  5.185457142833915E-005
  5.185173662336940E-005
  5.184887491062463E-005
  5.184598651136002E-005
  5.184307326665957E-005
  5.184013384037499E-005
  5.183717311902769E-005
  5.183418414084057E-005
  5.183116820890553E-005
  5.182812782409643E-005
  5.182506256671829E-005
  5.182197276725826E-005
  5.181885567493938E-005
  5.181571216143862E-005
  5.181254451021076E-005
  5.180935275100944E-005
  5.180613162739368E-005
  5.180288675860330E-005
  5.179961741364315E-005
  5.179632032927307E-005
  5.179299807125777E-005
  5.178964712063471E-005
  5.178627557370814E-005
  5.178287340590361E-005
  5.177944690685687E-005
  5.177599328380582E-005
  5.177251148957381E-005
  5.176900776254598E-005
  5.176547472896082E-005
  5.176191507767239E-005
  5.175833313420984E-005
  5.175472008670953E-005
  5.175108326089316E-005
  5.174741618108046E-005
  5.174372886549640E-005
  5.174000757852353E-005
  5.173626206029306E-005
  5.173248903344433E-005
  5.172868851836813E-005
  5.172486392771376E-005
  5.172100578697411E-005
  5.171712561564910E-005
  5.171321732424037E-005
  5.170927614709346E-005
  5.170531044312561E-005
  5.170131587338704E-005
  5.169729568869028E-005
  5.169324559782168E-005
  5.168916226772535E-005
  5.168505862569311E-005
  5.168092429855718E-005
  5.167675913665566E-005
  5.167256618905434E-005
  5.166834586090646E-005
  5.166409239886179E-005
  5.165981333687440E-005
  5.165550111264887E-005
  5.165116224642459E-005
  5.164679371249821E-005
  5.164239010333359E-005
  5.163796305939858E-005
  5.163350299890919E-005
  5.162901501311498E-005
  5.162449442145979E-005
  5.161993709910061E-005
  5.161535565372610E-005
  5.161073807240611E-005
  5.160609545564237E-005
  5.160141273993786E-005
  5.159670393955934E-005
  5.159196298392265E-005
  5.158718518005826E-005
  5.158238206333690E-005
  5.157754589559726E-005
  5.157266413613407E-005
  5.156776359839436E-005
  5.156282407896894E-005
  5.155784778452553E-005
  5.155284192383335E-005
  5.154780254333088E-005
  5.154272854863389E-005
  5.153761608276617E-005
  5.153247037872446E-005
  5.152728418650875E-005
  5.152207395912843E-005
  5.151682468741058E-005
  5.151153635483450E-005
  5.150620353940730E-005
  5.150084438569327E-005
  5.149544785632260E-005
  5.149000181412213E-005
  5.148452827546830E-005
  5.147901761266099E-005
  5.147346764776830E-005
  5.146788325113319E-005
  5.146225432150316E-005
  5.145658764826171E-005
  5.145087738090879E-005
  5.144512439484136E-005
  5.143934327692207E-005
  5.143352124437884E-005
  5.142763599373426E-005
  5.142173075541848E-005
  5.141578717337528E-005
  5.140977758969097E-005
  5.140373789483494E-005
  5.139765503528901E-005
  5.139153490955179E-005
  5.138536342679179E-005
  5.137914635075737E-005
  5.137287786041407E-005
  5.136657518837732E-005
  5.136021741974324E-005
  5.135383214980743E-005
  5.134738032448119E-005
  5.134088025002874E-005
  5.133433922450769E-005
  5.132774961047828E-005
  5.132111178093904E-005
  5.131442370516809E-005
  5.130768411286831E-005
  5.130089855819907E-005
  5.129405305599080E-005
  5.128715969861897E-005
  5.128021618246421E-005
  5.127321857829131E-005
  5.126615817062916E-005
  5.125905736531488E-005
  5.125237290217555E-005
  5.124578245428850E-005
  5.123913969653433E-005
  5.123246070166986E-005
  5.122571117611522E-005
  5.121891399324088E-005
  5.121205137200467E-005
  5.120514185476683E-005
  5.119818346165249E-005
  5.119114490735438E-005
  5.118405108341934E-005
  5.117691188947291E-005
  5.116971290769665E-005
  5.116243498938217E-005
  5.115508553783050E-005
  5.114769026574166E-005
  5.114020298559666E-005
  5.113265031927758E-005
  5.112506815188863E-005
  5.111739496342707E-005
  5.110964114155131E-005
  5.110180220680292E-005
  5.109391770748437E-005
  5.108594331971281E-005
  5.107788989432082E-005
  5.106976401765514E-005
  5.106159209886177E-005
  5.105327951456553E-005
  5.104490980797620E-005
  5.103646959930569E-005
  5.102794380969001E-005
  5.101929764727089E-005
  5.101054942779504E-005
  5.100171617621846E-005
  5.099276793069509E-005
  5.098372174339698E-005
  5.097456772146214E-005
  5.096534095942585E-005
  5.095600423353254E-005
  5.094654231635339E-005
  5.093697225110027E-005
  5.092725624135605E-005
  5.091745111727688E-005
  5.090748277941651E-005
  5.089740068584911E-005
  5.088718077166340E-005
  5.087680818646445E-005
  5.086633361461092E-005
  5.085568541888387E-005
  5.084484244013159E-005
  5.083388239137162E-005
  5.082270109279631E-005
  5.081135459676119E-005
  5.079983843999610E-005
  5.078811420845273E-005
  5.077621258929296E-005
  5.076407363018726E-005
  5.075171587072228E-005
  5.073912880950307E-005
  5.072631506858906E-005
  5.071325316725044E-005
  5.069989354525302E-005
  5.068624307436950E-005
  5.067232022975926E-005
  5.065808630165246E-005
  5.064350017681646E-005
  5.062857597656286E-005
  5.061328569930993E-005
  5.059762904560982E-005
  5.058154500327325E-005
  5.056504372696812E-005
  5.054811199608605E-005
  5.053066746423064E-005
  5.051276352350558E-005
  5.049429228475932E-005
  5.047525898885576E-005
  5.045563501541894E-005
  5.043540167434224E-005
  5.041447050541364E-005
  5.039284106421118E-005
  5.037045112343873E-005
  5.034726871368792E-005
  5.032327254338956E-005
  5.029839522952834E-005
  5.027260265793757E-005
  5.024582849411448E-005
  5.021803050982556E-005
  5.018915257521202E-005
  5.015914240329572E-005
  5.012794088671135E-005
  5.009549522554865E-005
  5.006174546571782E-005
  5.002662455087381E-005
  4.999008281162736E-005
  4.995205390087142E-005
  4.991291385391300E-005
  4.987243168002945E-005
  4.983014287424385E-005
  4.978619147286500E-005
  4.974061638713840E-005
  4.969415775541011E-005
  4.964731588382501E-005
  4.960061824136952E-005
  4.955364736421858E-005
  4.950673872569587E-005
  4.945969876678152E-005
  4.941305565304677E-005
  4.936664887096760E-005
  4.932060488223688E-005
  4.927506638484724E-005
  4.923019364599663E-005
  4.918616530022294E-005
  4.914317882812708E-005
  4.910145073262206E-005
  4.906121634470091E-005
  4.902272931194530E-005
  4.898626061252218E-005
  4.895209708746588E-005
  4.892053918231112E-005
  4.889189454039013E-005
  4.886650311841549E-005
  4.884468656482476E-005
  4.882675394527234E-005
  4.881303556205381E-005
  4.880384306802921E-005
  4.879946907816842E-005
  4.880017927554116E-005
  4.880620282995942E-005
  4.881772140179395E-005
  4.883485676015887E-005
  4.885765697450283E-005
  4.888608129727218E-005
  4.891998286644959E-005
  4.895873181102661E-005
  4.900251342067876E-005
  4.905046102461269E-005
  4.910194028068859E-005
  4.915546505350947E-005
  4.920986715214189E-005
  4.926449131341603E-005
  4.931790562595778E-005
  4.936861535864112E-005
  4.941486976528286E-005
  4.945501423913851E-005
  4.948742246063019E-005
  4.951069565542059E-005
  4.952388972195608E-005
  4.952681967719480E-005
  4.952058200264154E-005
  4.950760335336980E-005
  4.949066427123969E-005
  4.947186339387313E-005
  4.945225751970688E-005
  4.943220875176684E-005
  4.941185965450552E-005
  4.939123181089024E-005
  4.937036833617890E-005
  4.934925489270764E-005
  4.932790876735141E-005
  4.930630493092539E-005
  4.928447742046090E-005
  4.926241892879795E-005
  4.924013791410290E-005
  4.921765549568331E-005
  4.919493352170787E-005
  4.917196876821451E-005
  4.914881739385215E-005
  4.912543805053873E-005
  4.910179466633846E-005
  4.907797260871454E-005
  4.905392255799406E-005
  4.902961345650526E-005
  4.900509857613700E-005
  4.898036446685434E-005
  4.895539584929499E-005
  4.893020153620849E-005
  4.890479860918078E-005
  4.887911294873507E-005
  4.885323539903384E-005
  4.882708713009510E-005
  4.880071744673309E-005
  4.877410766185800E-005
  4.874725515878292E-005
  4.872017232589674E-005
  4.869281385922842E-005
  4.866522142510496E-005
  4.863737730042949E-005
  4.860927004932209E-005
  4.858096679469150E-005
  4.855231503707317E-005
  4.852344316235699E-005
  4.849432963121326E-005
  4.846486300896047E-005
  4.843544320924817E-005
  4.840647853823233E-005
  4.837639456232439E-005
  4.834602587769731E-005
  4.831542149483024E-005
  4.828444298057684E-005
  4.825321787970938E-005
  4.822170227433226E-005
  4.818989602369142E-005
  4.815779287174411E-005
  4.812537379476122E-005
  4.809266841361172E-005
  4.805967451478805E-005
  4.802639278461803E-005
  4.799275923008246E-005
  4.795874973393885E-005
  4.792449733613696E-005
  4.788993431326818E-005
  4.785497762468585E-005
  4.781972129061453E-005
  4.778413171987261E-005
  4.774817427807043E-005
  4.771190624221794E-005
  4.767529139880254E-005
  4.763805111476802E-005
  4.760023488599929E-005
  4.756208451493651E-005
  4.752349995868562E-005
  4.748442394884046E-005
  4.744390913251677E-005
  4.740479345960712E-005
  4.736518275777361E-005
  4.732528269362846E-005
  4.728498161699258E-005
  4.724433537061729E-005
  4.720340027123113E-005
  4.716219920692238E-005
  4.712065149177748E-005
  4.707884581698821E-005
  4.703700105299117E-005
  4.699514080653374E-005
  4.695348083353115E-005
  4.691235460270779E-005
  4.687213158985104E-005
  4.683352882123954E-005
  4.679714369096395E-005
  4.676403443511909E-005
  4.673509974610164E-005
  4.671205062019048E-005
  4.669397108081982E-005
  4.667666113666371E-005
  4.666000477230541E-005
  4.664392028925357E-005
  4.662789303176882E-005
  4.661260146748357E-005
  4.659796966598093E-005
  4.658407106469242E-005
  4.657083333650302E-005
  4.655812259532515E-005
  4.654613915699669E-005
  4.653466228287559E-005
  4.652344748333143E-005
  4.651297760678881E-005
  4.650315937158902E-005
  4.649288052420898E-005
  4.648326424781937E-005
  4.647370747344962E-005
  4.646548596111201E-005
  4.645796250061120E-005
  4.645067372419003E-005
  4.644429462854493E-005
  4.643821420135062E-005
  4.643224129758352E-005
  4.642774939757951E-005
  4.642340062572811E-005
  4.641983536349746E-005
  4.641643519846418E-005
  4.641402522591284E-005
  4.641205316513150E-005
  4.641038860289064E-005
  4.640939338986664E-005
  4.640880020955375E-005
  4.640869764033513E-005
  4.640894155919161E-005
  4.640967279332631E-005
  4.641069677737045E-005
  4.641203494508692E-005
  4.641380913020357E-005
  4.641566249252783E-005
  4.641792830905991E-005
  4.642033821516171E-005
  4.642298633634341E-005
  4.642584082355027E-005
  4.635343924884981E-005
  4.626292658188552E-005
  4.617194611791939E-005
  4.608034926592015E-005
  4.598810365601120E-005
  4.589517669653346E-005
  4.580153454418077E-005
  4.570714855976921E-005
  4.561197943784915E-005
  4.551597439935290E-005
  4.541909262274721E-005
  4.532129099411014E-005
  4.522252415702882E-005
  4.512274595439051E-005
  4.502190697846321E-005
  4.491995756861951E-005
  4.481684535247946E-005
  4.471251607841220E-005
  4.460691339675183E-005
  4.449996911682540E-005
  4.439160547611135E-005
  4.428178612565503E-005
  4.417044582888084E-005
  4.405751393186191E-005
  4.394292194527316E-005
  4.382659648804342E-005
  4.370846075915386E-005
  4.358843614713379E-005
  4.346644103254141E-005
  4.334238601164332E-005
  4.321618588069995E-005
  4.308774725277121E-005
  4.295696559161882E-005
  4.282374896095695E-005
  4.268799308428478E-005
  4.254958581970087E-005
  4.240841846223927E-005
  4.226437411006752E-005
  4.211732931238514E-005
  4.196713874778395E-005
  4.181367751073767E-005
  4.165681326934557E-005
  4.149640219153191E-005
  4.133229623542686E-005
  4.116433881199043E-005
  4.099236556198031E-005
  4.081620488073855E-005
  4.063567859882903E-005
  4.045059952538550E-005
  4.026076680998476E-005
  4.006597430445350E-005
  3.986600684569704E-005
  3.966065363870856E-005
  3.944968429863491E-005
  3.923285072388067E-005
  3.900989851848696E-005
  3.878056235943561E-005
  3.854456439037211E-005
  3.830161305339417E-005
  3.805139775895208E-005
  3.779358911401260E-005
  3.752786353246133E-005
  3.725387332370490E-005
  3.697125045707977E-005
  3.667961348848414E-005
  3.637855859501649E-005
  3.606765887220857E-005
  3.574648186353197E-005
  3.541454736523408E-005
  3.507138333812185E-005
  3.471648710290894E-005
  3.434932871883157E-005
  3.396935711813136E-005
  3.357599911056003E-005
  3.316864560931510E-005
  3.274667613166810E-005
  3.230943589978738E-005
  3.185624819638333E-005
  3.138637885294724E-005
  3.089912787938469E-005
  3.039371894356513E-005
  2.986937407461715E-005
  2.932530293619038E-005
  2.876064030900555E-005
  2.817455929630114E-005
  2.756618588091292E-005
  2.693460591300311E-005
  2.627898485566834E-005
  2.559846172065375E-005
  2.489194751707893E-005
  2.415875419112740E-005
  2.339796445133393E-005
  2.260874080361529E-005
  2.178998452781570E-005
  2.094132927929982E-005
  2.006098169993937E-005
  1.914979847196228E-005
