  2.865654752496458E-005
  5.165919491770788E-006
  4.041617060934630E-006
  3.104610767831731E-006
  2.329318858753668E-006
  1.715989532311260E-006
  1.200000017881393E-006
  1.200000017881393E-006
  1.200000017881393E-006
  1.200000017881393E-006
  1.200000017881393E-006
  1.200000017881393E-006
  1.200000017881393E-006
  1.200000017881393E-006
  1.200000017881393E-006
  1.200000017881393E-006
  1.200000017881393E-006
  1.200000017881393E-006
  1.200000017881393E-006
  1.200000017881393E-006
  1.200000017881393E-006
  1.200000017881393E-006
  1.200000017881393E-006
  1.200000017881393E-006
  1.200000017881393E-006
  1.200000017881393E-006
  1.200000017881393E-006
  1.200000017881393E-006
  1.200000017881393E-006
  1.200000017881393E-006
  1.200000017881393E-006
  1.200000017881393E-006
  1.200000017881393E-006
  1.200000017881393E-006
  1.200000017881393E-006
  1.200000017881393E-006
  1.200000017881393E-006
  1.200000017881393E-006
  1.200000017881393E-006
  1.200000017881393E-006
  1.200000017881393E-006
  1.200000017881393E-006
  1.200000017881393E-006
  1.200000017881393E-006
  1.200000017881393E-006
  1.200000017881393E-006
  1.200000017881393E-006
  1.200000017881393E-006
  1.200000017881393E-006
  1.200000017881393E-006
  1.200000017881393E-006
  1.200000017881393E-006
  1.200000017881393E-006
  1.200000017881393E-006
  1.200000017881393E-006
  1.200000017881393E-006
  1.200000017881393E-006
  1.200000017881393E-006
  1.200000017881393E-006
  1.200000017881393E-006
  1.200000017881393E-006
  1.200000017881393E-006
  1.200000017881393E-006
  1.200000017881393E-006
  1.200000017881393E-006
  1.200000017881393E-006
  1.200000017881393E-006
  1.200000017881393E-006
  1.200000017881393E-006
  1.200000017881393E-006
  1.200000017881393E-006
  1.200000017881393E-006
  1.200000017881393E-006
  1.200000017881393E-006
  1.200000017881393E-006
  1.200000017881393E-006
  1.200000017881393E-006
  1.200000017881393E-006
  1.200000017881393E-006
  1.200000017881393E-006
  1.200000017881393E-006
  1.200000017881393E-006
  1.200000017881393E-006
  1.200000017881393E-006
  1.200000017881393E-006
  1.200000017881393E-006
  1.200000017881393E-006
  1.200000017881393E-006
  1.200000017881393E-006
  1.200000017881393E-006
  1.200000017881393E-006
  1.200000017881393E-006
  1.200000017881393E-006
  1.200000017881393E-006
  1.200000017881393E-006
  1.200000017881393E-006
  1.200000017881393E-006
  1.200000017881393E-006
  1.200000017881393E-006
  1.200000017881393E-006
  1.200000017881393E-006
  1.200000017881393E-006
  1.200000017881393E-006
  1.200000017881393E-006
  1.200000017881393E-006
  1.200000017881393E-006
  1.200000017881393E-006
  1.200000017881393E-006
  1.200000017881393E-006
  1.200000017881393E-006
  1.200000017881393E-006
  1.200000017881393E-006
  1.200000017881393E-006
  1.200000017881393E-006
  1.200000017881393E-006
  1.200000017881393E-006
  1.200000017881393E-006
  1.200000017881393E-006
  1.200000017881393E-006
  1.200000017881393E-006
  1.200000017881393E-006
  1.200000017881393E-006
  1.200000017881393E-006
  1.200000017881393E-006
  1.200000017881393E-006
  1.200000017881393E-006
  1.200000017881393E-006
  1.200000017881393E-006
  1.200000017881393E-006
  1.200000017881393E-006
  1.200000017881393E-006
  1.200000017881393E-006
  1.200000017881393E-006
  1.200000017881393E-006
  1.200000017881393E-006
  1.200000017881393E-006
  1.200000017881393E-006
  1.200000017881393E-006
  1.200000017881393E-006
  1.200000017881393E-006
  1.200000017881393E-006
  1.200000017881393E-006
  1.200000017881393E-006
  1.200000017881393E-006
  1.200000017881393E-006
  1.200000017881393E-006
  1.200000017881393E-006
  1.200000017881393E-006
  1.200000017881393E-006
  1.200000017881393E-006
  1.200000017881393E-006
  1.200000017881393E-006
  1.200000017881393E-006
  1.200000017881393E-006
  1.200000017881393E-006
  1.200000017881393E-006
  1.200000017881393E-006
  1.200000017881393E-006
  1.200000017881393E-006
  1.200000017881393E-006
  1.200000017881393E-006
  1.200000017881393E-006
  1.200000017881393E-006
  1.200000017881393E-006
  1.200000017881393E-006
  1.200000017881393E-006
  1.200000017881393E-006
  1.200000017881393E-006
  1.200000017881393E-006
  1.200000017881393E-006
  1.200000017881393E-006
  1.200000017881393E-006
  1.200000017881393E-006
  1.200000017881393E-006
  1.200000017881393E-006
  1.200000017881393E-006
  1.200000017881393E-006
  1.200000017881393E-006
  1.200000017881393E-006
  1.200000017881393E-006
  1.200000017881393E-006
  1.200000017881393E-006
  1.200000017881393E-006
  1.200000017881393E-006
  1.200000017881393E-006
  1.200000017881393E-006
  1.200000017881393E-006
  1.200000017881393E-006
  1.200000017881393E-006
  1.200000017881393E-006
  1.200000017881393E-006
  1.200000017881393E-006
  1.200000017881393E-006
  1.200000017881393E-006
  1.200000017881393E-006
  1.200000017881393E-006
  1.200000017881393E-006
  1.200000017881393E-006
  1.200000017881393E-006
  1.200000017881393E-006
  1.200000017881393E-006
  1.200000017881393E-006
  1.200000017881393E-006
  1.200000017881393E-006
  1.200000017881393E-006
  1.200000017881393E-006
  1.200000017881393E-006
  1.200000017881393E-006
  1.200000017881393E-006
  1.200000017881393E-006
  1.200000017881393E-006
  1.200000017881393E-006
  1.200000017881393E-006
  1.200000017881393E-006
  1.200000017881393E-006
  1.200000017881393E-006
  1.200000017881393E-006
  1.200000017881393E-006
  1.200000017881393E-006
  1.200000017881393E-006
  1.200000017881393E-006
  1.200000017881393E-006
  1.200000017881393E-006
  1.200000017881393E-006
  1.200000017881393E-006
  1.200000017881393E-006
  1.200000017881393E-006
  1.200000017881393E-006
  1.200000017881393E-006
  1.200000017881393E-006
  1.200000017881393E-006
  1.200000017881393E-006
  1.200000017881393E-006
  1.200000017881393E-006
  1.200000017881393E-006
  1.200000017881393E-006
  1.200000017881393E-006
  1.200000017881393E-006
  1.200000017881393E-006
  1.200000017881393E-006
  1.200000017881393E-006
  1.200000017881393E-006
  1.200000017881393E-006
  1.200000017881393E-006
  1.200000017881393E-006
  1.200000017881393E-006
  1.200000017881393E-006
  1.200000017881393E-006
  1.200000017881393E-006
  1.200000017881393E-006
  1.200000017881393E-006
  1.200000017881393E-006
  1.200000017881393E-006
  1.200000017881393E-006
  1.200000017881393E-006
  1.200000017881393E-006
  1.200000017881393E-006
  1.200000017881393E-006
  1.200000017881393E-006
  1.200000017881393E-006
  1.200000017881393E-006
  1.200000017881393E-006
  1.200000017881393E-006
  1.200000017881393E-006
  1.200000017881393E-006
  1.200000017881393E-006
  1.200000017881393E-006
  1.200000017881393E-006
  1.200000017881393E-006
  1.200000017881393E-006
  1.200000017881393E-006
  1.200000017881393E-006
  1.200000017881393E-006
  1.200000017881393E-006
  1.200000017881393E-006
  1.200000017881393E-006
  1.200000017881393E-006
  1.200000017881393E-006
  1.200000017881393E-006
  1.200000017881393E-006
  1.200000017881393E-006
  1.200000017881393E-006
  1.200000017881393E-006
  1.200000017881393E-006
  1.200000017881393E-006
  1.200000017881393E-006
  1.200000017881393E-006
  1.200000017881393E-006
  1.200000017881393E-006
  1.200000017881393E-006
  1.200000017881393E-006
  1.200000017881393E-006
  1.200000017881393E-006
  1.200000017881393E-006
  1.200000017881393E-006
  1.200000017881393E-006
  1.200000017881393E-006
  1.200000017881393E-006
  1.200000017881393E-006
  1.200000017881393E-006
  1.200000017881393E-006
  1.200000017881393E-006
  1.200000017881393E-006
  1.200000017881393E-006
  1.200000017881393E-006
  1.200000017881393E-006
  1.200000017881393E-006
  1.200000017881393E-006
  1.200000017881393E-006
  1.200000017881393E-006
  1.200000017881393E-006
  1.200000017881393E-006
  1.200000017881393E-006
  1.200000017881393E-006
  1.200000017881393E-006
  1.200000017881393E-006
  1.200000017881393E-006
  1.200000017881393E-006
  1.200000017881393E-006
  1.200000017881393E-006
  1.200000017881393E-006
  1.200000017881393E-006
  1.200000017881393E-006
  1.200000017881393E-006
  1.200000017881393E-006
  1.200000017881393E-006
  1.200000017881393E-006
  1.200000017881393E-006
  1.200000017881393E-006
  1.200000017881393E-006
  1.200000017881393E-006
  1.200000017881393E-006
  1.200000017881393E-006
  1.200000017881393E-006
  1.200000017881393E-006
  1.200000017881393E-006
  1.200000017881393E-006
  1.200000017881393E-006
  1.200000017881393E-006
  1.200000017881393E-006
  1.200000017881393E-006
  1.200000017881393E-006
  1.200000017881393E-006
  1.200000017881393E-006
  1.200000017881393E-006
  1.200000017881393E-006
  1.200000017881393E-006
  1.200000017881393E-006
  1.200000017881393E-006
  1.200000017881393E-006
  1.200000017881393E-006
  1.200000017881393E-006
  1.200000017881393E-006
  1.200000017881393E-006
  1.200000017881393E-006
  1.200000017881393E-006
  1.200000017881393E-006
  1.200000017881393E-006
  1.200000017881393E-006
  1.200000017881393E-006
  1.200000017881393E-006
  1.200000017881393E-006
  1.200000017881393E-006
  1.200000017881393E-006
  1.200000017881393E-006
  1.200000017881393E-006
  1.200000017881393E-006
  1.200000017881393E-006
  1.200000017881393E-006
  1.200000017881393E-006
  1.200000017881393E-006
  1.200000017881393E-006
  1.200000017881393E-006
  1.200000017881393E-006
  1.200000017881393E-006
  1.200000017881393E-006
  1.200000017881393E-006
  1.200000017881393E-006
  1.200000017881393E-006
  1.200000017881393E-006
  1.200000017881393E-006
  1.200000017881393E-006
  1.200000017881393E-006
  1.200000017881393E-006
  1.200000017881393E-006
  1.200000017881393E-006
  1.200000017881393E-006
  1.200000017881393E-006
  1.200000017881393E-006
  1.200000017881393E-006
  1.200000017881393E-006
  1.200000017881393E-006
  1.200000017881393E-006
  1.200000017881393E-006
  1.200000017881393E-006
  1.200000017881393E-006
  1.200000017881393E-006
  1.200000017881393E-006
  1.200000017881393E-006
  1.200000017881393E-006
  1.200000017881393E-006
  1.200000017881393E-006
  1.200000017881393E-006
  1.200000017881393E-006
  1.200000017881393E-006
  1.200000017881393E-006
  1.200000017881393E-006
  1.200000017881393E-006
  1.200000017881393E-006
  1.200000017881393E-006
  1.200000017881393E-006
  1.200000017881393E-006
  1.200000017881393E-006
  1.200000017881393E-006
  1.200000017881393E-006
  1.200000017881393E-006
  1.200000017881393E-006
  1.200000017881393E-006
  1.200000017881393E-006
  1.200000017881393E-006
  1.200000017881393E-006
  1.200000017881393E-006
  1.200000017881393E-006
  1.200000017881393E-006
  1.200000017881393E-006
  1.200000017881393E-006
  1.200000017881393E-006
  1.200000017881393E-006
  1.200000017881393E-006
  1.200000017881393E-006
  1.200000017881393E-006
  1.200000017881393E-006
  1.200000017881393E-006
  1.200000017881393E-006
  1.200000017881393E-006
  1.200000017881393E-006
  1.200000017881393E-006
  1.200000017881393E-006
  1.200000017881393E-006
  1.200000017881393E-006
  1.200000017881393E-006
  1.200000017881393E-006
  1.200000017881393E-006
  1.200000017881393E-006
  1.200000017881393E-006
  1.200000017881393E-006
  1.200000017881393E-006
  1.200000017881393E-006
  1.200000017881393E-006
  1.200000017881393E-006
  1.200000017881393E-006
  1.200000017881393E-006
  1.200000017881393E-006
  1.200000017881393E-006
  1.200000017881393E-006
  1.200000017881393E-006
  1.200000017881393E-006
  1.200000017881393E-006
  1.200000017881393E-006
  1.200000017881393E-006
  1.200000017881393E-006
  1.200000017881393E-006
  1.200000017881393E-006
  1.200000017881393E-006
  1.200000017881393E-006
  1.200000017881393E-006
  1.200000017881393E-006
  1.200000017881393E-006
  1.200000017881393E-006
  1.200000017881393E-006
  1.200000017881393E-006
  1.200000017881393E-006
  1.200000017881393E-006
  1.200000017881393E-006
  1.200000017881393E-006
  1.200000017881393E-006
  1.200000017881393E-006
  1.200000017881393E-006
  1.200000017881393E-006
  1.200000017881393E-006
  1.200000017881393E-006
  1.200000017881393E-006
  1.200000017881393E-006
  1.200000017881393E-006
  1.200000017881393E-006
  1.200000017881393E-006
  1.200000017881393E-006
  1.200000017881393E-006
  1.200000017881393E-006
  1.200000017881393E-006
  1.200000017881393E-006
  1.200000017881393E-006
  1.200000017881393E-006
  1.200000017881393E-006
  1.200000017881393E-006
  1.200000017881393E-006
  1.200000017881393E-006
  1.200000017881393E-006
  1.200000017881393E-006
  1.200000017881393E-006
  1.200000017881393E-006
  1.200000017881393E-006
  1.200000017881393E-006
  1.200000017881393E-006
  1.200000017881393E-006
  1.200000017881393E-006
  1.200000017881393E-006
  1.200000017881393E-006
  1.200000017881393E-006
  1.200000017881393E-006
  1.200000017881393E-006
  1.200000017881393E-006
  1.200000017881393E-006
  1.200000017881393E-006
  1.200000017881393E-006
  1.200000017881393E-006
  1.200000017881393E-006
  1.200000017881393E-006
  1.200000017881393E-006
  1.200000017881393E-006
  1.200000017881393E-006
  1.200000017881393E-006
  1.200000017881393E-006
  1.200000017881393E-006
  1.200000017881393E-006
  1.200000017881393E-006
  1.200000017881393E-006
  1.200000017881393E-006
  1.200000017881393E-006
  1.200000017881393E-006
  1.200000017881393E-006
  1.200000017881393E-006
  1.200000017881393E-006
  1.200000017881393E-006
  1.200000017881393E-006
  1.200000017881393E-006
  1.200000017881393E-006
  1.200000017881393E-006
  1.200000017881393E-006
  1.200000017881393E-006
  1.200000017881393E-006
  1.200000017881393E-006
  1.200000017881393E-006
  1.200000017881393E-006
  1.200000017881393E-006
  1.200000017881393E-006
  1.200000017881393E-006
  1.200000017881393E-006
  1.200000017881393E-006
  1.200000017881393E-006
  1.200000017881393E-006
  1.200000017881393E-006
  1.200000017881393E-006
  1.200000017881393E-006
  1.200000017881393E-006
  1.200000017881393E-006
  1.200000017881393E-006
  1.200000017881393E-006
  1.200000017881393E-006
  1.200000017881393E-006
  1.200000017881393E-006
  1.200000017881393E-006
  1.200000017881393E-006
  1.200000017881393E-006
  1.200000017881393E-006
  1.200000017881393E-006
  1.200000017881393E-006
  1.200000017881393E-006
  1.200000017881393E-006
  1.200000017881393E-006
  1.200000017881393E-006
  1.200000017881393E-006
  1.200000017881393E-006
  1.200000017881393E-006
  1.200000017881393E-006
  1.200000017881393E-006
  1.200000017881393E-006
  1.200000017881393E-006
  1.200000017881393E-006
  1.200000017881393E-006
  1.200000017881393E-006
  1.200000017881393E-006
  5.683355433835704E-008
  2.142415603787300E-007
  3.718508271163859E-007
  5.296620254483896E-007
  6.876724281405894E-007
  8.458788330700517E-007
  1.004277159356012E-006
  1.162863683659496E-006
  1.321634234181237E-006
  1.480584332757603E-006
  1.639710058073514E-006
  1.799007105631716E-006
  1.958470763214051E-006
  2.118097271507784E-006
  2.277882267663982E-006
  2.437821320658771E-006
  2.597909596317533E-006
  2.758143313758634E-006
  2.918517975036725E-006
  3.079029109908755E-006
  3.239672302167741E-006
  3.400443526909958E-006
  3.561337381044037E-006
  3.722350029878610E-006
  3.883477265975656E-006
  4.044714085130795E-006
  4.206056561000359E-006
  4.367499148099275E-006
  4.529038167873207E-006
  4.690669024915601E-006
  4.852387248829056E-006
  5.014187394723597E-006
  5.176065849879414E-006
  5.338018117993391E-006
  5.500038771544037E-006
  5.662123805183210E-006
  5.824268530384125E-006
  5.986468179011079E-006
  6.148718367397514E-006
  6.311014343737572E-006
  6.473351250969307E-006
  6.635724811984151E-006
  6.798130483795454E-006
  6.960563128804075E-006
  7.123018416254459E-006
  7.285491998397535E-006
  7.447978284099122E-006
  7.610473788685176E-006
  7.772972775773185E-006
  7.935471377314831E-006
  8.097964594745649E-006
  8.260447836404900E-006
  8.422916745511401E-006
  8.585365854435622E-006
  8.747791210725675E-006
  8.910187694979760E-006
  9.072551306850263E-006
  9.234876942482379E-006
  9.397160316023613E-006
  9.559396036961429E-006
  9.721580407133331E-006
  9.883708182597898E-006
  1.004577562486230E-005
  1.020777660148545E-005
  1.036970773634408E-005
  1.053156415829511E-005
  1.069334115088581E-005
  1.085503416401634E-005
  1.101663872961863E-005
  1.117815055908726E-005
  1.133956416914783E-005
  1.150087592919367E-005
  1.166208136173989E-005
  1.182317539812596E-005
  1.198415390045026E-005
  1.214501236306274E-005
  1.230574597173711E-005
  1.246635105669340E-005
  1.262682271191368E-005
  1.278715629610261E-005
  1.294734774730587E-005
  1.310739269199031E-005
  1.326728651398660E-005
  1.342702514243381E-005
  1.358660421518374E-005
  1.374601917034786E-005
  1.390526581102513E-005
  1.406434026940227E-005
  1.422323851713703E-005
  1.438195500136368E-005
  1.454048696485274E-005
  1.469882926095382E-005
  1.485697802650055E-005
  1.501492961841534E-005
  1.517267853257422E-005
  1.533022236663509E-005
  1.548755611369436E-005
  1.564467614391815E-005
  1.580157819543120E-005
  1.595825831754968E-005
  1.611471236418584E-005
  1.627093689546789E-005
  1.642692754717657E-005
  1.658268105562851E-005
  1.673819280627646E-005
  1.689345947712677E-005
  1.704847717749096E-005
  1.720324153055234E-005
  1.735774956166100E-005
  1.751199749213214E-005
  1.766598129131638E-005
  1.781969783288321E-005
  1.797314275555870E-005
  1.812631315735933E-005
  1.827920553735494E-005
  1.843181533414552E-005
  1.858413964359440E-005
  1.873617591432588E-005
  1.888791965162508E-005
  1.903936721682877E-005
  1.919051666042733E-005
  1.934136378005187E-005
  1.949190478105511E-005
  1.964213631543901E-005
  1.979205690405161E-005
  1.994166208186557E-005
  2.009094840169237E-005
  2.023991271155117E-005
  2.038855220507067E-005
  2.053686488131030E-005
  2.068484690283988E-005
  2.083249467493609E-005
  2.097980546662095E-005
  2.112677647928795E-005
  2.127340480644782E-005
  2.141968858924958E-005
  2.156562486667536E-005
  2.171121006492839E-005
  2.185644072288214E-005
  2.200131506343497E-005
  2.214583046005577E-005
  2.228998431536245E-005
  2.243377384007445E-005
  2.257719612716910E-005
  2.272024923910077E-005
  2.286293083256395E-005
  2.300523955750073E-005
  2.314717133185867E-005
  2.328872360060223E-005
  2.342989457736081E-005
  2.357068215667849E-005
  2.371108406212474E-005
  2.385109709955873E-005
  2.399072032116780E-005
  2.412995140823935E-005
  2.426878804479972E-005
  2.440722817837440E-005
  2.454526919993170E-005
  2.468290923324264E-005
  2.482014655292307E-005
  2.495697992806788E-005
  2.509340776164358E-005
  2.522942671715382E-005
  2.536503647214837E-005
  2.550023421726869E-005
  2.563501766964209E-005
  2.576938687496696E-005
  2.590333934319695E-005
  2.603687317152256E-005
  2.616998668001869E-005
  2.630267800715057E-005
  2.643494681814043E-005
  2.656679116991415E-005
  2.669820932553895E-005
  2.682920079488713E-005
  2.695976319679132E-005
  2.708989503656902E-005
  2.721959536460360E-005
  2.734886315219581E-005
  2.747769722577851E-005
  2.760609651279918E-005
  2.773405964911779E-005
  2.786158429669433E-005
  2.798867097563589E-005
  2.811531821542364E-005
  2.824152550467213E-005
  2.836729097586953E-005
  2.849261353990887E-005
  2.861749283159187E-005
  2.874192832402737E-005
  2.886591897893142E-005
  2.898946263714178E-005
  2.911255999769329E-005
  2.923521013658076E-005
  2.935741295928923E-005
  2.947916541681530E-005
  2.960046890937445E-005
  2.972132294067908E-005
  2.984172569455465E-005
  2.996167721539208E-005
  3.008117683994841E-005
  3.020022509192839E-005
  3.031881974423457E-005
  3.043696120347254E-005
  3.055465004577746E-005
  3.067188441238080E-005
  3.078866389329691E-005
  3.090498978160938E-005
  3.102086074504959E-005
  3.113627568793187E-005
  3.125123618678815E-005
  3.136574070686775E-005
  3.147978885401204E-005
  3.159338240650401E-005
  3.170651980994917E-005
  3.181920018963639E-005
  3.193142561478139E-005
  3.204319481822900E-005
  3.215450705729554E-005
  3.226536424633649E-005
  3.237576468106500E-005
  3.248570954953372E-005
  3.259519881027404E-005
  3.270423148700755E-005
  3.281280938452774E-005
  3.292093200832391E-005
  3.302859875140057E-005
  3.313581133116826E-005
  3.324256827911446E-005
  3.334887153687805E-005
  3.345472127055037E-005
  3.356011576198038E-005
  3.366505780858269E-005
  3.376954616879881E-005
  3.387358238856158E-005
  3.397716653443584E-005
  3.408029850501727E-005
  3.418297949000352E-005
  3.428520865516213E-005
  3.438698822213289E-005
  3.448831787148945E-005
  3.458919813220400E-005
  3.468963028522220E-005
  3.478961337931042E-005
  3.488914985784801E-005
  3.498823865374872E-005
  3.508688150399206E-005
  3.518507857445242E-005
  3.528283067123277E-005
  3.538013899088648E-005
  3.547700308652725E-005
  3.557342531579547E-005
  3.566940463259143E-005
  3.576494342044019E-005
  3.586004121654459E-005
  3.595469983409541E-005
  3.604891956490721E-005
  3.614270118856718E-005
  3.623604574259247E-005
  3.632895379103316E-005
  3.642142725379242E-005
  3.651346528035723E-005
  3.660507067797154E-005
  3.669624260974337E-005
  3.678698362368556E-005
  3.687729327838795E-005
  3.696717373961071E-005
  3.705662512562521E-005
  3.714564906548486E-005
  3.723424631442332E-005
  3.732241773533048E-005
  3.741016464004646E-005
  3.749748781235146E-005
  3.758438888174303E-005
  3.767086794257112E-005
  3.775692736084266E-005
  3.784256641058182E-005
  3.792778826879201E-005
  3.801259248303948E-005
  3.809698146316292E-005
  3.818095537080585E-005
  3.826451635508971E-005
  3.834766445323528E-005
  3.843040185828686E-005
  3.851272851661219E-005
  3.859464688004447E-005
  3.867615710363442E-005
  3.875726146030642E-005
  3.883796037807033E-005
  3.891825595919351E-005
  3.899814851285754E-005
  3.907763969876402E-005
  3.915673050013941E-005
  3.923542285717167E-005
  3.931371766927840E-005
  3.939161607692151E-005
  3.946911890836228E-005
  3.954622848927003E-005
  3.962294566256671E-005
  3.969927216203073E-005
  3.977520831752364E-005
  3.985075600042385E-005
  3.992591679671355E-005
  4.000069208327743E-005
  4.007508245373672E-005
  4.014908975121824E-005
  4.022271557161063E-005
  4.029596149765976E-005
  4.036882751690769E-005
  4.044131618934051E-005
  4.051342908013637E-005
  4.058516663974700E-005
  4.065653095285759E-005
  4.072752325892704E-005
  4.079814486923864E-005
  4.086839671260983E-005
  4.093828148760258E-005
  4.100779942850111E-005
  4.107695198582838E-005
  4.114574129984688E-005
  4.121416877013990E-005
  4.128223446404077E-005
  4.134994194202633E-005
  4.141729063365466E-005
  4.148428308349540E-005
  4.155092075000626E-005
  4.161720366236446E-005
  4.168313496761066E-005
  4.174871593994488E-005
  4.181394648205241E-005
  4.187883057039985E-005
  4.194336642680803E-005
  4.200755881882736E-005
  4.207140672624823E-005
  4.213491289410641E-005
  4.219807840172549E-005
  4.226090431167997E-005
  4.232339340223567E-005
  4.238554476902981E-005
  4.244736236207707E-005
  4.250884560291730E-005
  4.256999775121783E-005
  4.263081846197028E-005
  4.269131092050392E-005
  4.275147518771953E-005
  4.281131381307051E-005
  4.287082723642557E-005
  4.293001805670428E-005
  4.298888606261326E-005
  4.304743487922526E-005
  4.310566342474932E-005
  4.316357620583757E-005
  4.322117111045873E-005
  4.327845348701640E-005
  4.333542057402234E-005
  4.339207767456470E-005
  4.344842347618288E-005
  4.350446110300675E-005
  4.356019145906288E-005
  4.361561512321507E-005
  4.367073582507082E-005
  4.372555164831930E-005
  4.378006693291294E-005
  4.383428237117015E-005
  4.388819790016886E-005
  4.394181797612422E-005
  4.399514025824321E-005
  4.404816881969762E-005
  4.410090574873281E-005
  4.415334813539963E-005
  4.420550237998135E-005
  4.425736833511848E-005
  4.430894500291905E-005
  4.436023684341416E-005
  4.441124548949122E-005
  4.446196779924987E-005
  4.451241033184951E-005
  4.456257407409319E-005
  4.461245598381392E-005
  4.466206109347899E-005
  4.471139171106384E-005
  4.476044752538524E-005
  4.480922699942236E-005
  4.485773670298375E-005
  4.490597667455229E-005
  4.495394719812866E-005
  4.500164656013656E-005
  4.504908142458071E-005
  4.509625308994028E-005
  4.514316199993639E-005
  4.518980392672225E-005
  4.523618471398946E-005
  4.528230814963796E-005
  4.532817431093109E-005
  4.537378489901499E-005
  4.541913940091848E-005
  4.546423349044095E-005
  4.550907641961546E-005
  4.555366943616815E-005
  4.559801371726905E-005
  4.564210974681377E-005
  4.568595972186234E-005
  4.572956432653510E-005
  4.577292347227849E-005
  4.581604021989977E-005
  4.585891103156953E-005
  4.590153039540818E-005
  4.594391245552752E-005
  4.598605828405730E-005
  4.602796791654457E-005
  4.606964425782558E-005
  4.611108747870547E-005
  4.615229859359267E-005
  4.619327653407030E-005
  4.623402562311338E-005
  4.627455059290827E-005
  4.631483827421473E-005
  4.635484445669492E-005
  4.640841864737290E-005
  4.643424094608781E-005
  4.647376052653217E-005
  4.651291882815484E-005
  4.655186971552533E-005
  4.659059337039653E-005
  4.662910830119117E-005
  4.666740087666771E-005
  4.670547740611765E-005
  4.674333715878599E-005
  4.678098630194609E-005
  4.681842183480953E-005
  4.685564483458124E-005
  4.689265842928828E-005
  4.692946151549922E-005
  4.696605456824489E-005
  4.700243586956460E-005
  4.703861206340320E-005
  4.707458478260541E-005
  4.711035391051815E-005
  4.714592168245119E-005
  4.718128860869293E-005
  4.721645535664230E-005
  4.725142358674058E-005
  4.728619398580444E-005
  4.732076743141817E-005
  4.735514582575480E-005
  4.738932890803028E-005
  4.742331872773166E-005
  4.745711641605224E-005
  4.749072202753011E-005
  4.752413764800685E-005
  4.755736418677303E-005
  4.759040191565166E-005
  4.762325268832711E-005
  4.765591720082709E-005
  4.768839639447133E-005
  4.772069157661214E-005
  4.775280364430153E-005
  4.778473353949529E-005
  4.781648257767283E-005
  4.784805106992477E-005
  4.787944073504753E-005
  4.791065259601410E-005
  4.794168696204802E-005
  4.797254552257670E-005
  4.800322906813737E-005
  4.803373812555177E-005
  4.806407410083292E-005
  4.809423821815228E-005
  4.812423078888957E-005
  4.815405306343863E-005
  4.818370630681810E-005
  4.821319079935838E-005
  4.824250803371117E-005
  4.827165893935864E-005
  4.830064390482470E-005
  4.832946431332618E-005
  4.835812122994693E-005
  4.838661517942194E-005
  4.841494716156755E-005
  4.844311823747140E-005
  4.847112930386963E-005
  4.849898069133014E-005
  4.852667408718427E-005
  4.855421009998873E-005
  4.858158911066741E-005
  4.860881265768006E-005
  4.863588168783538E-005
  4.866279630581016E-005
  4.868955770460253E-005
  4.871616716869722E-005
  4.874262484227302E-005
  4.876893177827409E-005
  4.879508925540981E-005
  4.882109796041155E-005
  4.884695781712301E-005
  4.887267070300777E-005
  4.889823738105129E-005
  4.892365785359044E-005
  4.894893338286509E-005
  4.897406510999758E-005
  4.899905352157597E-005
  4.902389878171506E-005
  4.904860257667426E-005
  4.907316558569464E-005
  4.909758796566030E-005
  4.912187073839945E-005
  4.914601526480386E-005
  4.917002168799503E-005
  4.919389042356195E-005
  4.921762289114115E-005
  4.924121963555947E-005
  4.926468155486159E-005
  4.928800851327001E-005
  4.931120210671102E-005
  4.933426288621639E-005
  4.935719148738347E-005
  4.937998841744787E-005
  4.940265433875442E-005
  4.942519035312509E-005
  4.944759700687069E-005
  4.946987419296910E-005
  4.949202351974973E-005
  4.951404571152422E-005
  4.953594131901725E-005
  4.955771013296723E-005
  4.957935401907186E-005
  4.960087358406477E-005
  4.962226926263908E-005
  4.964354079693314E-005
  4.966468994625304E-005
  4.968571734927251E-005
  4.970662302104739E-005
  4.972740713118159E-005
  4.974807097467618E-005
  4.976861511315478E-005
  4.978904005457741E-005
  4.980934626542844E-005
  4.982953376874364E-005
  4.984960391679597E-005
  4.986955735399922E-005
  4.988939462658394E-005
  4.990911523781128E-005
  4.992872062686900E-005
  4.994821158508699E-005
  4.996758840873926E-005
  4.998685186502572E-005
  5.000600135623095E-005
  5.002503834342275E-005
  5.004396351437875E-005
  5.006277754833043E-005
  5.008148069701680E-005
  5.010007234997892E-005
  5.011855439324470E-005
  5.013692725418166E-005
  5.015519122767894E-005
  5.017334705662042E-005
  5.019139385001450E-005
  5.020933332885544E-005
  5.022716611374971E-005
  5.024489245154083E-005
  5.026251298495839E-005
  5.028002744574166E-005
  5.029743639617477E-005
  5.031474114709608E-005
  5.033194158253945E-005
  5.034903865259251E-005
  5.036603288356345E-005
  5.038292269258650E-005
  5.039971090230624E-005
  5.041639718036972E-005
  5.043298177712366E-005
  5.044946643892152E-005
  5.046585037731785E-005
  5.048213295285871E-005
  5.049831537320134E-005
  5.051439705874262E-005
  5.053038003816763E-005
  5.054626599381785E-005
  5.056205247893578E-005
  5.057774073323209E-005
  5.059333252163861E-005
  5.060882563836002E-005
  5.062422456427522E-005
  5.063952458725473E-005
  5.065472958335080E-005
  5.066983789406992E-005
  5.068485143813761E-005
  5.069976794164876E-005
  5.071458915179028E-005
  5.072931574716361E-005
  5.074395165994217E-005
  5.075849271679071E-005
  5.077294038498727E-005
  5.078729229737699E-005
  5.080155219641280E-005
  5.081572377078454E-005
  5.082980023833786E-005
  5.084378023090957E-005
  5.085766931818318E-005
  5.087146743029486E-005
  5.088517495420685E-005
  5.089879085483999E-005
  5.091231594984482E-005
  5.092575127276158E-005
  5.093909653400511E-005
  5.095235258092279E-005
  5.096551955610280E-005
  5.097859762409690E-005
  5.099158694310836E-005
  5.100448787049264E-005
  5.101729958356129E-005
  5.103002201832706E-005
  5.104265727381865E-005
  5.105520435136109E-005
  5.106766397279361E-005
  5.108003689294166E-005
  5.109232276957263E-005
  5.110452237286148E-005
  5.111663549179108E-005
  5.112866221703513E-005
  5.114060271436324E-005
  5.115245751741175E-005
  5.116422662804055E-005
  5.117591019781174E-005
  5.118750840744358E-005
  5.119902103996623E-005
  5.121044871085041E-005
  5.122179184884634E-005
  5.123304987857865E-005
  5.124422273710934E-005
  5.125531136881995E-005
  5.126631612621602E-005
  5.127723708697153E-005
  5.128807434031181E-005
  5.129882789856543E-005
  5.130949845010392E-005
  5.132008490804099E-005
  5.133058839816649E-005
  5.134100855550058E-005
  5.135134573733839E-005
  5.136160012364961E-005
  5.137177168358556E-005
  5.138186056930413E-005
  5.139186697367000E-005
  5.140179078310774E-005
  5.141163245888418E-005
  5.142139191953688E-005
  5.143106928522682E-005
  5.144066467879520E-005
  5.145017191292846E-005
  5.145959653494893E-005
  5.146894106574511E-005
  5.147820479546474E-005
  5.148738710475727E-005
  5.149648596042682E-005
  5.150550926074612E-005
  5.151444699017141E-005
  5.152330650567411E-005
  5.153208430190371E-005
  5.154078371097505E-005
  5.154940062462602E-005
  5.155793399030402E-005
  5.156638952673662E-005
  5.157476581616118E-005
  5.158305832862453E-005
  5.159127046292855E-005
  5.159940221877056E-005
  5.160745360138854E-005
  5.161542462181806E-005
  5.162331529283961E-005
  5.163112562976082E-005
  5.163885564854873E-005
  5.164650536549153E-005
  5.165407479588492E-005
  5.166156395470388E-005
  5.166897285526269E-005
  5.167630150942875E-005
  5.168354992705158E-005
  5.169071811631921E-005
  5.169780608309000E-005
  5.170481383097530E-005
  5.171174136117810E-005
  5.171858867279951E-005
  5.172535576243404E-005
  5.173204262340728E-005
  5.173864923783163E-005
  5.174517556779086E-005
  5.175162155507672E-005
  5.175798712022546E-005
  5.176427216165603E-005
  5.177047655521798E-005
  5.177660015315998E-005
  5.178264278383211E-005
  5.178860425046784E-005
  5.179448433131808E-005
  5.180028277802731E-005
  5.180599931695806E-005
  5.181163364753915E-005
  5.181718544309390E-005
  5.182265435151636E-005
  5.182803999559298E-005
  5.183334197498556E-005
  5.183855986708050E-005
  5.184369322980431E-005
  5.184874160369180E-005
  5.185370451507457E-005
  5.185858147880731E-005
  5.186337200280665E-005
  5.186807559049035E-005
  5.187269174629251E-005
  5.187721997872848E-005
  5.188165980560565E-005
  5.188601075836150E-005
  5.189027238632828E-005
  5.189444426154909E-005
  5.189852598382884E-005
  5.190251718442224E-005
  5.190641753131914E-005
  5.191022673313264E-005
  5.191394454363370E-005
  5.191757076563397E-005
  5.192110525517948E-005
  5.192454792521774E-005
  5.192789874918142E-005
  5.193115776465867E-005
  5.193432507645848E-005
  5.193740085975080E-005
  5.194038536306169E-005
  5.194327891081827E-005
  5.194608190611354E-005
  5.194879483259168E-005
  5.195141825702132E-005
  5.195395283072900E-005
  5.195639929144038E-005
  5.195875846460864E-005
  5.196103126445949E-005
  5.196321869485630E-005
  5.196532184990576E-005
  5.196734191408358E-005
  5.196928016224455E-005
  5.197113795905764E-005
  5.197291675842836E-005
  5.197461810205549E-005
  5.197624361809616E-005
  5.197779501896325E-005
  5.197927409902574E-005
  5.198068273148372E-005
  5.198202286508631E-005
  5.198329652002068E-005
  5.198450578345560E-005
  5.198565280422173E-005
  5.198673978720075E-005
  5.198776898669115E-005
  5.198874269925525E-005
  5.198966325561600E-005
  5.199053301187956E-005
  5.199135433969720E-005
  5.199212961533040E-005
  5.199286120775730E-005
  5.199355146538257E-005
  5.199420270141567E-005
  5.199481717768301E-005
  5.199539708664795E-005
  5.199594453173130E-005
  5.199646150548591E-005
  5.199694986560924E-005
  5.199741130887719E-005
  5.199784734287720E-005
  5.199825925580201E-005
  5.199864808463931E-005
  5.199901458258605E-005
  5.199935918647806E-005
  5.199968198590339E-005
  5.199998269587156E-005
  5.200026063557763E-005
  5.200051471638306E-005
  5.200074344264150E-005
  5.200094492912091E-005
  5.200111693871113E-005
  5.200125694304605E-005
  5.200136220676311E-005
  5.200142989285439E-005
  5.200145718242563E-005
  5.200144139765326E-005
  5.200138011344081E-005
  5.200127124307933E-005
  5.200111308697377E-005
  5.200090434071366E-005
  5.200064406707656E-005
  5.200033164290087E-005
  5.199996669398265E-005
  5.199954902980150E-005
  5.199907858603625E-005
  5.199855537875519E-005
  5.199797947081943E-005
  5.199735094907190E-005
  5.199666991009133E-005
  5.199593645206805E-005
  5.199515067083679E-005
  5.199431265835379E-005
  5.199342250270595E-005
  5.199248028868133E-005
  5.199148609862598E-005
  5.199044001322322E-005
  5.198934211219699E-005
  5.198819247480019E-005
  5.198699118019056E-005
  5.198573830761700E-005
  5.198443393650848E-005
  5.198307814657789E-005
  5.198167101776844E-005
  5.198021263019241E-005
  5.197870306408573E-005
  5.197714239981500E-005
  5.197553071767435E-005
  5.197386809795861E-005
  5.197215462077645E-005
  5.197039036606055E-005
  5.196857541351730E-005
  5.196670984249120E-005
  5.196479373201657E-005
  5.196282716072194E-005
  5.196081020683229E-005
  5.195874294800082E-005
  5.195662546145349E-005
  5.195445782379087E-005
  5.195224011108494E-005
  5.194997239880352E-005
  5.194765476175009E-005
  5.194528727402512E-005
  5.194287000909324E-005
  5.194040303968325E-005
  5.193788643779697E-005
  5.193532027466874E-005
  5.193270462075011E-005
  5.193003954568399E-005
  5.192732511834598E-005
  5.192456140669251E-005
  5.192174847793541E-005
  5.191888639832526E-005
  5.191597523326439E-005
  5.191301504725821E-005
  5.191000590386542E-005
  5.190694786579798E-005
  5.190384099476662E-005
  5.190068535144394E-005
  5.189747950734578E-005
  5.189422601208425E-005
  5.189092321358836E-005
  5.188757340646313E-005
  5.188417594454289E-005
  5.188072869212971E-005
  5.187723277707812E-005
  5.187368981780621E-005
  5.187009571776579E-005
  5.186645520111546E-005
  5.186276418114634E-005
  5.185902982645013E-005
  5.185524506499125E-005
  5.185141325643132E-005
  5.184753305377239E-005
  5.184360293137473E-005
  5.183962591258815E-005
  5.183560360853346E-005
  5.183153006750440E-005
  5.182740639294980E-005
  5.182324320900257E-005
  5.181902488192577E-005
  5.181476259163936E-005
  5.181045307843127E-005
  5.180609441536180E-005
  5.180168662358886E-005
  5.179723618121542E-005
  5.179273128593379E-005
  5.178818715527871E-005
  5.178359277108778E-005
  5.177894632060002E-005
  5.177425548697031E-005
  5.176951829340087E-005
  5.176473020884337E-005
  5.175990051455269E-005
  5.175501912947059E-005
  5.175009386122422E-005
  5.174511757298690E-005
  5.174009863818664E-005
  5.173502860167896E-005
  5.172991122206738E-005
  5.172474243710325E-005
  5.171953687400329E-005
  5.171427623813752E-005
  5.170896850784501E-005
  5.170362125350378E-005
  5.169821785476101E-005
  5.169277121177698E-005
  5.168727634339338E-005
  5.168173589152152E-005
  5.167614612325333E-005
  5.167050517831826E-005
  5.166482639934644E-005
  5.165909597337866E-005
  5.165331620521306E-005
  5.164749360903901E-005
  5.164161785254548E-005
  5.163570102755771E-005
  5.162973563298637E-005
  5.162372463762301E-005
  5.161765722064668E-005
  5.161154894560110E-005
  5.160539552756070E-005
  5.159918988494984E-005
  5.159293946679055E-005
  5.158664018051212E-005
  5.158029573268037E-005
  5.157389743780100E-005
  5.156745236073880E-005
  5.156096815105191E-005
  5.155443200484271E-005
  5.154784642918224E-005
  5.154121527983052E-005
  5.153453425573813E-005
  5.152780332816742E-005
  5.152102723680050E-005
  5.151420862710971E-005
  5.150733644363290E-005
  5.150041933293732E-005
  5.149344815992747E-005
  5.148643031752814E-005
  5.147936694939441E-005
  5.147225361978607E-005
  5.146509181472949E-005
  5.145788024820926E-005
  5.145062742828298E-005
  5.144332179533150E-005
  5.143596822897397E-005
  5.142856620384143E-005
  5.142111040967552E-005
  5.141360971840232E-005
  5.140604799498465E-005
  5.139846173116922E-005
  5.139080984859690E-005
  5.138310584763075E-005
  5.137535721256895E-005
  5.136756561496187E-005
  5.135972546343192E-005
  5.135182625432622E-005
  5.134388679267340E-005
  5.133588670543822E-005
  5.132784485898937E-005
  5.131974041818615E-005
  5.131159594971062E-005
  5.130340750386703E-005
  5.129515680552668E-005
  5.128687468272584E-005
  5.127851765744239E-005
  5.127011376609468E-005
  5.126167966652531E-005
  5.125317754361633E-005
  5.124462746688296E-005
  5.123602626727776E-005
  5.122737872750277E-005
  5.121866138430286E-005
  5.120991400695674E-005
  5.120111125056699E-005
  5.119224804686917E-005
  5.118333047973421E-005
  5.117437437682497E-005
  5.116535069301752E-005
  5.115627797803807E-005
  5.114715321006795E-005
  5.113798573821665E-005
  5.112876334195725E-005
  5.111947971678027E-005
  5.111014123075928E-005
  5.110075843517193E-005
  5.109132539758933E-005
  5.108179960675601E-005
  5.107225476776618E-005
  5.106263376139807E-005
  5.105299885933835E-005
  5.104328438055794E-005
  5.103350150813817E-005
  5.102368568184145E-005
  5.101381667349369E-005
  5.100386655574917E-005
  5.099387714960111E-005
  5.098381035148457E-005
  5.097372333027044E-005
  5.096356702574555E-005
  5.095334035657429E-005
  5.094305423911272E-005
  5.093271345707884E-005
  5.092231537501534E-005
  5.091187187328039E-005
  5.090136642687048E-005
  5.089078225569661E-005
  5.088017302990619E-005
  5.086948674705700E-005
  5.085872528573796E-005
  5.084793602584403E-005
  5.083707928954654E-005
  5.082617188149155E-005
  5.081516570427243E-005
  5.080410838179963E-005
  5.079299497112002E-005
  5.078183313534889E-005
  5.077058285044518E-005
  5.075928586059789E-005
  5.074792986723059E-005
  5.073652392108319E-005
  5.072501845912201E-005
  5.071347540494679E-005
  5.070184626105297E-005
  5.069016375279283E-005
  5.067842291656253E-005
  5.066659619161427E-005
  5.065470961355340E-005
  5.064275180991813E-005
  5.063074077491903E-005
  5.061869681570709E-005
  5.060653120797162E-005
  5.059430587487218E-005
  5.058199200984223E-005
  5.056961584138970E-005
  5.055719235328170E-005
  5.054467861633403E-005
  5.053212596019807E-005
  5.051948610415284E-005
  5.050675845779189E-005
  5.049398474085137E-005
  5.048112099990035E-005
  5.046812782250787E-005
  5.045510689001019E-005
  5.044197834239939E-005
  5.042880203992018E-005
  5.041553385009407E-005
  5.040217921596907E-005
  5.038948719702576E-005
  5.037692599903683E-005
  5.036430572531343E-005
  5.035159957323488E-005
  5.033885349053804E-005
  5.032598356745738E-005
  5.031303781202179E-005
  5.029999186016000E-005
  5.028683178906289E-005
  5.027361359197142E-005
  5.026033645756219E-005
  5.024692124889812E-005
  5.023347997040548E-005
  5.021989077428351E-005
  5.020624941242136E-005
  5.019250281563755E-005
  5.017868086555273E-005
  5.016469893116884E-005
  5.015066158213598E-005
  5.013649643913590E-005
  5.012220198245698E-005
  5.010783986151887E-005
  5.009327319859386E-005
  5.007859791944837E-005
  5.006385216045858E-005
  5.004899452978106E-005
  5.003400667637944E-005
  5.001886331694429E-005
  5.000357713255879E-005
  4.998819250477542E-005
  4.997265584808574E-005
  4.995698107273886E-005
  4.994110364455974E-005
  4.992494979606387E-005
  4.990876395486677E-005
  4.989235097548987E-005
  4.987585137989029E-005
  4.985904463333045E-005
  4.984205159317690E-005
  4.982488972428654E-005
  4.980750415476365E-005
  4.978989043415553E-005
  4.977198718707029E-005
  4.975392465212329E-005
  4.973549296452311E-005
  4.971680897506173E-005
  4.969797816737138E-005
  4.967877868304272E-005
  4.965933270060778E-005
  4.963943929549549E-005
  4.961916262986849E-005
  4.959861223007582E-005
  4.957760462742619E-005
  4.955616854848115E-005
  4.953444515985767E-005
  4.951226119979073E-005
  4.948960218022763E-005
  4.946643941458466E-005
  4.944274955968559E-005
  4.941850618366036E-005
  4.939368211599869E-005
  4.936825004515294E-005
  4.934218188300902E-005
  4.931544883915005E-005
  4.928802158977663E-005
  4.925987047969806E-005
  4.923096573642311E-005
  4.920127771137802E-005
  4.917077714746429E-005
  4.913943547138757E-005
  4.910722511091860E-005
  4.907411983742174E-005
  4.904009512462417E-005
  4.900512852400590E-005
  4.896920005243623E-005
  4.893229257192074E-005
  4.889439216868716E-005
  4.885548849630036E-005
  4.881557510253063E-005
  4.877464968536978E-005
  4.873271429198904E-005
  4.868977542975607E-005
  4.864586872478484E-005
  4.860158090474560E-005
  4.855719412302187E-005
  4.851278807103565E-005
  4.846845700608468E-005
  4.842431104254274E-005
  4.838047741231196E-005
  4.833710157401069E-005
  4.829434813961243E-005
  4.825240152056500E-005
  4.821146622800529E-005
  4.817176676593202E-005
  4.813354711922733E-005
  4.809706937328011E-005
  4.806261211023141E-005
  4.803046615502861E-005
  4.800093368603391E-005
  4.797436776613698E-005
  4.795104006001534E-005
  4.793127602299026E-005
  4.791538556672619E-005
  4.790366072286933E-005
  4.789636802932249E-005
  4.789373791672869E-005
  4.789595202887380E-005
  4.790312844286555E-005
  4.791530475098673E-005
  4.793241899545950E-005
  4.795428869679773E-005
  4.798058846287242E-005
  4.801082708186010E-005
  4.804432550838929E-005
  4.808019780101781E-005
  4.811733806002705E-005
  4.815441740615932E-005
  4.818989679539095E-005
  4.822176956151094E-005
  4.824835282243837E-005
  4.826856280901508E-005
  4.828023769367150E-005
  4.828270158562874E-005
  4.827558771320511E-005
  4.826099131143202E-005
  4.824134679385999E-005
  4.821933593410149E-005
  4.819623809070863E-005
  4.817252263109346E-005
  4.814891543311746E-005
  4.812480499993241E-005
  4.810046610460122E-005
  4.807613978924368E-005
  4.805135205762496E-005
  4.802653045173490E-005
  4.800128318457013E-005
  4.797624021431353E-005
  4.795088155252881E-005
  4.792506121862681E-005
  4.789946356684495E-005
  4.787352373327734E-005
  4.784745519877461E-005
  4.782097223983850E-005
  4.779457569506531E-005
  4.776781264487300E-005
  4.774092683325197E-005
  4.771383008328830E-005
  4.768669950362728E-005
  4.765932856190201E-005
  4.763179572745481E-005
  4.760408753428478E-005
  4.757619395640896E-005
  4.754811689305395E-005
  4.751987264963128E-005
  4.749142876162824E-005
  4.746282330322518E-005
  4.743400939655188E-005
  4.740501244496350E-005
  4.737583441433611E-005
  4.734647052156192E-005
  4.731687938669795E-005
  4.728717532396426E-005
  4.725721444536282E-005
  4.722707824308852E-005
  4.719671961096015E-005
  4.716621367535661E-005
  4.713548340985896E-005
  4.710456740416641E-005
  4.707341952410269E-005
  4.704208299231226E-005
  4.701055184422396E-005
  4.697880719786229E-005
  4.694680799276970E-005
  4.691465362286801E-005
  4.688231301413854E-005
  4.684972038442496E-005
  4.681689918423789E-005
  4.678379833856106E-005
  4.675020289096816E-005
  4.671452312503324E-005
  4.668065318224201E-005
  4.664656018256449E-005
  4.661225346236558E-005
  4.657774473781739E-005
  4.654300632957190E-005
  4.650804591950862E-005
  4.647284572717575E-005
  4.643741746472275E-005
  4.640174811307470E-005
  4.636585823106427E-005
  4.632969767222240E-005
  4.629331850654191E-005
  4.625668222427676E-005
  4.621979852403930E-005
  4.618266181839845E-005
  4.614526855271529E-005
  4.610761866818891E-005
  4.606970214140411E-005
  4.603153584881343E-005
  4.599310119516828E-005
  4.595438902603327E-005
  4.591541181498093E-005
  4.587615612810128E-005
  4.583662552901188E-005
  4.579680673493169E-005
  4.575672027196605E-005
  4.571633651924901E-005
  4.567567112057038E-005
  4.563470879354182E-005
  4.559345147065357E-005
  4.555189604380852E-005
  4.551003690719691E-005
  4.546804424655288E-005
  4.542605558873515E-005
  4.538376091142855E-005
  4.534114190626359E-005
  4.529818283372005E-005
  4.525491408046277E-005
  4.521128973559473E-005
  4.516732807636308E-005
  4.512302546688669E-005
  4.507839225211893E-005
  4.503348655449190E-005
  4.498870964085949E-005
  4.494277844622434E-005
  4.489640606064322E-005
  4.484969994999079E-005
  4.480269956982985E-005
  4.475529644449073E-005
  4.470762133498740E-005
  4.465965850585067E-005
  4.461146962057844E-005
  4.456306660447833E-005
  4.451457254594315E-005
  4.446624047402262E-005
  4.441810350345984E-005
  4.437071998840894E-005
  4.432438635635330E-005
  4.427981940738625E-005
  4.423785139039108E-005
  4.419934473897072E-005
  4.416578754179153E-005
  4.413694562888857E-005
  4.410858409474919E-005
  4.408072210189457E-005
  4.405334740091165E-005
  4.402655060548589E-005
  4.400014871970812E-005
  4.397428112173564E-005
  4.394922138901035E-005
  4.392442182699489E-005
  4.390022969770240E-005
  4.387650634164062E-005
  4.385336993578673E-005
  4.383070050041185E-005
  4.380866742447471E-005
  4.378718127741057E-005
  4.376625157342847E-005
  4.374591492546825E-005
  4.372618868981622E-005
  4.370698801630314E-005
  4.368834906390662E-005
  4.367031288320576E-005
  4.365287743438008E-005
  4.363610924141957E-005
  4.361933356445058E-005
  4.360300521775269E-005
  4.358734551432180E-005
  4.357210117096873E-005
  4.355744636166905E-005
  4.354298457972376E-005
  4.352885637844248E-005
  4.351528822881720E-005
  4.350139892577975E-005
  4.348751559369358E-005
  4.347471235014181E-005
  4.346193083381222E-005
  4.345009488900013E-005
  4.343790174340178E-005
  4.342620903613543E-005
  4.341434397488336E-005
  4.340372566837461E-005
  4.339311269485017E-005
  4.338255573084842E-005
  4.337254345468234E-005
  4.336268556386567E-005
  4.328453012032526E-005
  4.318993523941609E-005
  4.309492706047090E-005
  4.299938333271962E-005
  4.290327885145255E-005
  4.280657787934335E-005
  4.270926169199113E-005
  4.261127950019965E-005
  4.251260727440510E-005
  4.241319379283944E-005
  4.231301557027487E-005
  4.221202491808967E-005
  4.211017564748666E-005
  4.200745325254159E-005
  4.190378730730341E-005
  4.179914659580401E-005
  4.169347490225303E-005
  4.158672919542518E-005
  4.147886486207848E-005
  4.136981620254569E-005
  4.125954710765129E-005
  4.114799856322010E-005
  4.103511151980212E-005
  4.092082699105901E-005
  4.080508342283656E-005
  4.068782139886278E-005
  4.056897650772420E-005
  4.044848011565549E-005
  4.032626211872366E-005
  4.020225133392721E-005
  4.007637085707093E-005
  3.994854687517960E-005
  3.981869040173930E-005
  3.968672284618281E-005
  3.955255296942168E-005
  3.941609757207595E-005
  3.927726067078327E-005
  3.913594471375950E-005
  3.899203874228806E-005
  3.884544299081932E-005
  3.869604655167524E-005
  3.854371840319688E-005
  3.838835854907454E-005
  3.822984514381678E-005
  3.806804403081642E-005
  3.790282538321947E-005
  3.773404790018846E-005
  3.756156693166244E-005
  3.738522648838107E-005
  3.720486350452981E-005
  3.702031425971875E-005
  3.683140565608095E-005
  3.663795421031259E-005
  3.643977072281358E-005
  3.623663935931718E-005
  3.602835268462062E-005
  3.581470457341040E-005
  3.559546882268983E-005
  3.537040348983153E-005
  3.513925882644762E-005
  3.490176122582172E-005
  3.465764316476929E-005
  3.440661269395307E-005
  3.414836423960873E-005
  3.388257918046659E-005
  3.360892096306030E-005
  3.332701086842250E-005
  3.303650502013869E-005
  3.273700671707361E-005
  3.242811246007891E-005
  3.210938743181426E-005
  3.178037513857041E-005
  3.144060003311041E-005
  3.108956476290835E-005
  3.072673582824254E-005
  3.035156576935870E-005
  2.996346678890893E-005
  2.956182486048484E-005
  2.914597692594768E-005
  2.871527564889749E-005
  2.826899592245402E-005
  2.780640269437099E-005
  2.732672617636449E-005
  2.682912270050434E-005
  2.631275772751084E-005
  2.577673761221061E-005
  2.522011245968116E-005
  2.464196041021103E-005
  2.404130701357344E-005
  2.341697981854494E-005
  2.276805573638389E-005
  2.209340769685180E-005
  2.139192098031136E-005
  2.066224085462805E-005
  1.990351015373965E-005
  1.911377377211619E-005
  1.829293010318239E-005
