  2.862161478860225E-005
  5.097875184428552E-006
  3.981214408593740E-006
  3.051042873266536E-006
  2.281828632625694E-006
  1.673865272592475E-006
  1.200000017881393E-006
  1.200000017881393E-006
  1.200000017881393E-006
  1.200000017881393E-006
  1.200000017881393E-006
  1.200000017881393E-006
  1.200000017881393E-006
  1.200000017881393E-006
  1.200000017881393E-006
  1.200000017881393E-006
  1.200000017881393E-006
  1.200000017881393E-006
  1.200000017881393E-006
  1.200000017881393E-006
  1.200000017881393E-006
  1.200000017881393E-006
  1.200000017881393E-006
  1.200000017881393E-006
  1.200000017881393E-006
  1.200000017881393E-006
  1.200000017881393E-006
  1.200000017881393E-006
  1.200000017881393E-006
  1.200000017881393E-006
  1.200000017881393E-006
  1.200000017881393E-006
  1.200000017881393E-006
  1.200000017881393E-006
  1.200000017881393E-006
  1.200000017881393E-006
  1.200000017881393E-006
  1.200000017881393E-006
  1.200000017881393E-006
  1.200000017881393E-006
  1.200000017881393E-006
  1.200000017881393E-006
  1.200000017881393E-006
  1.200000017881393E-006
  1.200000017881393E-006
  1.200000017881393E-006
  1.200000017881393E-006
  1.200000017881393E-006
  1.200000017881393E-006
  1.200000017881393E-006
  1.200000017881393E-006
  1.200000017881393E-006
  1.200000017881393E-006
  1.200000017881393E-006
  1.200000017881393E-006
  1.200000017881393E-006
  1.200000017881393E-006
  1.200000017881393E-006
  1.200000017881393E-006
  1.200000017881393E-006
  1.200000017881393E-006
  1.200000017881393E-006
  1.200000017881393E-006
  1.200000017881393E-006
  1.200000017881393E-006
  1.200000017881393E-006
  1.200000017881393E-006
  1.200000017881393E-006
  1.200000017881393E-006
  1.200000017881393E-006
  1.200000017881393E-006
  1.200000017881393E-006
  1.200000017881393E-006
  1.200000017881393E-006
  1.200000017881393E-006
  1.200000017881393E-006
  1.200000017881393E-006
  1.200000017881393E-006
  1.200000017881393E-006
  1.200000017881393E-006
  1.200000017881393E-006
  1.200000017881393E-006
  1.200000017881393E-006
  1.200000017881393E-006
  1.200000017881393E-006
  1.200000017881393E-006
  1.200000017881393E-006
  1.200000017881393E-006
  1.200000017881393E-006
  1.200000017881393E-006
  1.200000017881393E-006
  1.200000017881393E-006
  1.200000017881393E-006
  1.200000017881393E-006
  1.200000017881393E-006
  1.200000017881393E-006
  1.200000017881393E-006
  1.200000017881393E-006
  1.200000017881393E-006
  1.200000017881393E-006
  1.200000017881393E-006
  1.200000017881393E-006
  1.200000017881393E-006
  1.200000017881393E-006
  1.200000017881393E-006
  1.200000017881393E-006
  1.200000017881393E-006
  1.200000017881393E-006
  1.200000017881393E-006
  1.200000017881393E-006
  1.200000017881393E-006
  1.200000017881393E-006
  1.200000017881393E-006
  1.200000017881393E-006
  1.200000017881393E-006
  1.200000017881393E-006
  1.200000017881393E-006
  1.200000017881393E-006
  1.200000017881393E-006
  1.200000017881393E-006
  1.200000017881393E-006
  1.200000017881393E-006
  1.200000017881393E-006
  1.200000017881393E-006
  1.200000017881393E-006
  1.200000017881393E-006
  1.200000017881393E-006
  1.200000017881393E-006
  1.200000017881393E-006
  1.200000017881393E-006
  1.200000017881393E-006
  1.200000017881393E-006
  1.200000017881393E-006
  1.200000017881393E-006
  1.200000017881393E-006
  1.200000017881393E-006
  1.200000017881393E-006
  1.200000017881393E-006
  1.200000017881393E-006
  1.200000017881393E-006
  1.200000017881393E-006
  1.200000017881393E-006
  1.200000017881393E-006
  1.200000017881393E-006
  1.200000017881393E-006
  1.200000017881393E-006
  1.200000017881393E-006
  1.200000017881393E-006
  1.200000017881393E-006
  1.200000017881393E-006
  1.200000017881393E-006
  1.200000017881393E-006
  1.200000017881393E-006
  1.200000017881393E-006
  1.200000017881393E-006
  1.200000017881393E-006
  1.200000017881393E-006
  1.200000017881393E-006
  1.200000017881393E-006
  1.200000017881393E-006
  1.200000017881393E-006
  1.200000017881393E-006
  1.200000017881393E-006
  1.200000017881393E-006
  1.200000017881393E-006
  1.200000017881393E-006
  1.200000017881393E-006
  1.200000017881393E-006
  1.200000017881393E-006
  1.200000017881393E-006
  1.200000017881393E-006
  1.200000017881393E-006
  1.200000017881393E-006
  1.200000017881393E-006
  1.200000017881393E-006
  1.200000017881393E-006
  1.200000017881393E-006
  1.200000017881393E-006
  1.200000017881393E-006
  1.200000017881393E-006
  1.200000017881393E-006
  1.200000017881393E-006
  1.200000017881393E-006
  1.200000017881393E-006
  1.200000017881393E-006
  1.200000017881393E-006
  1.200000017881393E-006
  1.200000017881393E-006
  1.200000017881393E-006
  1.200000017881393E-006
  1.200000017881393E-006
  1.200000017881393E-006
  1.200000017881393E-006
  1.200000017881393E-006
  1.200000017881393E-006
  1.200000017881393E-006
  1.200000017881393E-006
  1.200000017881393E-006
  1.200000017881393E-006
  1.200000017881393E-006
  1.200000017881393E-006
  1.200000017881393E-006
  1.200000017881393E-006
  1.200000017881393E-006
  1.200000017881393E-006
  1.200000017881393E-006
  1.200000017881393E-006
  1.200000017881393E-006
  1.200000017881393E-006
  1.200000017881393E-006
  1.200000017881393E-006
  1.200000017881393E-006
  1.200000017881393E-006
  1.200000017881393E-006
  1.200000017881393E-006
  1.200000017881393E-006
  1.200000017881393E-006
  1.200000017881393E-006
  1.200000017881393E-006
  1.200000017881393E-006
  1.200000017881393E-006
  1.200000017881393E-006
  1.200000017881393E-006
  1.200000017881393E-006
  1.200000017881393E-006
  1.200000017881393E-006
  1.200000017881393E-006
  1.200000017881393E-006
  1.200000017881393E-006
  1.200000017881393E-006
  1.200000017881393E-006
  1.200000017881393E-006
  1.200000017881393E-006
  1.200000017881393E-006
  1.200000017881393E-006
  1.200000017881393E-006
  1.200000017881393E-006
  1.200000017881393E-006
  1.200000017881393E-006
  1.200000017881393E-006
  1.200000017881393E-006
  1.200000017881393E-006
  1.200000017881393E-006
  1.200000017881393E-006
  1.200000017881393E-006
  1.200000017881393E-006
  1.200000017881393E-006
  1.200000017881393E-006
  1.200000017881393E-006
  1.200000017881393E-006
  1.200000017881393E-006
  1.200000017881393E-006
  1.200000017881393E-006
  1.200000017881393E-006
  1.200000017881393E-006
  1.200000017881393E-006
  1.200000017881393E-006
  1.200000017881393E-006
  1.200000017881393E-006
  1.200000017881393E-006
  1.200000017881393E-006
  1.200000017881393E-006
  1.200000017881393E-006
  1.200000017881393E-006
  1.200000017881393E-006
  1.200000017881393E-006
  1.200000017881393E-006
  1.200000017881393E-006
  1.200000017881393E-006
  1.200000017881393E-006
  1.200000017881393E-006
  1.200000017881393E-006
  1.200000017881393E-006
  1.200000017881393E-006
  1.200000017881393E-006
  1.200000017881393E-006
  1.200000017881393E-006
  1.200000017881393E-006
  1.200000017881393E-006
  1.200000017881393E-006
  1.200000017881393E-006
  1.200000017881393E-006
  1.200000017881393E-006
  1.200000017881393E-006
  1.200000017881393E-006
  1.200000017881393E-006
  1.200000017881393E-006
  1.200000017881393E-006
  1.200000017881393E-006
  1.200000017881393E-006
  1.200000017881393E-006
  1.200000017881393E-006
  1.200000017881393E-006
  1.200000017881393E-006
  1.200000017881393E-006
  1.200000017881393E-006
  1.200000017881393E-006
  1.200000017881393E-006
  1.200000017881393E-006
  1.200000017881393E-006
  1.200000017881393E-006
  1.200000017881393E-006
  1.200000017881393E-006
  1.200000017881393E-006
  1.200000017881393E-006
  1.200000017881393E-006
  1.200000017881393E-006
  1.200000017881393E-006
  1.200000017881393E-006
  1.200000017881393E-006
  1.200000017881393E-006
  1.200000017881393E-006
  1.200000017881393E-006
  1.200000017881393E-006
  1.200000017881393E-006
  1.200000017881393E-006
  1.200000017881393E-006
  1.200000017881393E-006
  1.200000017881393E-006
  1.200000017881393E-006
  1.200000017881393E-006
  1.200000017881393E-006
  1.200000017881393E-006
  1.200000017881393E-006
  1.200000017881393E-006
  1.200000017881393E-006
  1.200000017881393E-006
  1.200000017881393E-006
  1.200000017881393E-006
  1.200000017881393E-006
  1.200000017881393E-006
  1.200000017881393E-006
  1.200000017881393E-006
  1.200000017881393E-006
  1.200000017881393E-006
  1.200000017881393E-006
  1.200000017881393E-006
  1.200000017881393E-006
  1.200000017881393E-006
  1.200000017881393E-006
  1.200000017881393E-006
  1.200000017881393E-006
  1.200000017881393E-006
  1.200000017881393E-006
  1.200000017881393E-006
  1.200000017881393E-006
  1.200000017881393E-006
  1.200000017881393E-006
  1.200000017881393E-006
  1.200000017881393E-006
  1.200000017881393E-006
  1.200000017881393E-006
  1.200000017881393E-006
  1.200000017881393E-006
  1.200000017881393E-006
  1.200000017881393E-006
  1.200000017881393E-006
  1.200000017881393E-006
  1.200000017881393E-006
  1.200000017881393E-006
  1.200000017881393E-006
  1.200000017881393E-006
  1.200000017881393E-006
  1.200000017881393E-006
  1.200000017881393E-006
  1.200000017881393E-006
  1.200000017881393E-006
  1.200000017881393E-006
  1.200000017881393E-006
  1.200000017881393E-006
  1.200000017881393E-006
  1.200000017881393E-006
  1.200000017881393E-006
  1.200000017881393E-006
  1.200000017881393E-006
  1.200000017881393E-006
  1.200000017881393E-006
  1.200000017881393E-006
  1.200000017881393E-006
  1.200000017881393E-006
  1.200000017881393E-006
  1.200000017881393E-006
  1.200000017881393E-006
  1.200000017881393E-006
  1.200000017881393E-006
  1.200000017881393E-006
  1.200000017881393E-006
  1.200000017881393E-006
  1.200000017881393E-006
  1.200000017881393E-006
  1.200000017881393E-006
  1.200000017881393E-006
  1.200000017881393E-006
  1.200000017881393E-006
  1.200000017881393E-006
  1.200000017881393E-006
  1.200000017881393E-006
  1.200000017881393E-006
  1.200000017881393E-006
  1.200000017881393E-006
  1.200000017881393E-006
  1.200000017881393E-006
  1.200000017881393E-006
  1.200000017881393E-006
  1.200000017881393E-006
  1.200000017881393E-006
  1.200000017881393E-006
  1.200000017881393E-006
  1.200000017881393E-006
  1.200000017881393E-006
  1.200000017881393E-006
  1.200000017881393E-006
  1.200000017881393E-006
  1.200000017881393E-006
  1.200000017881393E-006
  1.200000017881393E-006
  1.200000017881393E-006
  1.200000017881393E-006
  1.200000017881393E-006
  1.200000017881393E-006
  1.200000017881393E-006
  1.200000017881393E-006
  1.200000017881393E-006
  1.200000017881393E-006
  1.200000017881393E-006
  1.200000017881393E-006
  1.200000017881393E-006
  1.200000017881393E-006
  1.200000017881393E-006
  1.200000017881393E-006
  1.200000017881393E-006
  1.200000017881393E-006
  1.200000017881393E-006
  1.200000017881393E-006
  1.200000017881393E-006
  1.200000017881393E-006
  1.200000017881393E-006
  1.200000017881393E-006
  1.200000017881393E-006
  1.200000017881393E-006
  1.200000017881393E-006
  1.200000017881393E-006
  1.200000017881393E-006
  1.200000017881393E-006
  1.200000017881393E-006
  1.200000017881393E-006
  1.200000017881393E-006
  1.200000017881393E-006
  1.200000017881393E-006
  1.200000017881393E-006
  1.200000017881393E-006
  1.200000017881393E-006
  1.200000017881393E-006
  1.200000017881393E-006
  1.200000017881393E-006
  1.200000017881393E-006
  1.200000017881393E-006
  1.200000017881393E-006
  1.200000017881393E-006
  1.200000017881393E-006
  1.200000017881393E-006
  1.200000017881393E-006
  1.200000017881393E-006
  1.200000017881393E-006
  1.200000017881393E-006
  1.200000017881393E-006
  1.200000017881393E-006
  1.200000017881393E-006
  1.200000017881393E-006
  1.200000017881393E-006
  1.200000017881393E-006
  1.200000017881393E-006
  1.200000017881393E-006
  1.200000017881393E-006
  1.200000017881393E-006
  1.200000017881393E-006
  1.200000017881393E-006
  1.200000017881393E-006
  1.200000017881393E-006
  1.200000017881393E-006
  1.200000017881393E-006
  1.200000017881393E-006
  1.200000017881393E-006
  1.200000017881393E-006
  1.200000017881393E-006
  1.200000017881393E-006
  1.200000017881393E-006
  1.200000017881393E-006
  1.200000017881393E-006
  1.200000017881393E-006
  1.200000017881393E-006
  1.200000017881393E-006
  1.200000017881393E-006
  1.200000017881393E-006
  1.200000017881393E-006
  1.200000017881393E-006
  1.200000017881393E-006
  1.200000017881393E-006
  1.200000017881393E-006
  1.200000017881393E-006
  1.200000017881393E-006
  1.200000017881393E-006
  1.200000017881393E-006
  1.200000017881393E-006
  1.200000017881393E-006
  1.200000017881393E-006
  1.200000017881393E-006
  1.200000017881393E-006
  1.200000017881393E-006
  1.200000017881393E-006
  1.200000017881393E-006
  1.200000017881393E-006
  1.200000017881393E-006
  1.200000017881393E-006
  1.200000017881393E-006
  1.200000017881393E-006
  1.200000017881393E-006
  1.200000017881393E-006
  1.200000017881393E-006
  1.200000017881393E-006
  1.200000017881393E-006
  1.200000017881393E-006
  1.200000017881393E-006
  1.200000017881393E-006
  1.200000017881393E-006
  1.200000017881393E-006
  1.200000017881393E-006
  1.200000017881393E-006
  1.200000017881393E-006
  1.200000017881393E-006
  1.200000017881393E-006
  1.200000017881393E-006
  1.200000017881393E-006
  1.200000017881393E-006
  1.200000017881393E-006
  1.200000017881393E-006
  1.200000017881393E-006
  1.200000017881393E-006
  1.200000017881393E-006
  1.200000017881393E-006
  1.200000017881393E-006
  1.200000017881393E-006
  1.200000017881393E-006
  1.200000017881393E-006
  1.200000017881393E-006
  1.200000017881393E-006
  1.200000017881393E-006
  1.200000017881393E-006
  1.200000017881393E-006
  1.200000017881393E-006
  1.200000017881393E-006
  1.200000017881393E-006
  1.200000017881393E-006
  1.200000017881393E-006
  1.200000017881393E-006
  1.200000017881393E-006
  1.200000017881393E-006
  1.200000017881393E-006
  1.200000017881393E-006
  1.200000017881393E-006
  1.200000017881393E-006
  1.200000017881393E-006
  1.200000017881393E-006
  1.200000017881393E-006
  1.200000017881393E-006
  1.200000017881393E-006
  1.200000017881393E-006
  1.200000017881393E-006
  1.200000017881393E-006
  1.200000017881393E-006
  1.200000017881393E-006
  1.200000017881393E-006
  1.200000017881393E-006
  1.200000017881393E-006
  1.200000017881393E-006
  1.200000017881393E-006
  1.200000017881393E-006
  1.200000017881393E-006
  1.200000017881393E-006
  1.200000017881393E-006
  1.200000017881393E-006
  1.200000017881393E-006
  5.507406742012724E-008
  2.124832740066841E-007
  3.700934388551121E-007
  5.279055218443467E-007
  6.859169668075726E-007
  8.441243513601169E-007
  1.002523608007071E-006
  1.161110964057497E-006
  1.319882127473712E-006
  1.478833134125774E-006
  1.637959213370433E-006
  1.797256654868227E-006
  1.956721138291365E-006
  2.116348272345396E-006
  2.276133154578196E-006
  2.436071791327134E-006
  2.596160290913711E-006
  2.756394209082007E-006
  2.916769099046829E-006
  3.077280307165946E-006
  3.237923470205089E-006
  3.398693672439448E-006
  3.559587551639409E-006
  3.720599886721187E-006
  3.881726678447319E-006
  4.042963039008924E-006
  4.204304275855265E-006
  4.365746602069273E-006
  4.527284709243837E-006
  4.688914873615100E-006
  4.850631518179009E-006
  5.012430990458589E-006
  5.174308481059261E-006
  5.336259030015516E-006
  5.498278491848526E-006
  5.660362103964705E-006
  5.822505292729427E-006
  5.984703477444639E-006
  6.146951920120972E-006
  6.309246132858259E-006
  6.471581287870490E-006
  6.633953139123714E-006
  6.796356563914650E-006
  6.958787161285559E-006
  7.121240607859412E-006
  7.283711272379026E-006
  7.446195556507292E-006
  7.608688434755826E-006
  7.771185035100917E-006
  7.933681206651853E-006
  8.096171339490573E-006
  8.258652273074147E-006
  8.421117782910733E-006
  8.583564429095405E-006
  8.745986669836122E-006
  8.908380132847864E-006
  9.070740407012811E-006
  9.233062959342525E-006
  9.395342757128697E-006
  9.557575468614927E-006
  9.719756320372277E-006
  9.881880874829936E-006
  1.004394397119637E-005
  1.020594204988579E-005
  1.036786906116930E-005
  1.052972151155870E-005
  1.069149459799498E-005
  1.085318354412845E-005
  1.101478417374134E-005
  1.117629130866095E-005
  1.133770155939401E-005
  1.149900881744128E-005
  1.166020976412069E-005
  1.182129962186864E-005
  1.198227335372377E-005
  1.214312713109438E-005
  1.230385677725086E-005
  1.246445701420375E-005
  1.262492373157183E-005
  1.278525274730058E-005
  1.294543905387917E-005
  1.310547908882635E-005
  1.326536822024953E-005
  1.342510157139221E-005
  1.358467571959871E-005
  1.374408569241343E-005
  1.390332767342693E-005
  1.406239658594571E-005
  1.422128876745161E-005
  1.438000027651763E-005
  1.453852666459337E-005
  1.469686291528286E-005
  1.485500652924047E-005
  1.501295196876468E-005
  1.517069622155173E-005
  1.532823460192401E-005
  1.548556245420485E-005
  1.564267676251417E-005
  1.579957273395512E-005
  1.595624724668880E-005
  1.611269548883210E-005
  1.626891453477771E-005
  1.642489938085300E-005
  1.658064677170761E-005
  1.673615247804199E-005
  1.689141292300078E-005
  1.704642434977727E-005
  1.720118299738664E-005
  1.735568511575371E-005
  1.750992668408552E-005
  1.766390454390880E-005
  1.781761474061138E-005
  1.797105395487052E-005
  1.812421800911064E-005
  1.827710357517125E-005
  1.842970803477175E-005
  1.858202655400872E-005
  1.873405602751325E-005
  1.888579407980550E-005
  1.903723593441977E-005
  1.918837822551272E-005
  1.933921878699063E-005
  1.948975418148890E-005
  1.963998007867722E-005
  1.978989332090864E-005
  1.993949158541997E-005
  2.008877244769604E-005
  2.023773101250084E-005
  2.038636456191694E-005
  2.053467013898893E-005
  2.068264535226418E-005
  2.083028789450574E-005
  2.097759336535838E-005
  2.112455830659386E-005
  2.127118086136408E-005
  2.141745786278950E-005
  2.156338658494846E-005
  2.170896484934370E-005
  2.185419061003789E-005
  2.199905996591354E-005
  2.214356962886422E-005
  2.228771775330342E-005
  2.243150152276430E-005
  2.257491853243278E-005
  2.271796618800701E-005
  2.286064187525300E-005
  2.300294346603113E-005
  2.314486860975829E-005
  2.328641489302858E-005
  2.342757977436519E-005
  2.356836105581123E-005
  2.370875673371234E-005
  2.384876453315382E-005
  2.398838209012691E-005
  2.412760713434608E-005
  2.426643804620553E-005
  2.440487278051646E-005
  2.454290845752005E-005
  2.468054365004233E-005
  2.481777678928527E-005
  2.495460547365288E-005
  2.509102800845998E-005
  2.522704230142526E-005
  2.536264615647881E-005
  2.549783877956858E-005
  2.563261870799912E-005
  2.576698260344865E-005
  2.590092948753503E-005
  2.603445789109772E-005
  2.616756666893935E-005
  2.630025462017899E-005
  2.643251865639024E-005
  2.656435848905307E-005
  2.669577259848681E-005
  2.682675930600429E-005
  2.695731707958116E-005
  2.708744449179343E-005
  2.721714100726592E-005
  2.734640490729067E-005
  2.747523558230698E-005
  2.760363045783152E-005
  2.773158896544642E-005
  2.785911027856995E-005
  2.798619379179011E-005
  2.811283774919231E-005
  2.823904142145342E-005
  2.836480306717035E-005
  2.849012236961708E-005
  2.861499862960041E-005
  2.873943167842410E-005
  2.886341812586754E-005
  2.898695916166793E-005
  2.911005343418286E-005
  2.923270157891310E-005
  2.935490035561390E-005
  2.947665045540048E-005
  2.959795174828987E-005
  2.971880314379451E-005
  2.983920380919407E-005
  2.995915251133014E-005
  3.007865063287302E-005
  3.019769600081375E-005
  3.031628816570689E-005
  3.043442842906759E-005
  3.055211478011742E-005
  3.066934671238271E-005
  3.078612536633360E-005
  3.090244917292966E-005
  3.101831772685614E-005
  3.113373207462079E-005
  3.124869095152838E-005
  3.136319376988533E-005
  3.147724160047731E-005
  3.159083417727918E-005
  3.170396974490442E-005
  3.181664992544116E-005
  3.192887507452202E-005
  3.204064246548746E-005
  3.215195469971210E-005
  3.226281140547869E-005
  3.237321132815583E-005
  3.248315600468941E-005
  3.259264486525558E-005
  3.270167777513023E-005
  3.281025593440323E-005
  3.291837756563677E-005
  3.302604479918496E-005
  3.313325760969540E-005
  3.324001508734706E-005
  3.334631894696679E-005
  3.345216810538203E-005
  3.355756383086485E-005
  3.366250693002060E-005
  3.376699606043001E-005
  3.387103349243810E-005
  3.397461804398476E-005
  3.407775101774349E-005
  3.418043319008327E-005
  3.428266386990492E-005
  3.438444512019774E-005
  3.448577594730803E-005
  3.458665827012808E-005
  3.468709152855516E-005
  3.478707641762639E-005
  3.488661461564525E-005
  3.498570493683166E-005
  3.508434999148628E-005
  3.518254892985156E-005
  3.528030344764562E-005
  3.537761390262054E-005
  3.547448072753479E-005
  3.557090531309946E-005
  3.566688735249200E-005
  3.576242920538456E-005
  3.585752958920351E-005
  3.595219099392831E-005
  3.604641322884303E-005
  3.614019789103466E-005
  3.623354549596485E-005
  3.632645686058910E-005
  3.641893329458337E-005
  3.651097485557759E-005
  3.660258356554814E-005
  3.669375893341792E-005
  3.678450361059227E-005
  3.687481681838929E-005
  3.696470123522750E-005
  3.705415601180595E-005
  3.714318389403755E-005
  3.723178485196552E-005
  3.731996039810478E-005
  3.740771113528606E-005
  3.749503861912253E-005
  3.758194344373954E-005
  3.766842701202212E-005
  3.775449077825279E-005
  3.784013484022749E-005
  3.792536136293538E-005
  3.801017060040699E-005
  3.809456464046865E-005
  3.817854290646731E-005
  3.826210873046543E-005
  3.834526133379366E-005
  3.842800383550982E-005
  3.851033561391804E-005
  3.859225943249263E-005
  3.867377530047175E-005
  3.875488466885703E-005
  3.883558884488613E-005
  3.891588964773862E-005
  3.899578742272392E-005
  3.907528445379196E-005
  3.915438112389804E-005
  3.923307882371685E-005
  3.931137900500874E-005
  3.938928326343750E-005
  3.946679227555680E-005
  3.954390801622759E-005
  3.962063077883619E-005
  3.969696276630945E-005
  3.977290511071572E-005
  3.984845957892296E-005
  3.992362621537322E-005
  3.999840732582809E-005
  4.007280426564288E-005
  4.014681843417883E-005
  4.022045027176308E-005
  4.029370219515544E-005
  4.036657545094505E-005
  4.043907089994947E-005
  4.051118967549068E-005
  4.058293413079022E-005
  4.065430547050767E-005
  4.072530393413747E-005
  4.079593229384158E-005
  4.086619177545847E-005
  4.093608289260058E-005
  4.100560759141933E-005
  4.107476815553138E-005
  4.114356388904453E-005
  4.121199796033737E-005
  4.128007166167988E-005
  4.134778524071353E-005
  4.141514116850796E-005
  4.148214126927831E-005
  4.154878504310667E-005
  4.161507662279772E-005
  4.168101483602525E-005
  4.174660290671171E-005
  4.181184169366524E-005
  4.187673204517567E-005
  4.194127659538220E-005
  4.200547589635504E-005
  4.206933129995841E-005
  4.213284539623423E-005
  4.219601777636193E-005
  4.225885253746201E-005
  4.232134754966438E-005
  4.238350780895247E-005
  4.244533202384019E-005
  4.250682378117418E-005
  4.256798301613727E-005
  4.262881227685115E-005
  4.268931200828594E-005
  4.274948445156084E-005
  4.280933060968820E-005
  4.286885223972740E-005
  4.292805040137821E-005
  4.298692681650758E-005
  4.304548279817457E-005
  4.310372008740379E-005
  4.316163970482952E-005
  4.321924378702958E-005
  4.327653261891124E-005
  4.333350942996719E-005
  4.339017292051114E-005
  4.344652776261751E-005
  4.350257252232624E-005
  4.355831086275975E-005
  4.361374318995022E-005
  4.366887055540083E-005
  4.372369643413676E-005
  4.377821838591243E-005
  4.383244209348246E-005
  4.388636626880300E-005
  4.393999288126290E-005
  4.399332538103933E-005
  4.404636073432215E-005
  4.409910486507928E-005
  4.415155780108695E-005
  4.420371861617852E-005
  4.425559209023474E-005
  4.430717868671023E-005
  4.435847729458771E-005
  4.440949318882967E-005
  4.446022628883570E-005
  4.451067534967951E-005
  4.456084595771574E-005
  4.461073916280303E-005
  4.466035062091084E-005
  4.470968762971759E-005
  4.475875190198121E-005
  4.480754152741353E-005
  4.485605765178756E-005
  4.490430451618802E-005
  4.495228381585671E-005
  4.499999365949872E-005
  4.504743487561832E-005
  4.509461320420689E-005
  4.514152866114277E-005
  4.518818363048231E-005
  4.523457160113614E-005
  4.528070135476199E-005
  4.532657442766207E-005
  4.537219165263209E-005
  4.541755462433812E-005
  4.546266224170567E-005
  4.550751115667085E-005
  4.555211028214667E-005
  4.559646085402497E-005
  4.564056393270621E-005
  4.568442062554825E-005
  4.572803220096887E-005
  4.577139836855714E-005
  4.581452227772350E-005
  4.585740364170784E-005
  4.590004057418148E-005
  4.594242776019972E-005
  4.598457883406113E-005
  4.602649440327293E-005
  4.606817662916623E-005
  4.610962597473159E-005
  4.615084376839351E-005
  4.619182816768342E-005
  4.623258407872788E-005
  4.627311569536411E-005
  4.631341024707600E-005
  4.635342340120420E-005
  4.640700794720932E-005
  4.643283396949374E-005
  4.647236048036111E-005
  4.651152596101429E-005
  4.655048391551231E-005
  4.658921449908512E-005
  4.662773677600248E-005
  4.666603627634375E-005
  4.670411992783308E-005
  4.674198680124749E-005
  4.677964285455613E-005
  4.681708564060111E-005
  4.685431552352213E-005
  4.689133607795717E-005
  4.692814634849847E-005
  4.696474924435195E-005
  4.700114236535440E-005
  4.703732435530562E-005
  4.707330306277860E-005
  4.710907878312166E-005
  4.714465273735106E-005
  4.718002614623978E-005
  4.721519934074193E-005
  4.725017397111826E-005
  4.728495126259249E-005
  4.731953114507492E-005
  4.735391591011290E-005
  4.738810593950310E-005
  4.742210221034239E-005
  4.745590645874738E-005
  4.748951895162344E-005
  4.752294100222153E-005
  4.755617420636264E-005
  4.758921848070700E-005
  4.762207561156718E-005
  4.765474684989952E-005
  4.768723237828871E-005
  4.771953415042957E-005
  4.775165293251416E-005
  4.778358904617353E-005
  4.781534445649355E-005
  4.784691965624333E-005
  4.787831558916028E-005
  4.790953369728831E-005
  4.794057452558809E-005
  4.797143922755274E-005
  4.800212899279819E-005
  4.803264436401180E-005
  4.806298649352180E-005
  4.809315668058217E-005
  4.812315548794862E-005
  4.815298386167825E-005
  4.818264313078838E-005
  4.821213395272546E-005
  4.824145700983852E-005
  4.827061377659614E-005
  4.829960493369289E-005
  4.832843120950029E-005
  4.835709397237643E-005
  4.838559408894374E-005
  4.841393179435910E-005
  4.844210865469640E-005
  4.847012569100447E-005
  4.849798290412612E-005
  4.852568192219876E-005
  4.855322379656196E-005
  4.858060872095666E-005
  4.860783779073979E-005
  4.863491223834803E-005
  4.866183273349250E-005
  4.868859958863097E-005
  4.871521446479854E-005
  4.874167808428268E-005
  4.876799037927559E-005
  4.879415315973534E-005
  4.882016726699929E-005
  4.884603277423786E-005
  4.887175083758925E-005
  4.889732269568352E-005
  4.892274889888203E-005
  4.894802950817657E-005
  4.897316632065918E-005
  4.899816004263609E-005
  4.902301068248752E-005
  4.904771945794804E-005
  4.907228752221172E-005
  4.909671531377648E-005
  4.912100301701038E-005
  4.914515226982411E-005
  4.916916384328908E-005
  4.919303771812706E-005
  4.921677490151662E-005
  4.924037653864973E-005
  4.926384316441028E-005
  4.928717518984302E-005
  4.931037353620481E-005
  4.933343903481287E-005
  4.935637258006209E-005
  4.937917415145730E-005
  4.940184464921712E-005
  4.942438525942128E-005
  4.944679661139060E-005
  4.946907881361268E-005
  4.949123256550981E-005
  4.951325913587449E-005
  4.953515926148964E-005
  4.955693293255587E-005
  4.957858108089577E-005
  4.960010490453050E-005
  4.962150503379975E-005
  4.964278148762431E-005
  4.966393478292044E-005
  4.968496623056986E-005
  4.970587622492720E-005
  4.972666528782641E-005
  4.974733307491743E-005
  4.976788118986058E-005
  4.978831004188940E-005
  4.980862055976505E-005
  4.982881270440000E-005
  4.984888675506702E-005
  4.986884409836098E-005
  4.988868526102146E-005
  4.990841069307444E-005
  4.992801981360377E-005
  4.994751452566329E-005
  4.996689534744365E-005
  4.998616245025141E-005
  5.000531634587198E-005
  5.002435711441166E-005
  5.004328601207452E-005
  5.006210367688397E-005
  5.008081053620333E-005
  5.009940654411159E-005
  5.011789209167672E-005
  5.013626849337773E-005
  5.015453605460487E-005
  5.017269531345816E-005
  5.019074652682737E-005
  5.020868952901881E-005
  5.022652570723580E-005
  5.024425590211044E-005
  5.026187961304706E-005
  5.027939826175750E-005
  5.029681078673667E-005
  5.031411873058355E-005
  5.033132274288167E-005
  5.034842300479136E-005
  5.036542028083955E-005
  5.038231480329314E-005
  5.039910553218924E-005
  5.041579480719586E-005
  5.043238342514728E-005
  5.044887067661506E-005
  5.046525707793652E-005
  5.048154268682031E-005
  5.049772814915614E-005
  5.051381437476525E-005
  5.052979983107904E-005
  5.054569071607661E-005
  5.056148071105421E-005
  5.057717381928435E-005
  5.059276752789104E-005
  5.060826431271101E-005
  5.062366313414905E-005
  5.063896711813517E-005
  5.065417339754734E-005
  5.066928560408258E-005
  5.068430008801760E-005
  5.069922133208090E-005
  5.071404407248202E-005
  5.072877591441213E-005
  5.074341480057801E-005
  5.075795851163440E-005
  5.077240922070624E-005
  5.078676426470074E-005
  5.080102511978709E-005
  5.081519736940477E-005
  5.082927644187766E-005
  5.084326261079402E-005
  5.085715458507399E-005
  5.087095567753520E-005
  5.088466590326770E-005
  5.089828584879215E-005
  5.091181430533311E-005
  5.092525235225925E-005
  5.093860061453207E-005
  5.095185930176737E-005
  5.096502878772542E-005
  5.097810946777700E-005
  5.099110158831607E-005
  5.100400521942777E-005
  5.101682049922245E-005
  5.102954559294996E-005
  5.104218325076544E-005
  5.105473326699740E-005
  5.106719574159613E-005
  5.107957119455417E-005
  5.109185970312297E-005
  5.110406179430992E-005
  5.111617757766026E-005
  5.112820702522290E-005
  5.114015039209322E-005
  5.115200772717670E-005
  5.116377941569270E-005
  5.117546554246762E-005
  5.118706653864804E-005
  5.119858204088914E-005
  5.121001149423060E-005
  5.122135636404339E-005
  5.123261696071185E-005
  5.124379298384519E-005
  5.125488483154258E-005
  5.126589275390812E-005
  5.127681669070230E-005
  5.128765658002499E-005
  5.129841249767394E-005
  5.130908512702710E-005
  5.131967444197728E-005
  5.133018065694200E-005
  5.134060380878532E-005
  5.135094360347164E-005
  5.136120050043927E-005
  5.137137465925812E-005
  5.138146614073632E-005
  5.139147511209306E-005
  5.140140164027183E-005
  5.141124579533241E-005
  5.142100775553033E-005
  5.143068772310689E-005
  5.144028550222456E-005
  5.144980119636311E-005
  5.145923119597826E-005
  5.146857586882196E-005
  5.147784172084294E-005
  5.148702376321511E-005
  5.149612834252214E-005
  5.150514869766406E-005
  5.151409249410901E-005
  5.152295447901090E-005
  5.153173463111668E-005
  5.154043405692462E-005
  5.154905277248552E-005
  5.155759039302101E-005
  5.156604744812685E-005
  5.157442721886606E-005
  5.158272326478760E-005
  5.159093789733448E-005
  5.159907218471961E-005
  5.160712612726047E-005
  5.161509973215221E-005
  5.162299300919157E-005
  5.163080597138102E-005
  5.163853863291797E-005
  5.164619100874283E-005
  5.165376311313470E-005
  5.166125496031250E-005
  5.166866656303789E-005
  5.167599793278485E-005
  5.168324907913365E-005
  5.169042001009989E-005
  5.169751073144419E-005
  5.170452124673855E-005
  5.171145155719136E-005
  5.171830166194347E-005
  5.172507155765149E-005
  5.173176123840522E-005
  5.173837069627883E-005
  5.174489992032505E-005
  5.175134889746173E-005
  5.175771761219280E-005
  5.176400604644611E-005
  5.177021417983704E-005
  5.177634198936223E-005
  5.178238944982215E-005
  5.178835653328853E-005
  5.179424320986152E-005
  5.180004944654302E-005
  5.180577520891943E-005
  5.181142045961658E-005
  5.181698515897865E-005
  5.182246926527412E-005
  5.182787273415149E-005
  5.183319551940568E-005
  5.183843757212963E-005
  5.184359884148508E-005
  5.184867927426743E-005
  5.185367881524768E-005
  5.185859740662741E-005
  5.186343498915830E-005
  5.186819150057847E-005
  5.187286687730123E-005
  5.187746105301503E-005
  5.188197395965988E-005
  5.188640552724209E-005
  5.189075568341609E-005
  5.189502435372982E-005
  5.189921146231185E-005
  5.190331693061226E-005
  5.190734067860560E-005
  5.191128262407259E-005
  5.191514268303254E-005
  5.191892076952700E-005
  5.192261679345280E-005
  5.192623065242886E-005
  5.192976222983320E-005
  5.193321139547066E-005
  5.193657800538119E-005
  5.193986190232957E-005
  5.194306291659129E-005
  5.194618086623328E-005
  5.194921555869451E-005
  5.195216679074115E-005
  5.195503435113289E-005
  5.195781802117091E-005
  5.196051757710822E-005
  5.196313279241458E-005
  5.196566344018324E-005
  5.196810929615367E-005
  5.197047014236736E-005
  5.197274577042160E-005
  5.197493598588751E-005
  5.197704061209055E-005
  5.197905949555396E-005
  5.198099250988620E-005
  5.198283956195013E-005
  5.198460059645900E-005
  5.198627560224862E-005
  5.198786461744855E-005
  5.198936773602950E-005
  5.199078511314424E-005
  5.199211697152958E-005
  5.199336360654502E-005
  5.199452539235409E-005
  5.199560278658372E-005
  5.199659633538582E-005
  5.199750667761738E-005
  5.199833454908180E-005
  5.199908078607703E-005
  5.199974632817572E-005
  5.200033222115585E-005
  5.200083961889100E-005
  5.200126978503073E-005
  5.200162409395571E-005
  5.200190403103460E-005
  5.200211119252271E-005
  5.200224728451945E-005
  5.200231412110701E-005
  5.200231362185488E-005
  5.200224780830274E-005
  5.200211879947261E-005
  5.200192880628110E-005
  5.200168012489844E-005
  5.200137512874106E-005
  5.200101625921634E-005
  5.200060601500217E-005
  5.200014693978403E-005
  5.199964160838827E-005
  5.199909261120125E-005
  5.199850253678806E-005
  5.199787395266140E-005
  5.199720938413011E-005
  5.199651129119766E-005
  5.199578204352031E-005
  5.199502389341986E-005
  5.199423894703587E-005
  5.199342913372392E-005
  5.199259617387180E-005
  5.199174154534214E-005
  5.199086644883474E-005
  5.198997177264786E-005
  5.198905805714705E-005
  5.198812545971234E-005
  5.198717372084495E-005
  5.198620213228740E-005
  5.198520950822855E-005
  5.198419416096270E-005
  5.198315388236413E-005
  5.198208593333464E-005
  5.198098704302731E-005
  5.197985342078462E-005
  5.197868078345604E-005
  5.197746440201888E-005
  5.197619917086547E-005
  5.197487970407920E-005
  5.197350046228664E-005
  5.197205591300225E-005
  5.197054072484782E-005
  5.196894999211169E-005
  5.196727947927995E-005
  5.196552586617884E-005
  5.196368696372134E-005
  5.196176186093741E-005
  5.195975096304425E-005
  5.195765589239335E-005
  5.195547925230763E-005
  5.195322429005172E-005
  5.195089452491320E-005
  5.194849341203473E-005
  5.194602409412843E-005
  5.194348925951261E-005
  5.194089109573868E-005
  5.193823131223144E-005
  5.193551120208205E-005
  5.193273171922071E-005
  5.192989355481130E-005
  5.192699720477258E-005
  5.192404302446635E-005
  5.192103127106494E-005
  5.191796213463710E-005
  5.191483576024145E-005
  5.191165226315864E-005
  5.190841173918981E-005
  5.190511427126964E-005
  5.190175993377382E-005
  5.189834879519891E-005
  5.189488091984222E-005
  5.189135636883393E-005
  5.188777520083454E-005
  5.188413747231472E-005
  5.188044323799322E-005
  5.187669255082671E-005
  5.187288546224848E-005
  5.186902202223275E-005
  5.186510227932553E-005
  5.186112628080816E-005
  5.185709407261335E-005
  5.185300569933877E-005
  5.184886120448362E-005
  5.184466063027528E-005
  5.184040401779190E-005
  5.183609140692563E-005
  5.183172283634660E-005
  5.182729834376531E-005
  5.182281796565270E-005
  5.181828173740955E-005
  5.181368969322770E-005
  5.180904186637822E-005
  5.180433828888479E-005
  5.179957899174747E-005
  5.179476400484401E-005
  5.178989335700568E-005
  5.178496707599150E-005
  5.177998518831385E-005
  5.177494771966514E-005
  5.176985469443182E-005
  5.176470613597043E-005
  5.175950206657811E-005
  5.175424250746988E-005
  5.174892747859677E-005
  5.174355699907345E-005
  5.173813108666077E-005
  5.173264975817113E-005
  5.172711302923519E-005
  5.172152091431432E-005
  5.171587342689417E-005
  5.171017057915442E-005
  5.170441238222702E-005
  5.169859884607088E-005
  5.169272997955645E-005
  5.168680579031444E-005
  5.168082628484685E-005
  5.167479146851386E-005
  5.166870134544362E-005
  5.166255591861233E-005
  5.165635518982050E-005
  5.165009915962028E-005
  5.164378782741825E-005
  5.163742119136704E-005
  5.163099924840279E-005
  5.162452199420529E-005
  5.161798942327862E-005
  5.161140152890496E-005
  5.160475830297406E-005
  5.159805973621289E-005
  5.159130581808696E-005
  5.158449653674104E-005
  5.157763187903900E-005
  5.157071183057430E-005
  5.156373637555974E-005
  5.155670549703614E-005
  5.154961917657929E-005
  5.154247739448665E-005
  5.153528012968411E-005
  5.152802735981324E-005
  5.152071906106494E-005
  5.151335520831643E-005
  5.150593577504396E-005
  5.149846073334454E-005
  5.149093005387250E-005
  5.148334370592740E-005
  5.147570165732848E-005
  5.146800387452540E-005
  5.146025032247236E-005
  5.145244096466511E-005
  5.144457576318407E-005
  5.143665467857977E-005
  5.142867767000909E-005
  5.142064469495936E-005
  5.141255570961667E-005
  5.140441066842299E-005
  5.139620952454043E-005
  5.138795222937647E-005
  5.137963873293296E-005
  5.137126898352719E-005
  5.136284292796579E-005
  5.135436051141979E-005
  5.134582167759303E-005
  5.133722636837099E-005
  5.132857452412149E-005
  5.131986608366060E-005
  5.131110098396657E-005
  5.130227916049877E-005
  5.129340054697745E-005
  5.128446507547204E-005
  5.127547267631116E-005
  5.126642327813174E-005
  5.125731680777491E-005
  5.124815319052210E-005
  5.123893234968799E-005
  5.122965420697678E-005
  5.122031868215346E-005
  5.121092569336116E-005
  5.120147515681811E-005
  5.119196698689400E-005
  5.118240109623267E-005
  5.117277739556726E-005
  5.116309579374166E-005
  5.115335619769508E-005
  5.114355851252823E-005
  5.113370264144243E-005
  5.112378848555380E-005
  5.111381594429922E-005
  5.110378491490079E-005
  5.109369529266960E-005
  5.108354697104193E-005
  5.107333984134592E-005
  5.106307379281602E-005
  5.105274871279261E-005
  5.104236448640048E-005
  5.103192099680317E-005
  5.102141812504760E-005
  5.101085574998418E-005
  5.100023374842957E-005
  5.098955199497800E-005
  5.097881036206075E-005
  5.096800872001325E-005
  5.095714693667881E-005
  5.094622487804450E-005
  5.093524240765284E-005
  5.092419938678496E-005
  5.091309567431617E-005
  5.090193112714388E-005
  5.089070559931021E-005
  5.087941894302578E-005
  5.086807100786959E-005
  5.085666164095664E-005
  5.084519068718503E-005
  5.083365798866604E-005
  5.082206338539381E-005
  5.081040671470331E-005
  5.079868781139748E-005
  5.078690650766602E-005
  5.077506263329872E-005
  5.076315601526904E-005
  5.075118647804721E-005
  5.073915384341897E-005
  5.072705793042079E-005
  5.071489855557524E-005
  5.070267553229689E-005
  5.069038867142614E-005
  5.067803778103181E-005
  5.066562266626479E-005
  5.065314312927378E-005
  5.064059896957709E-005
  5.062798998344573E-005
  5.061531596432831E-005
  5.060257670232301E-005
  5.058977198514612E-005
  5.057690159656993E-005
  5.056396531805334E-005
  5.055096292677535E-005
  5.053789419793412E-005
  5.052475890249070E-005
  5.051155680834871E-005
  5.049828768020815E-005
  5.048495127913229E-005
  5.047154736274206E-005
  5.045807568491954E-005
  5.044453599643420E-005
  5.043092804396505E-005
  5.041725157049418E-005
  5.040350631534384E-005
  5.038969201395338E-005
  5.037580839779887E-005
  5.036185519452220E-005
  5.034783212727321E-005
  5.033373891545346E-005
  5.031957527404185E-005
  5.030534091393650E-005
  5.029103554125047E-005
  5.027665885766261E-005
  5.026221056038876E-005
  5.024769034216833E-005
  5.023309789034126E-005
  5.021843288783461E-005
  5.020369501216714E-005
  5.018888393615743E-005
  5.017399932674351E-005
  5.015904084570125E-005
  5.014400814928715E-005
  5.012890088820283E-005
  5.011371870651931E-005
  5.009846124297501E-005
  5.008312812999212E-005
  5.006771899338997E-005
  5.005223345195174E-005
  5.003667111876684E-005
  5.002184565676616E-005
  5.000719796721408E-005
  4.999247933285136E-005
  4.997768933214957E-005
  4.996282753925158E-005
  4.994789351968743E-005
  4.993288683181458E-005
  4.991780702475929E-005
  4.990265363899791E-005
  4.988742620516931E-005
  4.987212382225760E-005
  4.985674688555544E-005
  4.984129449144886E-005
  4.982576620137260E-005
  4.981016134646154E-005
  4.979447930593245E-005
  4.977871966400864E-005
  4.976288185976781E-005
  4.974696531847264E-005
  4.973096945065847E-005
  4.971489365060173E-005
  4.969873729710291E-005
  4.968249975040073E-005
  4.966618035395175E-005
  4.964977843045181E-005
  4.963329328294528E-005
  4.961672419220565E-005
  4.960007041624595E-005
  4.958333119003579E-005
  4.956650572064964E-005
  4.954959318843060E-005
  4.953259274453813E-005
  4.951550350872285E-005
  4.949832456739640E-005
  4.948105497166486E-005
  4.946369373371493E-005
  4.944623982573360E-005
  4.942869217625335E-005
  4.941104966649846E-005
  4.939331112825821E-005
  4.937547533846249E-005
  4.935754101654331E-005
  4.933950681874571E-005
  4.932137133478873E-005
  4.930313308132196E-005
  4.928479049597694E-005
  4.926634193305681E-005
  4.924778565273102E-005
  4.922911981763011E-005
  4.921034248259162E-005
  4.919145158494535E-005
  4.917244493603753E-005
  4.915332020808526E-005
  4.913407492514018E-005
  4.911470644786781E-005
  4.909521195877044E-005
  4.907558844845755E-005
  4.905583269518624E-005
  4.903594124814046E-005
  4.901591040616925E-005
  4.899573619257251E-005
  4.897541433227038E-005
  4.895494022229620E-005
  4.893430890259202E-005
  4.891351501969535E-005
  4.889255279422243E-005
  4.887141597747243E-005
  4.885009780740270E-005
  4.882859096126763E-005
  4.880688750280309E-005
  4.878497882427763E-005
  4.876285558513426E-005
  4.874050764186511E-005
  4.871792397335403E-005
  4.869509260307895E-005
  4.867200050718205E-005
  4.864863352290724E-005
  4.862497623598075E-005
  4.860101187574730E-005
  4.857672218830360E-005
  4.855208735286858E-005
  4.852708618748189E-005
  4.850169787738457E-005
  4.847589795803505E-005
  4.844965381634548E-005
  4.842294381047254E-005
  4.839573409832502E-005
  4.836798739386377E-005
  4.833966897622318E-005
  4.831073949672163E-005
  4.828115596629354E-005
  4.825087373538951E-005
  4.821984541341354E-005
  4.818802071986973E-005
  4.815534650598593E-005
  4.812176682738829E-005
  4.808722305357634E-005
  4.805165402894473E-005
  4.801499625068823E-005
  4.797718409991747E-005
  4.793815010560999E-005
  4.789782517234802E-005
  4.785613881366092E-005
  4.781301925215230E-005
  4.776839332649389E-005
  4.772218602194914E-005
  4.767446549430587E-005
  4.762636973055763E-005
  4.757817377926338E-005
  4.752992710149148E-005
  4.748169312213564E-005
  4.743355065544034E-005
  4.738559533636824E-005
  4.733794100377138E-005
  4.729072094011623E-005
  4.724408895537786E-005
  4.719822015192052E-005
  4.715331132960192E-005
  4.710958091640602E-005
  4.706726832614638E-005
  4.702663263267406E-005
  4.698795036041449E-005
  4.695151150086854E-005
  4.691761360377395E-005
  4.688659390848255E-005
  4.685874833086645E-005
  4.683437035274366E-005
  4.681375427332671E-005
  4.679716510116628E-005
  4.678483010295892E-005
  4.677692529446383E-005
  4.677355942794042E-005
  4.677475570820110E-005
  4.678043139929234E-005
  4.679037560984378E-005
  4.680422597427231E-005
  4.682144532636730E-005
  4.684130020980029E-005
  4.686284385401554E-005
  4.688490751747258E-005
  4.690610574551494E-005
  4.692486358511970E-005
  4.693947790036313E-005
  4.694823211031420E-005
  4.694959563949395E-005
  4.694255427065291E-005
  4.692709754903957E-005
  4.690466857063828E-005
  4.687785014774145E-005
  4.684898870027024E-005
  4.681931109599072E-005
  4.678924115210274E-005
  4.675889524575814E-005
  4.672830603212812E-005
  4.669748672475117E-005
  4.666644548945888E-005
  4.663518821798506E-005
  4.660371902287160E-005
  4.657204050784334E-005
  4.654015480517044E-005
  4.650806426614978E-005
  4.647577082220649E-005
  4.644327554656366E-005
  4.641057890149828E-005
  4.637768096497720E-005
  4.634458158450525E-005
  4.631128041694502E-005
  4.627777696238883E-005
  4.624407055677078E-005
  4.621016043948946E-005
  4.617604570438582E-005
  4.614172535872751E-005
  4.610719831151323E-005
  4.607246338240508E-005
  4.603751932581958E-005
  4.600236481822288E-005
  4.596699847882359E-005
  4.593141887425708E-005
  4.589562449734588E-005
  4.585961374388662E-005
  4.582338485635110E-005
  4.578693596999975E-005
  4.575026526163877E-005
  4.571337107131181E-005
  4.567625178087039E-005
  4.563890561446220E-005
  4.560133066024784E-005
  4.556352492496248E-005
  4.552548637604290E-005
  4.548721294332646E-005
  4.544870253431392E-005
  4.540995299364842E-005
  4.537096188381202E-005
  4.532977368436648E-005
  4.529013055696419E-005
  4.525029924517588E-005
  4.521022735949488E-005
  4.516991064416582E-005
  4.512934538012023E-005
  4.508852810070558E-005
  4.504745556253567E-005
  4.500612460977941E-005
  4.496453218146068E-005
  4.492267522750500E-005
  4.488055075675248E-005
  4.483815574909250E-005
  4.479548718866331E-005
  4.475254205029179E-005
  4.470931727656064E-005
  4.466580977017632E-005
  4.462201643408140E-005
  4.457793408442071E-005
  4.453355954437605E-005
  4.448888955679967E-005
  4.444392082664338E-005
  4.439865000094669E-005
  4.435310719249455E-005
  4.430761425437450E-005
  4.426179721947742E-005
  4.421565243446052E-005
  4.416917721946575E-005
  4.412236964535017E-005
  4.407522975564725E-005
  4.402776515062629E-005
  4.398019344055049E-005
  4.393223005008609E-005
  4.388347300323052E-005
  4.383438195966468E-005
  4.378496529162636E-005
  4.373523047514804E-005
  4.368519094294500E-005
  4.363486956627684E-005
  4.358430435240050E-005
  4.353355733813222E-005
  4.348272853342869E-005
  4.343197639766713E-005
  4.338154503935594E-005
  4.333179512990846E-005
  4.328322795044916E-005
  4.323648172732589E-005
  4.319226769535730E-005
  4.315193005652708E-005
  4.311515539064874E-005
  4.307875937505636E-005
  4.304274953021663E-005
  4.300713343696542E-005
  4.297191876691675E-005
  4.293711329253375E-005
  4.290272466071271E-005
  4.286818232176734E-005
  4.283349291406441E-005
  4.279981242286223E-005
  4.276660163716080E-005
  4.273341765199718E-005
  4.270121323939050E-005
  4.266895354357183E-005
  4.263746100455076E-005
  4.260572291626104E-005
  4.257563036985894E-005
  4.254536653114737E-005
  4.251345164643869E-005
  4.248122880610193E-005
  4.244934637617523E-005
  4.241775697152145E-005
  4.238647751271189E-005
  4.235548578760782E-005
  4.232482654917374E-005
  4.229443777561014E-005
  4.226438774891911E-005
  4.223471094575030E-005
  4.220537512397011E-005
  4.217636877968814E-005
  4.214745314386075E-005
  4.211906885777629E-005
  4.209080391891881E-005
  4.206300313261288E-005
  4.203551880421911E-005
  4.200843625177216E-005
  4.198138569571911E-005
  4.195441376003405E-005
  4.192781206684869E-005
  4.190131703337903E-005
  4.187511735555187E-005
  4.184913220562209E-005
  4.182330815458474E-005
  4.179787483069011E-005
  4.171750247032653E-005
  4.162389374505003E-005
  4.152988554068272E-005
  4.143534359501981E-005
  4.134023058333890E-005
  4.124451464624095E-005
  4.114817792251450E-005
  4.105116644564025E-005
  4.095347272882723E-005
  4.085504761580170E-005
  4.075584944601820E-005
  4.065585142119773E-005
  4.055501761381987E-005
  4.045330542583115E-005
  4.035067902606105E-005
  4.024709390582888E-005
  4.014250597738214E-005
  4.003687628536120E-005
  3.993015450906438E-005
  3.982229412893337E-005
  3.971324846367988E-005
  3.960296399376985E-005
  3.949139002755311E-005
  3.937846930235993E-005
  3.926415133268408E-005
  3.914837501236606E-005
  3.903107527692597E-005
  3.891219520459576E-005
  3.879166909583871E-005
  3.866942706502856E-005
  3.854540082654366E-005
  3.841951782676462E-005
  3.829169786350795E-005
  3.816186593060785E-005
  3.802994054648920E-005
  3.789583736227783E-005
  3.775946758537512E-005
  3.762073960374981E-005
  3.747955759929802E-005
  3.733581762452079E-005
  3.718942194843741E-005
  3.704021679045964E-005
  3.688812929058723E-005
  3.673303287922970E-005
  3.657480562698625E-005
  3.641332551601577E-005
  3.624844877731886E-005
  3.608004541363408E-005
  3.590796569314372E-005
  3.573205458955224E-005
  3.555215218705861E-005
  3.536808866210486E-005
  3.517968517536813E-005
  3.498675675714722E-005
  3.478910530431257E-005
  3.458652797712712E-005
  3.437880687640556E-005
  3.416571637823415E-005
  3.394700131745679E-005
  3.372240560923920E-005
  3.349169001461130E-005
  3.325456826692634E-005
  3.301073664083322E-005
  3.275988913030202E-005
  3.250173029776038E-005
  3.223585796302002E-005
  3.196198525414661E-005
  3.167965852208792E-005
  3.138852104605467E-005
  3.108815398838156E-005
  3.077807373401579E-005
  3.045781510562597E-005
  3.012683714862472E-005
  2.978466840703276E-005
  2.943069468147194E-005
  2.906435293797805E-005
  2.868496298187697E-005
  2.829187919814705E-005
  2.788440517165381E-005
  2.746174964152427E-005
  2.702312917635646E-005
  2.656769661002089E-005
  2.609457478857921E-005
  2.560278170358841E-005
  2.509134851903356E-005
  2.455920985477887E-005
  2.400523369202486E-005
  2.342828469364869E-005
  2.282715578324334E-005
  2.220044032928331E-005
  2.154691564997945E-005
  2.086515304826399E-005
  2.015369626397395E-005
  1.941085667096592E-005
  1.863533420617159E-005
  1.782485580083565E-005
  1.697871061055500E-005
