  2.868514625231173E-005
  6.086661046975054E-006
  4.294645504122410E-006
  3.774146378745050E-006
  2.398505091011113E-006
  1.197242483320852E-006
  1.679655541554628E-007
  1.200000017881393E-006
  1.200000017881393E-006
  1.200000017881393E-006
  1.200000017881393E-006
  1.200000017881393E-006
  1.200000017881393E-006
  1.200000017881393E-006
  1.200000017881393E-006
  1.200000017881393E-006
  1.200000017881393E-006
  1.200000017881393E-006
  1.200000017881393E-006
  1.200000017881393E-006
  1.200000017881393E-006
  1.200000017881393E-006
  1.200000017881393E-006
  1.200000017881393E-006
  1.200000017881393E-006
  1.200000017881393E-006
  1.200000017881393E-006
  1.200000017881393E-006
  1.200000017881393E-006
  1.200000017881393E-006
  1.200000017881393E-006
  1.200000017881393E-006
  1.200000017881393E-006
  1.200000017881393E-006
  1.200000017881393E-006
  1.200000017881393E-006
  1.200000017881393E-006
  1.200000017881393E-006
  1.200000017881393E-006
  1.200000017881393E-006
  1.200000017881393E-006
  1.200000017881393E-006
  1.200000017881393E-006
  1.200000017881393E-006
  1.200000017881393E-006
  1.200000017881393E-006
  1.200000017881393E-006
  1.200000017881393E-006
  1.200000017881393E-006
  1.200000017881393E-006
  1.200000017881393E-006
  1.200000017881393E-006
  1.200000017881393E-006
  1.200000017881393E-006
  1.200000017881393E-006
  1.200000017881393E-006
  1.200000017881393E-006
  1.200000017881393E-006
  1.200000017881393E-006
  1.200000017881393E-006
  1.200000017881393E-006
  1.200000017881393E-006
  1.200000017881393E-006
  1.200000017881393E-006
  1.200000017881393E-006
  1.200000017881393E-006
  1.200000017881393E-006
  1.200000017881393E-006
  1.200000017881393E-006
  1.200000017881393E-006
  1.200000017881393E-006
  1.200000017881393E-006
  1.200000017881393E-006
  1.200000017881393E-006
  1.200000017881393E-006
  1.200000017881393E-006
  1.200000017881393E-006
  1.200000017881393E-006
  1.200000017881393E-006
  1.200000017881393E-006
  1.200000017881393E-006
  1.200000017881393E-006
  1.200000017881393E-006
  1.200000017881393E-006
  1.200000017881393E-006
  1.200000017881393E-006
  1.200000017881393E-006
  1.200000017881393E-006
  1.200000017881393E-006
  1.200000017881393E-006
  1.200000017881393E-006
  1.200000017881393E-006
  1.200000017881393E-006
  1.200000017881393E-006
  1.200000017881393E-006
  1.200000017881393E-006
  1.200000017881393E-006
  1.200000017881393E-006
  1.200000017881393E-006
  1.200000017881393E-006
  1.200000017881393E-006
  1.200000017881393E-006
  1.200000017881393E-006
  1.200000017881393E-006
  1.200000017881393E-006
  1.200000017881393E-006
  1.200000017881393E-006
  1.200000017881393E-006
  1.200000017881393E-006
  1.200000017881393E-006
  1.200000017881393E-006
  1.200000017881393E-006
  1.200000017881393E-006
  1.200000017881393E-006
  1.200000017881393E-006
  1.200000017881393E-006
  1.200000017881393E-006
  1.200000017881393E-006
  1.200000017881393E-006
  1.200000017881393E-006
  1.200000017881393E-006
  1.200000017881393E-006
  1.200000017881393E-006
  1.200000017881393E-006
  1.200000017881393E-006
  1.200000017881393E-006
  1.200000017881393E-006
  1.200000017881393E-006
  1.200000017881393E-006
  1.200000017881393E-006
  1.200000017881393E-006
  1.200000017881393E-006
  1.200000017881393E-006
  1.200000017881393E-006
  1.200000017881393E-006
  1.200000017881393E-006
  1.200000017881393E-006
  1.200000017881393E-006
  1.200000017881393E-006
  1.200000017881393E-006
  1.200000017881393E-006
  1.200000017881393E-006
  1.200000017881393E-006
  1.200000017881393E-006
  1.200000017881393E-006
  1.200000017881393E-006
  1.200000017881393E-006
  1.200000017881393E-006
  1.200000017881393E-006
  1.200000017881393E-006
  1.200000017881393E-006
  1.200000017881393E-006
  1.200000017881393E-006
  1.200000017881393E-006
  1.200000017881393E-006
  1.200000017881393E-006
  1.200000017881393E-006
  1.200000017881393E-006
  1.200000017881393E-006
  1.200000017881393E-006
  1.200000017881393E-006
  1.200000017881393E-006
  1.200000017881393E-006
  1.200000017881393E-006
  1.200000017881393E-006
  1.200000017881393E-006
  1.200000017881393E-006
  1.200000017881393E-006
  1.200000017881393E-006
  1.200000017881393E-006
  1.200000017881393E-006
  1.200000017881393E-006
  1.200000017881393E-006
  1.200000017881393E-006
  1.200000017881393E-006
  1.200000017881393E-006
  1.200000017881393E-006
  1.200000017881393E-006
  1.200000017881393E-006
  1.200000017881393E-006
  1.200000017881393E-006
  1.200000017881393E-006
  1.200000017881393E-006
  1.200000017881393E-006
  1.200000017881393E-006
  1.200000017881393E-006
  1.200000017881393E-006
  1.200000017881393E-006
  1.200000017881393E-006
  1.200000017881393E-006
  1.200000017881393E-006
  1.200000017881393E-006
  1.200000017881393E-006
  1.200000017881393E-006
  1.200000017881393E-006
  1.200000017881393E-006
  1.200000017881393E-006
  1.200000017881393E-006
  1.200000017881393E-006
  1.200000017881393E-006
  1.200000017881393E-006
  1.200000017881393E-006
  1.200000017881393E-006
  1.200000017881393E-006
  1.200000017881393E-006
  1.200000017881393E-006
  1.200000017881393E-006
  1.200000017881393E-006
  1.200000017881393E-006
  1.200000017881393E-006
  1.200000017881393E-006
  1.200000017881393E-006
  1.200000017881393E-006
  1.200000017881393E-006
  1.200000017881393E-006
  1.200000017881393E-006
  1.200000017881393E-006
  1.200000017881393E-006
  1.200000017881393E-006
  1.200000017881393E-006
  1.200000017881393E-006
  1.200000017881393E-006
  1.200000017881393E-006
  1.200000017881393E-006
  1.200000017881393E-006
  1.200000017881393E-006
  1.200000017881393E-006
  1.200000017881393E-006
  1.200000017881393E-006
  1.200000017881393E-006
  1.200000017881393E-006
  1.200000017881393E-006
  1.200000017881393E-006
  1.200000017881393E-006
  1.200000017881393E-006
  1.200000017881393E-006
  1.200000017881393E-006
  1.200000017881393E-006
  1.200000017881393E-006
  1.200000017881393E-006
  1.200000017881393E-006
  1.200000017881393E-006
  1.200000017881393E-006
  1.200000017881393E-006
  1.200000017881393E-006
  1.200000017881393E-006
  1.200000017881393E-006
  1.200000017881393E-006
  1.200000017881393E-006
  1.200000017881393E-006
  1.200000017881393E-006
  1.200000017881393E-006
  1.200000017881393E-006
  1.200000017881393E-006
  1.200000017881393E-006
  1.200000017881393E-006
  1.200000017881393E-006
  1.200000017881393E-006
  1.200000017881393E-006
  1.200000017881393E-006
  1.200000017881393E-006
  1.200000017881393E-006
  1.200000017881393E-006
  1.200000017881393E-006
  1.200000017881393E-006
  1.200000017881393E-006
  1.200000017881393E-006
  1.200000017881393E-006
  1.200000017881393E-006
  1.200000017881393E-006
  1.200000017881393E-006
  1.200000017881393E-006
  1.200000017881393E-006
  1.200000017881393E-006
  1.200000017881393E-006
  1.200000017881393E-006
  1.200000017881393E-006
  1.200000017881393E-006
  1.200000017881393E-006
  1.200000017881393E-006
  1.200000017881393E-006
  1.200000017881393E-006
  1.200000017881393E-006
  1.200000017881393E-006
  1.200000017881393E-006
  1.200000017881393E-006
  1.200000017881393E-006
  1.200000017881393E-006
  1.200000017881393E-006
  1.200000017881393E-006
  1.200000017881393E-006
  1.200000017881393E-006
  1.200000017881393E-006
  1.200000017881393E-006
  1.200000017881393E-006
  1.200000017881393E-006
  1.200000017881393E-006
  1.200000017881393E-006
  1.200000017881393E-006
  1.200000017881393E-006
  1.200000017881393E-006
  1.200000017881393E-006
  1.200000017881393E-006
  1.200000017881393E-006
  1.200000017881393E-006
  1.200000017881393E-006
  1.200000017881393E-006
  1.200000017881393E-006
  1.200000017881393E-006
  1.200000017881393E-006
  1.200000017881393E-006
  1.200000017881393E-006
  1.200000017881393E-006
  1.200000017881393E-006
  1.200000017881393E-006
  1.200000017881393E-006
  1.200000017881393E-006
  1.200000017881393E-006
  1.200000017881393E-006
  1.200000017881393E-006
  1.200000017881393E-006
  1.200000017881393E-006
  1.200000017881393E-006
  1.200000017881393E-006
  1.200000017881393E-006
  1.200000017881393E-006
  1.200000017881393E-006
  1.200000017881393E-006
  1.200000017881393E-006
  1.200000017881393E-006
  1.200000017881393E-006
  1.200000017881393E-006
  1.200000017881393E-006
  1.200000017881393E-006
  1.200000017881393E-006
  1.200000017881393E-006
  1.200000017881393E-006
  1.200000017881393E-006
  1.200000017881393E-006
  1.200000017881393E-006
  1.200000017881393E-006
  1.200000017881393E-006
  1.200000017881393E-006
  1.200000017881393E-006
  1.200000017881393E-006
  1.200000017881393E-006
  1.200000017881393E-006
  1.200000017881393E-006
  1.200000017881393E-006
  1.200000017881393E-006
  1.200000017881393E-006
  1.200000017881393E-006
  1.200000017881393E-006
  1.200000017881393E-006
  1.200000017881393E-006
  1.200000017881393E-006
  1.200000017881393E-006
  1.200000017881393E-006
  1.200000017881393E-006
  1.200000017881393E-006
  1.200000017881393E-006
  1.200000017881393E-006
  1.200000017881393E-006
  1.200000017881393E-006
  1.200000017881393E-006
  1.200000017881393E-006
  1.200000017881393E-006
  1.200000017881393E-006
  1.200000017881393E-006
  1.200000017881393E-006
  1.200000017881393E-006
  1.200000017881393E-006
  1.200000017881393E-006
  1.200000017881393E-006
  1.200000017881393E-006
  1.200000017881393E-006
  1.200000017881393E-006
  1.200000017881393E-006
  1.200000017881393E-006
  1.200000017881393E-006
  1.200000017881393E-006
  1.200000017881393E-006
  1.200000017881393E-006
  1.200000017881393E-006
  1.200000017881393E-006
  1.200000017881393E-006
  1.200000017881393E-006
  1.200000017881393E-006
  1.200000017881393E-006
  1.200000017881393E-006
  1.200000017881393E-006
  1.200000017881393E-006
  1.200000017881393E-006
  1.200000017881393E-006
  1.200000017881393E-006
  1.200000017881393E-006
  1.200000017881393E-006
  1.200000017881393E-006
  1.200000017881393E-006
  1.200000017881393E-006
  1.200000017881393E-006
  1.200000017881393E-006
  1.200000017881393E-006
  1.200000017881393E-006
  1.200000017881393E-006
  1.200000017881393E-006
  1.200000017881393E-006
  1.200000017881393E-006
  1.200000017881393E-006
  1.200000017881393E-006
  1.200000017881393E-006
  1.200000017881393E-006
  1.200000017881393E-006
  1.200000017881393E-006
  1.200000017881393E-006
  1.200000017881393E-006
  1.200000017881393E-006
  1.200000017881393E-006
  1.200000017881393E-006
  1.200000017881393E-006
  1.200000017881393E-006
  1.200000017881393E-006
  1.200000017881393E-006
  1.200000017881393E-006
  1.200000017881393E-006
  1.200000017881393E-006
  1.200000017881393E-006
  1.200000017881393E-006
  1.200000017881393E-006
  1.200000017881393E-006
  1.200000017881393E-006
  1.200000017881393E-006
  1.200000017881393E-006
  1.200000017881393E-006
  1.200000017881393E-006
  1.200000017881393E-006
  1.200000017881393E-006
  1.200000017881393E-006
  1.200000017881393E-006
  1.200000017881393E-006
  1.200000017881393E-006
  1.200000017881393E-006
  1.200000017881393E-006
  1.200000017881393E-006
  1.200000017881393E-006
  1.200000017881393E-006
  1.200000017881393E-006
  1.200000017881393E-006
  1.200000017881393E-006
  1.200000017881393E-006
  1.200000017881393E-006
  1.200000017881393E-006
  1.200000017881393E-006
  1.200000017881393E-006
  1.200000017881393E-006
  1.200000017881393E-006
  1.200000017881393E-006
  1.200000017881393E-006
  1.200000017881393E-006
  1.200000017881393E-006
  1.200000017881393E-006
  1.200000017881393E-006
  1.200000017881393E-006
  1.200000017881393E-006
  1.200000017881393E-006
  1.200000017881393E-006
  1.200000017881393E-006
  1.200000017881393E-006
  1.200000017881393E-006
  1.200000017881393E-006
  1.200000017881393E-006
  1.200000017881393E-006
  1.200000017881393E-006
  1.200000017881393E-006
  1.200000017881393E-006
  1.200000017881393E-006
  1.200000017881393E-006
  1.200000017881393E-006
  1.200000017881393E-006
  1.200000017881393E-006
  1.200000017881393E-006
  1.200000017881393E-006
  1.200000017881393E-006
  1.200000017881393E-006
  1.200000017881393E-006
  1.200000017881393E-006
  1.200000017881393E-006
  1.200000017881393E-006
  1.200000017881393E-006
  1.200000017881393E-006
  1.200000017881393E-006
  1.200000017881393E-006
  1.200000017881393E-006
  1.200000017881393E-006
  1.200000017881393E-006
  1.200000017881393E-006
  1.200000017881393E-006
  1.200000017881393E-006
  1.200000017881393E-006
  1.200000017881393E-006
  1.200000017881393E-006
  1.200000017881393E-006
  1.200000017881393E-006
  1.200000017881393E-006
  1.200000017881393E-006
  1.200000017881393E-006
  1.200000017881393E-006
  1.200000017881393E-006
  1.200000017881393E-006
  1.200000017881393E-006
  1.200000017881393E-006
  1.200000017881393E-006
  1.200000017881393E-006
  1.200000017881393E-006
  1.200000017881393E-006
  1.200000017881393E-006
  1.200000017881393E-006
  1.200000017881393E-006
  1.200000017881393E-006
  1.200000017881393E-006
  1.200000017881393E-006
  1.200000017881393E-006
  1.200000017881393E-006
  1.200000017881393E-006
  1.200000017881393E-006
  1.200000017881393E-006
  1.200000017881393E-006
  1.200000017881393E-006
  1.200000017881393E-006
  1.200000017881393E-006
  1.200000017881393E-006
  1.200000017881393E-006
  1.200000017881393E-006
  1.200000017881393E-006
  1.200000017881393E-006
  1.200000017881393E-006
  1.200000017881393E-006
  1.200000017881393E-006
  1.200000017881393E-006
  1.200000017881393E-006
  1.200000017881393E-006
  1.200000017881393E-006
  1.200000017881393E-006
  1.200000017881393E-006
  1.200000017881393E-006
  1.200000017881393E-006
  1.200000017881393E-006
  1.200000017881393E-006
  1.200000017881393E-006
  1.200000017881393E-006
  1.200000017881393E-006
  1.200000017881393E-006
  1.200000017881393E-006
  1.200000017881393E-006
  1.200000017881393E-006
  1.200000017881393E-006
  1.200000017881393E-006
  1.200000017881393E-006
  1.200000017881393E-006
  1.200000017881393E-006
  1.200000017881393E-006
  1.200000017881393E-006
  1.200000017881393E-006
  1.200000017881393E-006
  1.200000017881393E-006
  1.200000017881393E-006
  1.200000017881393E-006
  1.200000017881393E-006
  1.200000017881393E-006
  1.200000017881393E-006
  1.200000017881393E-006
  1.200000017881393E-006
  1.200000017881393E-006
  1.200000017881393E-006
  1.200000017881393E-006
  1.200000017881393E-006
  1.200000017881393E-006
  1.200000017881393E-006
  1.200000017881393E-006
  1.200000017881393E-006
  1.200000017881393E-006
  1.200000017881393E-006
  1.200000017881393E-006
  1.200000017881393E-006
  5.608335022306458E-009
  1.561409010741858E-007
  3.068852006882271E-007
  4.578420041361584E-007
  6.090100242956530E-007
  7.603866598669488E-007
  9.119692929084876E-007
  1.063754780425394E-006
  1.215739908220803E-006
  1.367921303254383E-006
  1.520296082833530E-006
  1.672860776781527E-006
  1.825611977265298E-006
  1.978546290702238E-006
  2.131660359744863E-006
  2.284950753378524E-006
  2.438413656557852E-006
  2.592046112656770E-006
  2.745844618862255E-006
  2.899805698502218E-006
  3.053925574652819E-006
  3.208200850596415E-006
  3.362627870769057E-006
  3.517203362854696E-006
  3.671923559853340E-006
  3.826784597097904E-006
  3.981783162985403E-006
  4.136915609253789E-006
  4.292178122266085E-006
  4.447567277586609E-006
  4.603078905331857E-006
  4.758709658697696E-006
  4.914455779214392E-006
  5.070313327005879E-006
  5.226278957380804E-006
  5.382348609428822E-006
  5.538518221493112E-006
  5.694784655581039E-006
  5.851143631858493E-006
  6.007591317026175E-006
  6.164124165729336E-006
  6.320738034783710E-006
  6.477429187677682E-006
  6.634193912398245E-006
  6.791027623703387E-006
  6.947927306161052E-006
  7.104888381583822E-006
  7.261907490625303E-006
  7.418980275711853E-006
  7.576102832825317E-006
  7.733271284083615E-006
  7.890481735003766E-006
  8.047730272818323E-006
  8.205012694989959E-006
  8.362325190513225E-006
  8.519663519165780E-006
  8.677023836866802E-006
  8.834402041100200E-006
  8.991794101578489E-006
  9.149196314286043E-006
  9.306604292467969E-006
  9.464014042211910E-006
  9.621421590949801E-006
  9.778823278239722E-006
  9.936214143628693E-006
  1.009359086513014E-005
  1.025094916821722E-005
  1.040828479733440E-005
  1.056559441954385E-005
  1.072287281291033E-005
  1.088011685780116E-005
  1.103732235697393E-005
  1.119448470548006E-005
  1.135160033899485E-005
  1.150866531570161E-005
  1.166567478193884E-005
  1.182262551850544E-005
  1.197951311009353E-005
  1.213633337409594E-005
  1.229308230789066E-005
  1.244975648429514E-005
  1.260635058978812E-005
  1.276286146599838E-005
  1.291928477840285E-005
  1.307561724998398E-005
  1.323185355283642E-005
  1.338799048336538E-005
  1.354402395063974E-005
  1.369994981423281E-005
  1.385576413919672E-005
  1.401146247256938E-005
  1.416704142453508E-005
  1.432249697396597E-005
  1.447782488744030E-005
  1.463302158750500E-005
  1.478808201481242E-005
  1.494300365850713E-005
  1.509778140490294E-005
  1.525241255459160E-005
  1.540689191549170E-005
  1.556121688398011E-005
  1.571538228896803E-005
  1.586938544859557E-005
  1.602322128807885E-005
  1.617688694134196E-005
  1.633037780196930E-005
  1.648369092272692E-005
  1.663682185606187E-005
  1.678976689626879E-005
  1.694252237794790E-005
  1.709508480512830E-005
  1.724745002646684E-005
  1.739961421088753E-005
  1.755157439406889E-005
  1.770332597889856E-005
  1.785486588189531E-005
  1.800619051101806E-005
  1.815729571833444E-005
  1.830817814029430E-005
  1.845883486251634E-005
  1.860926129552430E-005
  1.875945403408665E-005
  1.890941011788868E-005
  1.905912617081539E-005
  1.920859774956689E-005
  1.935782163382680E-005
  1.950679476888681E-005
  1.965551427358030E-005
  1.980397582604414E-005
  1.995217609274678E-005
  2.010011165360318E-005
  2.024777975333406E-005
  2.039517790549734E-005
  2.054230122270184E-005
  2.068914689895650E-005
  2.083571123559655E-005
  2.098199170960513E-005
  2.112798498731613E-005
  2.127368878346315E-005
  2.141909946404174E-005
  2.156421349215750E-005
  2.170902768878370E-005
  2.185353915379291E-005
  2.199774499532075E-005
  2.214164236955745E-005
  2.228522770444378E-005
  2.242849876488278E-005
  2.257145265288175E-005
  2.271408638474808E-005
  2.285639666987608E-005
  2.299838135139605E-005
  2.314003754987925E-005
  2.328136210305502E-005
  2.342235253251749E-005
  2.356300635680785E-005
  2.370332097711453E-005
  2.384329304059678E-005
  2.398292085266999E-005
  2.412220173373086E-005
  2.426113209789643E-005
  2.439971060183263E-005
  2.453793447876777E-005
  2.467580116935459E-005
  2.481330814559711E-005
  2.495045313524725E-005
  2.508723430847480E-005
  2.522364811739759E-005
  2.535969278266284E-005
  2.549536666126801E-005
  2.563066708876254E-005
  2.576559182017375E-005
  2.590013840794645E-005
  2.603430503451331E-005
  2.616809017720883E-005
  2.630149085721804E-005
  2.643450569698616E-005
  2.656713261112007E-005
  2.669936976426619E-005
  2.683121405398279E-005
  2.696266494266974E-005
  2.709372000336504E-005
  2.722437783175489E-005
  2.735463639386508E-005
  2.748449415589429E-005
  2.761394809111216E-005
  2.774299785995780E-005
  2.787164152519506E-005
  2.799987807891552E-005
  2.812770477446621E-005
  2.825512032128630E-005
  2.838212328187192E-005
  2.850871244253647E-005
  2.863488680158259E-005
  2.876064324509901E-005
  2.888598177829555E-005
  2.901090038247520E-005
  2.913539877176864E-005
  2.925947404972346E-005
  2.938312569756221E-005
  2.950635341007726E-005
  2.962915473188579E-005
  2.975152869745578E-005
  2.987347429496210E-005
  2.999499051134895E-005
  3.011607659894614E-005
  3.023673069288495E-005
  3.035695209082838E-005
  3.047674080493053E-005
  3.059609451509949E-005
  3.071501233503723E-005
  3.083349482515682E-005
  3.095153975476783E-005
  3.106914648915525E-005
  3.118631480410604E-005
  3.130304353401148E-005
  3.141933186684340E-005
  3.153517938627735E-005
  3.165058533350311E-005
  3.176554862121574E-005
  3.188006999288338E-005
  3.199414703206916E-005
  3.210778004562864E-005
  3.222096932393591E-005
  3.233371318222364E-005
  3.244601162977801E-005
  3.255786454050916E-005
  3.266927038802726E-005
  3.278023000396818E-005
  3.289074280312939E-005
  3.300080787301268E-005
  3.311042563999439E-005
  3.321959521241749E-005
  3.332831665263032E-005
  3.343659059115749E-005
  3.354441488689542E-005
  3.365179143680410E-005
  3.375871920700876E-005
  3.386519743083856E-005
  3.397122761774954E-005
  3.407680772319447E-005
  3.418193955532082E-005
  3.428662226321528E-005
  3.439085596029684E-005
  3.449464142634148E-005
  3.459797711691975E-005
  3.470086482551814E-005
  3.480330362506134E-005
  3.490529417328440E-005
  3.500683691182509E-005
  3.510793077697092E-005
  3.520857765926577E-005
  3.530877623853417E-005
  3.540852818305538E-005
  3.550783297743994E-005
  3.560669111352845E-005
  3.570510329881840E-005
  3.580306910723902E-005
  3.590059020545641E-005
  3.599766521062573E-005
  3.609429647400648E-005
  3.619048303728299E-005
  3.628622628392554E-005
  3.638152620524685E-005
  3.647638329595108E-005
  3.657079852490577E-005
  3.666477156706520E-005
  3.675830440885293E-005
  3.685139613670141E-005
  3.694404882072663E-005
  3.703626169736815E-005
  3.712803681325550E-005
  3.721937382820263E-005
  3.731027406126960E-005
  3.740073778111605E-005
  3.749076585726311E-005
  3.758035927582048E-005
  3.766951817159574E-005
  3.775824395315620E-005
  3.784653695901872E-005
  3.793439908105395E-005
  3.802182967725089E-005
  3.810883119866303E-005
  3.819540282865720E-005
  3.828154672823976E-005
  3.836726267893068E-005
  3.845255287728623E-005
  3.853741722688565E-005
  3.862185772381104E-005
  3.870587452471063E-005
  3.878946843568592E-005
  3.887264082191379E-005
  3.895539286004313E-005
  3.903772556732318E-005
  3.911963987789729E-005
  3.920113648383260E-005
  3.928221660233089E-005
  3.936288216600535E-005
  3.944313327888895E-005
  3.952297120049113E-005
  3.960239688181808E-005
  3.968141252502704E-005
  3.976001813967417E-005
  3.983821490546602E-005
  3.991600392149165E-005
  3.999338777745374E-005
  4.007036590477423E-005
  4.014694051090149E-005
  4.022311232452534E-005
  4.029888345519896E-005
  4.037425338691717E-005
  4.044922492022765E-005
  4.052379919595383E-005
  4.059797639954514E-005
  4.067175851443307E-005
  4.074514764968069E-005
  4.081814278707168E-005
  4.089074741269441E-005
  4.096296228168799E-005
  4.103478785780634E-005
  4.110622651613546E-005
  4.117727899641044E-005
  4.124794661421109E-005
  4.131823150337988E-005
  4.138813337102203E-005
  4.145765528152534E-005
  4.152679779712109E-005
  4.159556205901754E-005
  4.166395097541348E-005
  4.173196297223282E-005
  4.179960260657649E-005
  4.186686885853810E-005
  4.193376476063421E-005
  4.200029063768662E-005
  4.206644846117367E-005
  4.213223978799845E-005
  4.219766527159575E-005
  4.226272773123246E-005
  4.232742660348026E-005
  4.239176561303757E-005
  4.245574380552101E-005
  4.251936526026696E-005
  4.258262853187865E-005
  4.264553801368149E-005
  4.270809227912213E-005
  4.277029589566002E-005
  4.283214648591689E-005
  4.289364948632110E-005
  4.295480318162197E-005
  4.301561170839898E-005
  4.307607410990966E-005
  4.313619382546886E-005
  4.319597143348553E-005
  4.325540805688451E-005
  4.331450664586233E-005
  4.337326609869839E-005
  4.343169073159426E-005
  4.348978002694859E-005
  4.354753643698431E-005
  4.360496223919820E-005
  4.366205611775625E-005
  4.371882287231399E-005
  4.377526180516215E-005
  4.383137472533993E-005
  4.388716529996729E-005
  4.394263094703645E-005
  4.399777676188384E-005
  4.405260417931010E-005
  4.410711060029553E-005
  4.416130179451418E-005
  4.421517956654270E-005
  4.426874070461187E-005
  4.432199103932133E-005
  4.437493219047474E-005
  4.442756212832121E-005
  4.447988479915063E-005
  4.453190255094484E-005
  4.458361681848244E-005
  4.463502418737019E-005
  4.468613174974582E-005
  4.473694067120618E-005
  4.478745133960638E-005
  4.483766147636970E-005
  4.488757717068994E-005
  4.493720088968281E-005
  4.498653245569728E-005
  4.503556988141490E-005
  4.508431712080901E-005
  4.513277767911001E-005
  4.518095313641709E-005
  4.522884398013553E-005
  4.527645211999886E-005
  4.532377110176764E-005
  4.537081135345597E-005
  4.541757389799484E-005
  4.546406028840090E-005
  4.551027094615178E-005
  4.555620806927041E-005
  4.560187236451876E-005
  4.564726544681118E-005
  4.569238916519367E-005
  4.573724278464623E-005
  4.578181614240870E-005
  4.582612650762977E-005
  4.587017388363144E-005
  4.591396027536902E-005
  4.595748618103126E-005
  4.600075289973570E-005
  4.604376087226085E-005
  4.608651356465844E-005
  4.612901120757358E-005
  4.617125543558454E-005
  4.621324453398255E-005
  4.625498396697086E-005
  4.629647959999673E-005
  4.633771491899870E-005
  4.637863515927642E-005
  4.643640269309122E-005
  4.645981292430531E-005
  4.650023064037872E-005
  4.654023388267782E-005
  4.658001317023792E-005
  4.661954374454773E-005
  4.665884904637601E-005
  4.669791119507723E-005
  4.673673839254510E-005
  4.677532961721045E-005
  4.681369207097521E-005
  4.685182257939159E-005
  4.688971781298900E-005
  4.692738261900071E-005
  4.696481982752751E-005
  4.700203253643220E-005
  4.703902138530426E-005
  4.707578652817121E-005
  4.711233039928351E-005
  4.714865372208528E-005
  4.718475777357108E-005
  4.722064408645828E-005
  4.725631359579530E-005
  4.729176747745220E-005
  4.732700764328854E-005
  4.736203416119035E-005
  4.739684931805717E-005
  4.743145407903307E-005
  4.746584906053846E-005
  4.750003647327384E-005
  4.753401694543050E-005
  4.756779155964583E-005
  4.760136235208749E-005
  4.763472972156850E-005
  4.766789488037334E-005
  4.770085969686508E-005
  4.773362470868903E-005
  4.776619135437157E-005
  4.779856120902253E-005
  4.783073480482354E-005
  4.786271364665545E-005
  4.789449915651876E-005
  4.792609187416987E-005
  4.795749336580863E-005
  4.798870499964032E-005
  4.801972740500032E-005
  4.805056218261083E-005
  4.808121028237266E-005
  4.811167258278071E-005
  4.814195059456143E-005
  4.817204554637056E-005
  4.820195818372507E-005
  4.823168968170192E-005
  4.826124137105263E-005
  4.829061416264133E-005
  4.831980903436084E-005
  4.834882741968769E-005
  4.837767033033265E-005
  4.840633843692462E-005
  4.843483319863229E-005
  4.846315590324936E-005
  4.849130680302872E-005
  4.851928755620429E-005
  4.854709948344003E-005
  4.857474292523454E-005
  4.860221906674538E-005
  4.862952948330135E-005
  4.865667470842397E-005
  4.868365547492170E-005
  4.871047354704516E-005
  4.873712985999485E-005
  4.876362436956735E-005
  4.878995906793745E-005
  4.881613498481727E-005
  4.884215245488181E-005
  4.886801267221149E-005
  4.889371700186319E-005
  4.891926631179217E-005
  4.894466067471857E-005
  4.896990203942914E-005
  4.899499131638769E-005
  4.901992878006687E-005
  4.904471559861270E-005
  4.906935313847336E-005
  4.909384214328108E-005
  4.911818295576983E-005
  4.914237697801622E-005
  4.916642521980068E-005
  4.919032866101549E-005
  4.921408725077894E-005
  4.923770290746229E-005
  4.926117609782649E-005
  4.928450786196448E-005
  4.930769852220249E-005
  4.933074951083204E-005
  4.935366160168332E-005
  4.937643559195698E-005
  4.939907173391813E-005
  4.942157145260828E-005
  4.944393566917267E-005
  4.946616515224762E-005
  4.948825994275157E-005
  4.951022200048865E-005
  4.953205228191648E-005
  4.955375152832243E-005
  4.957531972346771E-005
  4.959675827000747E-005
  4.961806791279759E-005
  4.963924934726516E-005
  4.966030261237114E-005
  4.968122855441410E-005
  4.970202821800266E-005
  4.972270245103872E-005
  4.974325159508147E-005
  4.976367623282687E-005
  4.978397717717106E-005
  4.980415560875526E-005
  4.982421211796953E-005
  4.984414679622279E-005
  4.986396052264350E-005
  4.988365452029687E-005
  4.990322944772150E-005
  4.992268586286123E-005
  4.994202354730771E-005
  4.996124420767812E-005
  4.998034817317350E-005
  4.999933645774648E-005
  5.001820978262940E-005
  5.003696727261383E-005
  5.005561107838201E-005
  5.007414171648503E-005
  5.009255960876146E-005
  5.011086561172898E-005
  5.012905935141768E-005
  5.014714208750259E-005
  5.016511481869769E-005
  5.018297790221073E-005
  5.020073205166992E-005
  5.021837749786894E-005
  5.023591414077522E-005
  5.025334376773681E-005
  5.027066664253855E-005
  5.028788343719897E-005
  5.030499475509383E-005
  5.032200009730970E-005
  5.033890074820198E-005
  5.035569766024268E-005
  5.037239091949100E-005
  5.038898263291322E-005
  5.040547052434062E-005
  5.042185564029416E-005
  5.043813988632469E-005
  5.045432316771079E-005
  5.047040745823508E-005
  5.048639054848172E-005
  5.050227451308299E-005
  5.051805860712777E-005
  5.053374489399128E-005
  5.054933008570700E-005
  5.056482051360716E-005
  5.058021210833982E-005
  5.059550744382925E-005
  5.061070646146475E-005
  5.062581001564552E-005
  5.064081551638562E-005
  5.065572766877704E-005
  5.067054672367499E-005
  5.068526981014067E-005
  5.069990034045179E-005
  5.071443699259786E-005
  5.072888408253947E-005
  5.074323529637286E-005
  5.075749259205075E-005
  5.077166005884004E-005
  5.078573575198338E-005
  5.079971776314909E-005
  5.081360934051707E-005
  5.082741086388379E-005
  5.084112210737176E-005
  5.085474290296346E-005
  5.086827487217475E-005
  5.088171764397615E-005
  5.089507209080406E-005
  5.090833844941306E-005
  5.092151723470917E-005
  5.093460866102426E-005
  5.094761308069617E-005
  5.096052965038469E-005
  5.097335878222419E-005
  5.098610136976488E-005
  5.099875815447575E-005
  5.101132915422455E-005
  5.102381490007456E-005
  5.103621564154732E-005
  5.104853143747038E-005
  5.106076317074598E-005
  5.107291039475036E-005
  5.108497389812352E-005
  5.109695314225260E-005
  5.110884898299106E-005
  5.112066151303505E-005
  5.113239088828499E-005
  5.114403721355739E-005
  5.115560062000905E-005
  5.116708166129411E-005
  5.117848097691270E-005
  5.118979797554281E-005
  5.120103362103755E-005
  5.121218710236186E-005
  5.122325883550292E-005
  5.123424986243432E-005
  5.124516017166413E-005
  5.125598967568919E-005
  5.126673868327863E-005
  5.127740724138450E-005
  5.128799572215086E-005
  5.129850403610860E-005
  5.130893232685601E-005
  5.131928086280635E-005
  5.132954988556317E-005
  5.133973955209691E-005
  5.134984992571020E-005
  5.135988118926126E-005
  5.136983346112758E-005
  5.137970719546184E-005
  5.138950195793559E-005
  5.139921421372858E-005
  5.140884502646358E-005
  5.141839528055480E-005
  5.142787335855736E-005
  5.143727059999943E-005
  5.144659275544884E-005
  5.145583598685713E-005
  5.146500268126949E-005
  5.147409121589692E-005
  5.148310278597397E-005
  5.149203942455776E-005
  5.150089848441509E-005
  5.150967962780564E-005
  5.151838322734830E-005
  5.152701043006225E-005
  5.153555888216312E-005
  5.154403070684164E-005
  5.155242593400470E-005
  5.156074459493523E-005
  5.156898672199179E-005
  5.157715234778774E-005
  5.158524150497072E-005
  5.159325422546776E-005
  5.160119053927406E-005
  5.160905047630445E-005
  5.161683406341472E-005
  5.162454132620598E-005
  5.163217228786747E-005
  5.163972696944030E-005
  5.164720538891645E-005
  5.165460756231558E-005
  5.166193350259759E-005
  5.166918322008615E-005
  5.167635672207381E-005
  5.168345401331975E-005
  5.169047509544309E-005
  5.169741996712363E-005
  5.170428862396315E-005
  5.171108105886906E-005
  5.171779726166393E-005
  5.172443721902645E-005
  5.173100091510754E-005
  5.173748833047349E-005
  5.174389944309463E-005
  5.175023422802010E-005
  5.175649265723881E-005
  5.176267469996393E-005
  5.176878032232705E-005
  5.177480948779943E-005
  5.178076215667196E-005
  5.178663828683258E-005
  5.179243783260162E-005
  5.179816074647994E-005
  5.180380697755767E-005
  5.180937647221768E-005
  5.181486917434920E-005
  5.182028502480088E-005
  5.182562396216072E-005
  5.183088592189145E-005
  5.183607083713781E-005
  5.184117863825101E-005
  5.184620925014761E-005
  5.185116258418611E-005
  5.185603853725064E-005
  5.186083698973951E-005
  5.186555780702115E-005
  5.187020083776091E-005
  5.187476591474393E-005
  5.187925285459570E-005
  5.188366145733718E-005
  5.188799150673052E-005
  5.189224277118907E-005
  5.189641500286656E-005
  5.190050793943722E-005
  5.190452130412653E-005
  5.190845480718285E-005
  5.191230814678745E-005
  5.191608101105009E-005
  5.191977307966647E-005
  5.192338402596593E-005
  5.192691351989149E-005
  5.193036123031998E-005
  5.193372682819332E-005
  5.193700999003212E-005
  5.194021040106180E-005
  5.194332775954660E-005
  5.194636177966606E-005
  5.194931219670302E-005
  5.195217877021686E-005
  5.195496128870579E-005
  5.195765957383600E-005
  5.196027348456098E-005
  5.196280292146333E-005
  5.196524783121540E-005
  5.196760821047587E-005
  5.196988411028284E-005
  5.197207563971420E-005
  5.197418297031507E-005
  5.197620633919367E-005
  5.197814605322080E-005
  5.198000249194194E-005
  5.198177611116136E-005
  5.198346744555289E-005
  5.198507711178447E-005
  5.198660581072536E-005
  5.198805432996111E-005
  5.198942354540530E-005
  5.199071442334790E-005
  5.199192802150627E-005
  5.199306549014616E-005
  5.199412807254770E-005
  5.199511710535764E-005
  5.199603401833650E-005
  5.199688033349182E-005
  5.199765766403457E-005
  5.199836771252444E-005
  5.199901226858127E-005
  5.199959320590489E-005
  5.200011247854921E-005
  5.200057211667831E-005
  5.200097422140629E-005
  5.200132095879860E-005
  5.200161455314644E-005
  5.200185727926989E-005
  5.200205145389396E-005
  5.200219942601714E-005
  5.200230356635675E-005
  5.200236625566874E-005
  5.200238987209068E-005
  5.200237677741407E-005
  5.200232930230295E-005
  5.200224973049687E-005
  5.200214028203224E-005
  5.200200309551174E-005
  5.200184020951334E-005
  5.200165354321082E-005
  5.200144487631684E-005
  5.200121582847929E-005
  5.200096783826844E-005
  5.200070214193368E-005
  5.200041975212522E-005
  5.200012143681571E-005
  5.199980769867174E-005
  5.199947875517919E-005
  5.199913451995450E-005
  5.199877458557434E-005
  5.199839820859342E-005
  5.199800429741768E-005
  5.199759140388155E-005
  5.199715771963427E-005
  5.199670107876970E-005
  5.199621896824942E-005
  5.199570854837033E-005
  5.199516668528334E-005
  5.199458999831986E-005
  5.199397492427472E-005
  5.199331780097241E-005
  5.199261497055880E-005
  5.199186290154132E-005
  5.199105832503412E-005
  5.199019837671720E-005
  5.198928073103321E-005
  5.198830371032856E-005
  5.198726635010837E-005
  5.198616840516564E-005
  5.198501029040180E-005
  5.198379296283684E-005
  5.198251776449639E-005
  5.198118625313228E-005
  5.197980004709036E-005
  5.197836070258187E-005
  5.197686963171768E-005
  5.197532805901155E-005
  5.197373700925405E-005
  5.197209731680863E-005
  5.197040964726398E-005
  5.196867452466315E-005
  5.196689235912539E-005
  5.196506347227660E-005
  5.196318811881750E-005
  5.196126650435702E-005
  5.195929879900458E-005
  5.195728514789366E-005
  5.195522567874257E-005
  5.195312050724734E-005
  5.195096974084629E-005
  5.194877348138851E-005
  5.194653182676239E-005
  5.194424487204528E-005
  5.194191271019477E-005
  5.193953543249917E-005
  5.193711312884496E-005
  5.193464588794570E-005
  5.193213379729265E-005
  5.192957694341386E-005
  5.192697541168917E-005
  5.192432928649916E-005
  5.192163865119493E-005
  5.191890358805716E-005
  5.191612417841351E-005
  5.191330050248293E-005
  5.191043263933982E-005
  5.190752066714274E-005
  5.190456466289432E-005
  5.190156470254523E-005
  5.189852086092001E-005
  5.189543321164617E-005
  5.189230182743373E-005
  5.188912677972380E-005
  5.188590813886703E-005
  5.188264597393931E-005
  5.187934035306083E-005
  5.187599134299944E-005
  5.187259900941552E-005
  5.186916341673419E-005
  5.186568462822003E-005
  5.186216270593710E-005
  5.185859771052885E-005
  5.185498970171655E-005
  5.185133873771126E-005
  5.184764487553549E-005
  5.184390817097823E-005
  5.184012867855940E-005
  5.183630645130973E-005
  5.183244154127261E-005
  5.182853399887964E-005
  5.182458387343040E-005
  5.182059121280824E-005
  5.181655606348891E-005
  5.181247847077107E-005
  5.180835735790065E-005
  5.180419178613074E-005
  5.179998341473362E-005
  5.179573275770696E-005
  5.179143997729293E-005
  5.178710514341006E-005
  5.178272830124491E-005
  5.177830948855892E-005
  5.177384874021292E-005
  5.176934608925502E-005
  5.176480156710413E-005
  5.176021520374223E-005
  5.175558702759820E-005
  5.175091706559300E-005
  5.174620534309442E-005
  5.174145188400985E-005
  5.173665671073112E-005
  5.173181984392946E-005
  5.172694130282656E-005
  5.172202110508109E-005
  5.171705926671072E-005
  5.171205580214522E-005
  5.170701072423144E-005
  5.170192404410680E-005
  5.169679577144804E-005
  5.169162591411561E-005
  5.168641447838242E-005
  5.168116146881717E-005
  5.167586688839309E-005
  5.167053073828565E-005
  5.166515301803801E-005
  5.165973372545722E-005
  5.165427285663902E-005
  5.164877040589129E-005
  5.164322636584416E-005
  5.163764072729412E-005
  5.163201347934363E-005
  5.162634460924363E-005
  5.162063410244464E-005
  5.161488194264673E-005
  5.160908811166152E-005
  5.160325258958248E-005
  5.159737535444436E-005
  5.159145638267745E-005
  5.158549564856953E-005
  5.157949312482917E-005
  5.157344793003498E-005
  5.156735750578423E-005
  5.156122430224261E-005
  5.155504884875462E-005
  5.154883117917742E-005
  5.154257126168571E-005
  5.153626905405385E-005
  5.152992451115939E-005
  5.152353758584497E-005
  5.151710822868195E-005
  5.151063638837615E-005
  5.150412201150124E-005
  5.149756504260842E-005
  5.149096542411818E-005
  5.148432309638328E-005
  5.147763799756287E-005
  5.147091006391228E-005
  5.146413922929028E-005
  5.145732542559524E-005
  5.145046858236638E-005
  5.144356862717439E-005
  5.143662548525427E-005
  5.142963907960105E-005
  5.142260933112368E-005
  5.141553615842120E-005
  5.140841947781350E-005
  5.140125920332518E-005
  5.139405524676993E-005
  5.138680751768137E-005
  5.137951592308733E-005
  5.137218036801256E-005
  5.136480075482695E-005
  5.135737698362174E-005
  5.134990895225793E-005
  5.134239655608656E-005
  5.133483968796966E-005
  5.132723823853195E-005
  5.131959209576988E-005
  5.131190114537137E-005
  5.130416527052853E-005
  5.129638435184764E-005
  5.128855826755461E-005
  5.128068689326897E-005
  5.127277010208390E-005
  5.126480776465668E-005
  5.125679974872809E-005
  5.124874591991022E-005
  5.124064614097390E-005
  5.123250027207999E-005
  5.122430817061050E-005
  5.121606969170442E-005
  5.120778468718562E-005
  5.119945300683436E-005
  5.119107449741210E-005
  5.118264900287431E-005
  5.117417636469143E-005
  5.116565642115408E-005
  5.115708900820884E-005
  5.114847395880672E-005
  5.113981110306714E-005
  5.113110026819464E-005
  5.112234127875336E-005
  5.111353395616955E-005
  5.110467811913034E-005
  5.109577358337668E-005
  5.108682016163977E-005
  5.107781766394546E-005
  5.106876589690361E-005
  5.105966466438310E-005
  5.105051376727985E-005
  5.104131300336960E-005
  5.103206216721423E-005
  5.102276105064494E-005
  5.101340944202588E-005
  5.100400712679877E-005
  5.099455388685771E-005
  5.098504950176971E-005
  5.097549374687746E-005
  5.096588639533083E-005
  5.095622721569970E-005
  5.094651597483943E-005
  5.093675243513263E-005
  5.092693635598955E-005
  5.091706749369417E-005
  5.090714560091509E-005
  5.089717042697858E-005
  5.088714171754622E-005
  5.087705921543494E-005
  5.086692265944879E-005
  5.085673178492008E-005
  5.084648632379929E-005
  5.083618600443729E-005
  5.082583055154270E-005
  5.081541968639858E-005
  5.080495312610916E-005
  5.079443058459050E-005
  5.078385177180229E-005
  5.077321639424518E-005
  5.076252415416635E-005
  5.075177475007821E-005
  5.074096787680524E-005
  5.073010322555210E-005
  5.071918048287719E-005
  5.070819933200221E-005
  5.069715945167817E-005
  5.068606051719753E-005
  5.067490219905092E-005
  5.066368416392014E-005
  5.065240607440781E-005
  5.064106758911199E-005
  5.062966836146137E-005
  5.061820804147385E-005
  5.060668627472341E-005
  5.059510270216551E-005
  5.058345695979371E-005
  5.057174868050779E-005
  5.056067129505778E-005
  5.054974881269575E-005
  5.053876837662330E-005
  5.052772959257310E-005
  5.051663206395240E-005
  5.050547538833454E-005
  5.049425915997256E-005
  5.048298296770031E-005
  5.047164639604459E-005
  5.046024902464220E-005
  5.044879042755834E-005
  5.043727017500696E-005
  5.042568783039330E-005
  5.041404295389533E-005
  5.040233509997072E-005
  5.039056381634497E-005
  5.037872864686539E-005
  5.036682912909725E-005
  5.035486479544244E-005
  5.034283517271909E-005
  5.033073978112607E-005
  5.031857813613716E-005
  5.030634974567227E-005
  5.029405411336548E-005
  5.028169073481889E-005
  5.026925910019939E-005
  5.025675869237871E-005
  5.024418898779331E-005
  5.023154945763429E-005
  5.021883956361927E-005
  5.020605876127761E-005
  5.019320649891259E-005
  5.018028221707912E-005
  5.016728534855500E-005
  5.015421531849446E-005
  5.014107154280259E-005
  5.012785342984419E-005
  5.011456037925812E-005
  5.010119178110408E-005
  5.008774701716191E-005
  5.007422545859157E-005
  5.006062646737633E-005
  5.004694939446584E-005
  5.003319358127427E-005
  5.001935835778244E-005
  5.000544304193285E-005
  4.999144694171346E-005
  4.997736934987784E-005
  4.996320954864844E-005
  4.994896707565362E-005
  4.993464084843794E-005
  4.992023006684404E-005
  4.990573397035477E-005
  4.989115145313762E-005
  4.987648270651881E-005
  4.986172636432954E-005
  4.984688158421668E-005
  4.983194750262661E-005
  4.981692323680471E-005
  4.980180788337450E-005
  4.978660051462310E-005
  4.977130018033130E-005
  4.975590590439868E-005
  4.974041668508914E-005
  4.972483148990643E-005
  4.970914925920826E-005
  4.969336890046288E-005
  4.967748928623190E-005
  4.966150925307600E-005
  4.964542759897704E-005
  4.962924308021487E-005
  4.961295441008433E-005
  4.959656025358264E-005
  4.958005922345600E-005
  4.956344988034393E-005
  4.954673072378270E-005
  4.952990019329705E-005
  4.951295665366070E-005
  4.949589840221361E-005
  4.947872365355145E-005
  4.946143053617021E-005
  4.944401708524622E-005
  4.942648123533345E-005
  4.940882080542958E-005
  4.939103350090022E-005
  4.937311689107579E-005
  4.935506840703180E-005
  4.933688531537366E-005
  4.931856472056281E-005
  4.930010353442274E-005
  4.928149846463747E-005
  4.926274599404960E-005
  4.924384235646669E-005
  4.922478351351207E-005
  4.920556512592768E-005
  4.918618252294257E-005
  4.916663066494985E-005
  4.914690411652143E-005
  4.912699698614381E-005
  4.910690288289701E-005
  4.908661487962887E-005
  4.906612542396626E-005
  4.904542629625788E-005
  4.902450851989596E-005
  4.900336227801303E-005
  4.898197682255795E-005
  4.896034036837984E-005
  4.893843996155387E-005
  4.891626135768861E-005
  4.889378886149749E-005
  4.887100515017243E-005
  4.884789106169847E-005
  4.882442536001086E-005
  4.880058453654064E-005
  4.877634342105229E-005
  4.875167910923770E-005
  4.872655217360939E-005
  4.870093617209353E-005
  4.867478801166687E-005
  4.864806617997657E-005
  4.862072151838045E-005
  4.859270426760049E-005
  4.856395475108855E-005
  4.853440965238146E-005
  4.850399916655793E-005
  4.847264624952960E-005
  4.844026605468453E-005
  4.840676531874320E-005
  4.837204173552761E-005
  4.833598329160304E-005
  4.829846760665639E-005
  4.825936123853816E-005
  4.821851895575164E-005
  4.817578297596829E-005
  4.813098204699849E-005
  4.808393032354011E-005
  4.803442575054373E-005
  4.798224362639095E-005
  4.792846913766279E-005
  4.787456892592298E-005
  4.782054832876761E-005
  4.776642166184483E-005
  4.771221324406290E-005
  4.765795874663651E-005
  4.760370651502445E-005
  4.754951894980166E-005
  4.749547388302334E-005
  4.744166594607143E-005
  4.738820791558740E-005
  4.733523198821521E-005
  4.728289089997198E-005
  4.723135887123376E-005
  4.718083227159339E-005
  4.713152994117507E-005
  4.708369303383580E-005
  4.703758438495952E-005
  4.699348718543420E-005
  4.695170291624509E-005
  4.691254817547048E-005
  4.687634768797502E-005
  4.684344121374399E-005
  4.681419300382795E-005
  4.678890164692281E-005
  4.676789366931039E-005
  4.675146532158401E-005
  4.673987659071480E-005
  4.673333891959264E-005
  4.673200041521985E-005
  4.673592907084637E-005
  4.674509426374716E-005
  4.675934654150733E-005
  4.677839632688375E-005
  4.680179200313924E-005
  4.682889846469418E-005
  4.685887754984997E-005
  4.689067227623290E-005
  4.692299767270273E-005
  4.695434191844176E-005
  4.698298322390916E-005
  4.700703094211751E-005
  4.702450537064968E-005
  4.703348383017950E-005
  4.703236901322511E-005
  4.702038895447716E-005
  4.699843165184989E-005
  4.696963209233646E-005
  4.693781564464995E-005
  4.690500424924727E-005
  4.687176184595906E-005
  4.683819209755192E-005
  4.680431674133800E-005
  4.677014499154885E-005
  4.673568213026133E-005
  4.670093171133572E-005
  4.666589620263890E-005
  4.663057713796045E-005
  4.659497536807797E-005
  4.655909109328214E-005
  4.652292406645161E-005
  4.648647356694140E-005
  4.644973857274581E-005
  4.641271772713374E-005
  4.637540944553335E-005
  4.633781188045967E-005
  4.629992303559873E-005
  4.626174069619592E-005
  4.622326250294846E-005
  4.618448596071234E-005
  4.614540843051493E-005
  4.610602713685283E-005
  4.606633923283654E-005
  4.602639661468628E-005
  4.598676748849708E-005
  4.594623083595869E-005
  4.590537230293463E-005
  4.586418856796550E-005
  4.582267592978637E-005
  4.578083045300390E-005
  4.573864803656908E-005
  4.569612440032989E-005
  4.565325511165953E-005
  4.561003552744843E-005
  4.556646078654321E-005
  4.552252569193883E-005
  4.547809437647566E-005
  4.543294179912691E-005
  4.538712166005236E-005
  4.534175461911818E-005
  4.529604265336079E-005
  4.524998731228580E-005
  4.520360071256218E-005
  4.515690419689286E-005
  4.510993404802464E-005
  4.506275041603219E-005
  4.501545140968274E-005
  4.496819382947210E-005
  4.492122063637980E-005
  4.487489203307999E-005
  4.482970928301372E-005
  4.478631044496391E-005
  4.474540516042244E-005
  4.470831374728733E-005
  4.467474492352084E-005
  4.464163335990193E-005
  4.460900240104363E-005
  4.457602493813930E-005
  4.454250888213734E-005
  4.451027538937574E-005
  4.447947225012561E-005
  4.444822561076059E-005
  4.441824291893709E-005
  4.438835987994139E-005
  4.435877902221650E-005
  4.432993313516566E-005
  4.430135345329286E-005
  4.427325616337777E-005
  4.424513218777870E-005
  4.421853792821047E-005
  4.419183426682728E-005
  4.416282412487694E-005
  4.413424664349526E-005
  4.410601267386504E-005
  4.407814421382443E-005
  4.405066404167585E-005
  4.402354080623136E-005
  4.399684817430402E-005
  4.397048010422730E-005
  4.394443257832680E-005
  4.391882700377694E-005
  4.389357551504433E-005
  4.386871864509953E-005
  4.384438719110110E-005
  4.382012939510364E-005
  4.379615056884287E-005
  4.377249653697734E-005
  4.374936713087569E-005
  4.372681566959093E-005
  4.370439211645656E-005
  4.368246598025848E-005
  4.366037365753107E-005
  4.363851853733452E-005
  4.361692802853264E-005
  4.359582501202261E-005
  4.357476435948880E-005
  4.355393966965201E-005
  4.353344605015188E-005
  4.345364614175583E-005
  4.335953330305078E-005
  4.326503755595879E-005
  4.317002608506853E-005
  4.307443006119776E-005
  4.297821191807069E-005
  4.288136478692868E-005
  4.278384280388794E-005
  4.268559998704667E-005
  4.258662363067641E-005
  4.248684824232191E-005
  4.238626446893368E-005
  4.228480142840726E-005
  4.218241738467162E-005
  4.207908011322927E-005
  4.197475691320787E-005
  4.186938688766343E-005
  4.176290426241299E-005
  4.165529412428852E-005
  4.154649030227967E-005
  4.143642985529402E-005
  4.132505079941143E-005
  4.121229229380180E-005
  4.109810626093266E-005
  4.098243062672828E-005
  4.086520024201942E-005
  4.074634655462169E-005
  4.062580208877822E-005
  4.050349419707424E-005
  4.037934564279823E-005
  4.025327885994202E-005
  4.012521024453166E-005
  3.999505971306644E-005
  3.986273293876240E-005
  3.972814122834618E-005
  3.959118641143467E-005
  3.945176922004759E-005
  3.930978738023308E-005
  3.916513517298374E-005
  3.901769289387479E-005
  3.886734653775672E-005
  3.871397295422635E-005
  3.855744223607580E-005
  3.839762266228850E-005
  3.823432802361770E-005
  3.806743193904433E-005
  3.789680757481864E-005
  3.772229103037312E-005
  3.754371994759748E-005
  3.736089841110896E-005
  3.717365543908022E-005
  3.698179807206325E-005
  3.678512490481353E-005
  3.658341891861608E-005
  3.637645450398121E-005
  3.616400267332052E-005
  3.594581126103988E-005
  3.572162427238626E-005
  3.549116344049746E-005
  3.525414333961935E-005
  3.501023530553963E-005
  3.475912975058710E-005
  3.450051045381963E-005
  3.423402267604072E-005
  3.395926097386965E-005
  3.367579241253846E-005
  3.338327470541316E-005
  3.308129671217829E-005
  3.276935724762797E-005
  3.244697471763028E-005
  3.211361402363743E-005
  3.176872516829883E-005
  3.141172937053214E-005
  3.104204455222537E-005
  3.065902570980944E-005
  3.026196765752666E-005
  2.985014302337195E-005
  2.942284655020709E-005
  2.897922285144405E-005
  2.851844181921087E-005
  2.803960688621775E-005
  2.754177466330373E-005
  2.702398289413003E-005
  2.648515109307086E-005
  2.592421456329973E-005
  2.534002129378733E-005
  2.473134099148811E-005
  2.409698921684848E-005
  2.343570566370430E-005
  2.274600171980430E-005
  2.202666072009810E-005
  2.127624601747030E-005
  2.049332505018207E-005
  1.967621771618942E-005
  1.882378887144538E-005
  1.793373339707705E-005
  1.700581094961749E-005
